dateOfTrade,tradeID,product,buyingParty,sellingParty,notionalAmount,notionalCurrency,quantity,maturityDate,underlyingPrice,underlyingCurrency,strikePrice
23/08/2012 00:00,UQAXBDAB97971992,Traveler Charms,EDYH00,AMBT33,133624.0,USD,800,15/06/2015,167.03,USD,151.88
23/08/2012 00:00,GYUPUILO61061434,Stocks,EIWJ22,IIZF28,8565600.0,USD,80000,26/01/2016,107.07,USD,91.5
23/08/2012 00:01,XFGVKCWF36209601,Stocks,WVEI17,NQJL85,2297700.0,USD,30000,04/10/2014,255.47,SLL,71.72
23/08/2012 00:01,SAXGKNBO04783222,Stocks,UIKN63,IIZF28,6424200.0,USD,60000,25/09/2017,107.07,USD,115.93
23/08/2012 00:01,UZGOFZMH50742596,Stocks,ZELV96,DBCS17,6186711.96,KYD,9000,18/01/2014,89.02,USD,568.08
23/08/2012 00:01,KJCUMEFP54009404,Stocks,ZXVX98,IBLA29,1692538.92,LAK,900,18/02/2014,436.0,USD,1683.66
23/08/2012 00:01,EUCAJQHR90472721,Stocks,RDBE21,HYSJ42,10533779.78,BBD,400,17/11/2017,267.3,USD,22013.35
23/08/2012 00:02,NAKWQTFN29360027,Duff,VVXA11,WIZJ73,239224.0,USD,800,19/02/2014,299.03,USD,309.42
23/08/2012 00:02,ABXAMDLU58804363,Stocks,HNLV68,KRXZ15,238512258.99,BRL,90000,30/10/2014,238.99,USD,2918.53
23/08/2012 00:02,VVVSROLQ74157362,Stocks,AGBH66,MYXF05,30660.0,USD,2000,09/11/2015,15.33,USD,13.88
23/08/2012 00:02,CRERNSJN75233319,Golden Fleeces,GSTD71,SWGF93,361100.0,USD,2000,20/06/2015,180.55,USD,161.42
23/08/2012 00:03,NOWMTEKG58576761,Stocks,IBLA29,SMYT95,133965.0,USD,900,10/11/2015,914.98,AOA,139.69
23/08/2012 00:03,DDUPGSCT10302235,Stocks,OKYS51,EWUY52,166550.0,USD,1000,29/05/2016,166.55,USD,140.55
23/08/2012 00:03,GNTWCNHL38424289,Pressures,MDEQ10,SWGF93,227656.0,USD,400,15/02/2014,569.14,USD,520.14
23/08/2012 00:03,FDODQFKH23369748,Cockatrice Claws,HSWX88,PBFW95,48780.0,USD,9000,07/11/2016,5.42,USD,5.7
23/08/2012 00:03,MXHXQRQW32736067,Zoom Lens,TRFG21,CMOI26,1007360.0,USD,4000,29/01/2016,766.05,ISK,224.82
23/08/2012 00:03,VAQUXFIG44275807,Stocks,WVEI17,DBCS17,284598364.32,INR,90000,02/05/2015,89.02,USD,3657.02
23/08/2012 00:03,XHFZASOE83471436,V-Tamer Taags,QETH27,RDBE21,46280.0,USD,400,17/02/2016,115.7,USD,115.67
23/08/2012 00:04,ZFTPFQVR92287840,Vestiges,JCWS17,SZRJ90,1594196.32,UYU,100,19/10/2017,16645.88,BOB,17077.04
23/08/2012 00:05,RRTUCTEH30752415,Stocks,OUNH49,VIMV38,494460.0,USD,3000,27/02/2017,11117.72,MUR,174.33
23/08/2012 00:05,KDJDAROY82312737,Cloaks of Protection,SMYT95,SBUT62,1575963.98,LYD,700,15/09/2014,212.04,USD,2491.71
23/08/2012 00:05,TUWSACFS09504624,Potions of Oil,NQJL85,TKVF94,2714716.33,GNF,700,29/10/2017,31.31,USD,4186.64
23/08/2012 00:05,PWXHZPSH12951108,Stocks,EPZN28,HPTP65,438971.62,SVC,400,20/12/2015,234.91,USD,1218.85
23/08/2012 00:05,FBEOQJUK32725715,Soma Drops,RJCA92,OCQF34,37311.0,USD,300,25/12/2017,124.37,USD,111.24
23/08/2012 00:06,EUOGQKCZ45985776,Pipboys,RJUD59,DDIB11,67772.0,USD,400,03/09/2017,169.43,USD,161.54
23/08/2012 00:06,EWUDHVHX11505702,Stocks,ZEHM52,ITTS26,95676353.43,HRK,6000,15/12/2014,158.15,USD,14043.52
23/08/2012 00:06,UEPNNOQU31352177,Stocks,DVVB31,OHKH76,22930.0,USD,1000,20/08/2016,22.93,USD,18.79
23/08/2012 00:06,BOSOUHVV63834567,Stocks,KTLA69,ZMLP81,3867.0,USD,100,27/06/2013,38.67,USD,31.42
23/08/2012 00:07,LNJQXURQ43631247,Hero Association Mugs,TQSJ85,ZMLP81,42723.0,USD,900,10/08/2014,47.47,USD,51.04
23/08/2012 00:07,BOPUYCVJ05173404,Rocky Helmets,VKMV12,AHMZ79,1009600.0,USD,4000,13/07/2015,252.4,USD,211.59
23/08/2012 00:07,SPQKRHDR73689704,Stocks,WVEI17,GSTD71,626640.0,USD,6000,15/12/2016,104.44,USD,95.1
23/08/2012 00:07,QETYVTCW25276141,Catbuses,FGVK43,DREA89,3312800.0,USD,5000,07/01/2017,662.56,USD,484.47
23/08/2012 00:08,GORQMDYJ99638311,Muscle Bands,MFZY76,EDYH00,219840.0,USD,800,11/03/2017,274.8,USD,327.84
23/08/2012 00:08,BVEVYTVH70481581,Sigils,TBVE46,DDIB11,127232.0,USD,800,10/04/2015,159.04,USD,144.3
23/08/2012 00:08,CHJIOITX46467041,Gold Bolts,SUOX82,PNFK78,886080.0,USD,3000,26/10/2015,295.36,USD,265.84
23/08/2012 00:08,QVJNNZLP63318758,Stocks,RJUD59,UWUK72,243167.17,SCR,500,14/10/2013,121.06,USD,525.91
23/08/2012 00:09,XKDGMJVV86700754,Destiny Knots,KKZA87,XRBV61,80701.23,STD,500,14/02/2017,29.07,USD,131.82
23/08/2012 00:09,ISAKPZKL99002755,Boom Brooms,XHYN07,THJF58,1079050.0,USD,7000,13/03/2015,154.15,USD,169.17
23/08/2012 00:09,DXHCWFNC57996633,Azath Houses,SMYT95,TFLS35,617190.0,USD,3000,26/03/2013,205.73,USD,170.83
23/08/2012 00:09,ULWYIJGI80769772,Stocks,INIL60,PNFK78,132919677.36,PYG,90000,13/04/2017,165.52,USD,1222.41
23/08/2012 00:09,ORXBXFKD25153082,Stocks,KRRO64,ORQH73,24790400.0,USD,80000,13/04/2013,309.88,USD,281.04
23/08/2012 00:09,FFUASDPZ41921278,Wise Glasses,IZLM67,AYIH50,216522.0,USD,900,23/05/2017,240.58,USD,225.14
23/08/2012 00:09,YRXHAASH08422204,Stocks,NCYN50,ORQH73,887446.74,SRD,400,09/02/2014,309.88,USD,2448.76
23/08/2012 00:10,HAKGIIBJ91034651,Stocks,QAZT26,FGQR22,75000.0,USD,5000,21/11/2014,15.0,USD,13.97
23/08/2012 00:10,PHLUGCFK06400140,Turbo Ethers,KKGI60,VPTI00,278670.0,USD,7000,13/09/2016,39.81,USD,42.93
23/08/2012 00:11,MLZKLQQD79968658,Stocks,LKPN86,GBEZ65,6637.0,USD,100,12/02/2017,66.37,USD,53.24
23/08/2012 00:11,KKQDPYKB88310915,Stocks,DVVB31,FGQR22,75000.0,USD,5000,14/05/2015,15.0,USD,13.03
23/08/2012 00:11,LQRSACTJ07466038,Mermaid Coins,WYFO79,FAWI50,15882.0,USD,100,11/10/2017,421.32,PGK,196.03
23/08/2012 00:11,EOKBOXGC71635211,Stocks,GIWG34,VCSF07,34120.0,USD,1000,26/08/2013,34.12,USD,38.71
23/08/2012 00:11,XOPWQSLD49211316,Stocks,FGVK43,ZEHM52,72639.0,USD,700,27/12/2017,103.77,USD,115.22
23/08/2012 00:11,ACRZRBXY18519186,Stocks,ZDAI73,DBCS17,8902.0,USD,100,26/05/2015,604.56,MXN,68.93
23/08/2012 00:12,XRQDARZK57016564,Stations,NXTO39,YFAM59,855450.0,USD,3000,03/02/2015,285.15,USD,258.68
23/08/2012 00:12,LCLVFUBJ47188668,Golden Fleeces,WIZJ73,SWGF93,14444000.0,USD,80000,01/01/2017,180.55,USD,164.82
23/08/2012 00:12,DREMFIAJ07574943,Stocks,QBVN33,PVAZ61,1017462.84,FJD,700,09/09/2015,160.39,USD,1368.32
23/08/2012 00:12,FJNWXGSD94010928,Stocks,GGLV00,TYAE14,70368.0,USD,800,12/04/2014,87.96,USD,74.78
23/08/2012 00:13,GLOAIPOU67348627,Assault Vests,KTLA69,LIIS96,1110450.0,USD,3000,06/11/2013,370.15,USD,407.58
23/08/2012 00:13,ECUNNDYH84163777,Stocks,AGBH66,VVBY18,2473200.0,USD,60000,19/03/2013,41.22,USD,41.96
23/08/2012 00:13,JHTHUTVF83964781,Stocks,YTAI13,QBVN33,163546.7,YER,300,11/11/2017,75.61,USD,490.32
23/08/2012 00:13,INSLIYMF49831410,Stocks,ESPL27,DREA89,20745.0,USD,300,04/09/2017,69.15,USD,64.7
23/08/2012 00:13,RYHIYESH45127514,Gundams,RJUD59,SBUT62,3044311.3,TZS,700,16/04/2014,415.24,USD,4908.71
23/08/2012 00:14,OIOGULRI94388397,Pixie Disks,AHMZ79,UFAY59,282048.0,USD,800,28/03/2014,352.56,USD,409.97
23/08/2012 00:14,RJJPBUDE25113894,Stocks,AHMZ79,IZLM67,523360.0,USD,8000,29/08/2015,635.36,PKR,74.31
23/08/2012 00:15,DFQHBNHO68228373,Nefarious Security Cards,JCWS17,AMRO66,26936000.0,USD,70000,17/06/2017,384.8,USD,406.28
23/08/2012 00:15,HAWYSMYS89122703,Stocks,EPZN28,AWYB85,480760.0,USD,4000,27/04/2014,120.19,USD,126.55
23/08/2012 00:15,CLNFTVRE33684730,Toxic Orbs,ZDAI73,QXFF29,15477.0,USD,700,07/09/2017,22.11,USD,23.8
23/08/2012 00:15,KJKNQOMW19755726,Stocks,VGYT30,SEKK26,43910.0,USD,500,19/12/2015,87.82,USD,91.24
23/08/2012 00:16,QCMHBWZG05766633,Stocks,QCRG59,QHXJ50,68167.96,KGS,100,31/05/2016,90.26,USD,644.52
23/08/2012 00:16,ENHGKGHA78180480,Stocks,XRBV61,FJOI82,44688.0,USD,400,29/11/2013,111.72,USD,100.06
23/08/2012 00:17,AOCKOGYD60992421,Evangelions,EMNK67,NGBA40,24308400.0,USD,60000,27/09/2015,405.14,USD,334.92
23/08/2012 00:17,FRBPNZWO19518954,Stocks,OPZI26,WWNS72,249940.0,USD,1000,31/03/2017,249.94,USD,284.68
23/08/2012 00:17,GYRHNMAT89628863,Stocks,WHPS18,PQSW95,41853.33,NZD,900,16/11/2016,240.89,TZS,41.56
23/08/2012 00:17,YVQQOALZ27933366,Rings of Warning,KKGY69,HNLV68,610380.0,USD,3000,30/06/2016,203.46,USD,203.99
23/08/2012 00:18,PQKAAJAI87683743,Pandora Boxes,ZSXF19,VIMV38,11164000.0,USD,80000,12/03/2016,139.55,USD,153.47
23/08/2012 00:18,FDOHMZVM89921844,Stocks,HWHS51,FAWI50,523120.0,USD,2000,29/03/2016,261.56,USD,291.17
23/08/2012 00:18,OJKXRNBM21901536,Bombchus,OHKH76,OPET16,12201300.0,USD,30000,02/09/2017,406.71,USD,373.24
23/08/2012 00:18,XEMSDWHO08906067,Stocks,WWNS72,SWGF93,92960.0,USD,2000,19/01/2014,46.48,USD,41.25
23/08/2012 00:19,JZVEXIIM78401323,Hero Association Mugs,IZTD25,ZMLP81,284820.0,USD,6000,05/12/2017,47.47,USD,52.41
23/08/2012 00:19,ZDTIFYSH45608643,CodeBots,VGYT30,ZBIO05,610143.48,NPR,9000,19/10/2017,51.32,USD,62.65
23/08/2012 00:19,ZYHETRFX60893746,Ninja Info Cards,QBAP68,EKXA24,3797820.0,USD,9000,23/11/2015,421.98,USD,477.86
23/08/2012 00:19,SOCIGPPI89907852,Stocks,MDEQ10,SFZS08,171693.0,USD,900,27/04/2017,190.77,USD,208.14
23/08/2012 00:19,LSHZDFTH71743965,Key of Kings,SXTM39,KKZA87,2450008.1,XAF,4000,27/09/2013,150.87,USD,576.07
23/08/2012 00:20,HCUQYNDZ85052780,Stocks,SMYT95,HHFP66,31253.51,BND,500,23/12/2015,167.31,USD,66.69
23/08/2012 00:21,RKQECXYA35378270,Stocks,HWHS51,UHOG52,5866.0,USD,200,24/08/2013,29.33,USD,32.44
23/08/2012 00:21,MPQJEREN20020701,Pixie Disks,OKYS51,UFAY59,718605.42,KZT,500,29/03/2016,352.56,USD,1667.6
23/08/2012 00:21,ASKAXXYN91077283,Stocks,MRAH32,SMYT95,316255.64,GYD,600,05/04/2015,148.85,USD,451.59
23/08/2012 00:21,CKVSHHSE26277988,Stocks,VESX21,SFZS08,572310.0,USD,3000,01/10/2015,190.77,USD,202.18
23/08/2012 00:22,WKJQLTFU73992484,Nefarious Security Cards,KKGY69,AMRO66,269360.0,USD,700,24/05/2013,384.8,USD,451.56
23/08/2012 00:22,YRMEMLNV99834528,Stocks,YCZA59,EKXA24,28024.0,USD,400,18/02/2016,70.06,USD,76.8
23/08/2012 00:22,FVUBQGZJ20789616,Ultra Balls,ZNQA84,SAAM06,68920.0,USD,800,01/01/2014,86.15,USD,67.81
23/08/2012 00:22,ZCZGQOJO41752651,Limit Break Manuals,EPZN28,HSWX88,64026.0,USD,600,11/07/2013,106.71,USD,129.33
23/08/2012 00:23,QKTNQJXP19844483,Fusion Loaders,UHOG52,HHOA99,106920.0,USD,500,19/04/2016,213.84,USD,200.32
23/08/2012 00:23,RIJGFSDN97875527,Stocks,NGBA40,UFAY59,11386768.32,BWP,30000,17/12/2014,121.56,USD,356.72
23/08/2012 00:24,LVIJZVVB85823038,Stocks,NCXS33,CUVZ50,13626.0,USD,200,25/12/2015,68.13,USD,67.88
23/08/2012 00:24,AWGAGXXV71821289,Hope,INIL60,RJUD59,169470.0,USD,900,01/02/2014,188.3,USD,174.18
23/08/2012 00:25,DXCGTJGK97535012,Nanomachines,KRRO64,MDEQ10,65037.0,USD,300,19/02/2014,216.79,USD,223.97
23/08/2012 00:25,DEBZMVRX14146178,Dragon Scales,CUVZ50,KTLA69,15694653.79,AWG,7000,04/02/2015,236.81,USD,2473.16
23/08/2012 00:27,XPEVLVWN62935211,Cloaks of Displacement,PIFN94,NXTO39,1921221.52,UYU,900,04/11/2014,51.79,USD,2324.56
23/08/2012 00:27,TIGKQRSY11664803,Expert Belts,WIZJ73,HXDA52,11949200.0,USD,40000,05/12/2015,298.73,USD,319.87
23/08/2012 00:28,KEFIQWOX55874731,Stocks,NCYN50,HYSJ42,6171018.78,XCD,700,12/04/2017,267.3,USD,9506.16
23/08/2012 00:28,KBFQEUKM99395632,Vibranium Bars,BDBU00,MSHS03,42934500.0,USD,90000,19/01/2015,477.05,USD,495.66
23/08/2012 00:29,FBZDUDJV50721839,Toxic Orbs,FGQR22,QXFF29,11055.0,USD,500,27/10/2016,90.13,KZT,24.6
23/08/2012 00:29,FGQQCKTH20983233,Samehadas,PIFN94,ZMLP81,233766.0,USD,900,11/11/2015,259.74,USD,267.08
23/08/2012 00:29,IXSKFKVL39883546,Stocks,AMRO66,DJNE62,478150.0,USD,5000,16/09/2013,95.63,USD,99.81
23/08/2012 00:29,XOGWCAKJ95696689,Unicorn Horns,FORM54,TGZI54,11716805.66,GHS,6000,26/01/2015,216.42,USD,1994.27
23/08/2012 00:30,MINISPTA03488976,Dragon Scales,DVVB31,KTLA69,189448.0,USD,800,09/06/2016,236.81,USD,243.31
23/08/2012 00:30,ALETDZGI89097555,Stocks,LIJW00,TGZI54,9438608.76,TRY,40000,04/12/2016,306.17,USD,213.78
23/08/2012 00:30,DSESXHDX89107743,Amulets of Reflection,ERHJ34,UHOG52,152309.35,GEL,400,16/11/2013,90.71,USD,424.53
23/08/2012 00:32,DVBXAHZC65725323,Wands of Nothing,SZRJ90,PQSW95,29668.0,USD,100,14/11/2017,296.68,USD,303.11
23/08/2012 00:32,VMUGGSIN41130215,Stocks,DDIB11,QHXJ50,2306684.56,CRC,20000,25/08/2017,90.26,USD,123.33
23/08/2012 00:32,QSVJQJYC07664884,Stocks,JCWS17,DREA89,55320.0,USD,800,21/07/2017,69.15,USD,77.16
23/08/2012 00:33,EUGXKFGA67916352,Stocks,SFEO61,RLZK87,17425800.0,USD,90000,25/11/2016,193.62,USD,223.32
23/08/2012 00:33,YTHETBYT97654657,Rupees,CMZC67,EDYH00,242376.0,USD,800,01/12/2015,302.97,USD,319.51
23/08/2012 00:34,VRXLKFJI62976231,Stocks,FJOI82,BMRZ75,29380.0,USD,100,11/03/2016,293.8,USD,244.93
23/08/2012 00:34,MCTQSJNS04778383,Stocks,QCRG59,SWGF93,37184.0,USD,800,03/05/2015,46.48,USD,38.71
23/08/2012 00:34,OFEKUHUP38668285,Rings of See Invisible,HHFP66,DILF10,8655809.07,ALL,9000,24/06/2015,431.61,USD,842.14
23/08/2012 00:34,ALSSLNMZ58464600,Drums of Earthquake,KTLA69,DDIB11,80689.0,USD,700,30/09/2017,115.27,USD,100.82
23/08/2012 00:35,YJOBBKTY45393534,Clank Model Robots,NFAH30,QETH27,31407.0,USD,300,04/07/2017,104.69,USD,101.85
23/08/2012 00:35,FMUWDUAQ78641549,Stocks,MFZY76,YCZA59,37724.0,USD,400,26/11/2014,94.31,USD,102.19
23/08/2012 00:35,WSZALPQL57393876,Thermal Regulation Suppositories,CQPJ57,ZVEN26,182334.0,USD,600,19/01/2014,303.89,USD,316.39
23/08/2012 00:35,BNPSTIMS56007855,Stocks,RQGG65,BBJG05,60738.0,USD,300,14/11/2014,202.46,USD,177.92
23/08/2012 00:36,KITZHBCU13836990,Stocks,DGTY64,ZDAI73,104868.0,USD,600,07/08/2013,174.78,USD,198.07
23/08/2012 00:36,HKATHCED60518917,Infobots,UFAY59,BMRZ75,11146593.75,PYG,4000,06/12/2013,312.31,USD,2467.66
23/08/2012 00:36,BJQTNFXD18483046,Star Rubies,ZDAI73,GYWU23,6563600.0,USD,20000,03/01/2016,328.18,USD,353.04
23/08/2012 00:37,GLUDDLBU67459766,Millennium Puzzles,RNZB01,XHYN07,57344.92,TTD,700,26/02/2013,15.84,USD,85.04
23/08/2012 00:37,VIJEJRNC86201373,Stocks,VVBY18,IIZF28,214140.0,USD,2000,30/10/2015,107.07,USD,94.17
23/08/2012 00:37,YFHETWUV68457337,Stocks,LKPN86,YWMD69,178557.52,LSL,500,25/04/2013,6097.8,XCD,303.78
23/08/2012 00:37,HFGGWFLX70761247,Holy Bones,HPTP65,IIZF28,11208222.02,DZD,9000,08/05/2017,362.93,USD,1414.9
23/08/2012 00:38,RBLJEKJX34729720,Elven Mithril Coats,KRRO64,SWGF93,694350.0,USD,5000,08/09/2016,138.87,USD,151.46
23/08/2012 00:38,YSFLOHVN53348973,Souls,EIWJ22,HHFP66,742320.0,USD,8000,16/02/2015,92.79,USD,87.17
23/08/2012 00:38,DHMWFRPU49282404,Stocks,THJF58,NGBA40,50515.0,USD,500,06/11/2016,101.03,USD,89.5
23/08/2012 00:39,MCJHXXPK54778156,Levitation Boots,QBVN33,FAWI50,4662.31,KRW,200,26/12/2013,96.13,USD,22.3
23/08/2012 00:39,IYOWICHI63755944,Stocks,TGZI54,YSSR29,302460.0,USD,6000,06/10/2016,50.41,USD,59.22
23/08/2012 00:39,LTSXSGCL44393992,Millennium Keys,VTKE98,JXGF57,18193772.9,AZN,6000,04/12/2013,474.82,USD,3045.77
23/08/2012 00:39,LBASGPGR59629742,Blinds,KEVJ11,ZEHM52,123309.0,USD,900,22/06/2015,137.01,USD,145.32
23/08/2012 00:39,UHYQCSPJ48210592,Stocks,UHOG52,KRXZ15,23899.0,USD,100,25/08/2013,238.99,USD,261.89
23/08/2012 00:40,NHASIJRE55288700,Z-crystals,CBOX52,QBAP68,118698.36,GEL,100,24/07/2013,282.77,USD,1346.06
23/08/2012 00:40,FHAYSOFL73701243,Cell Batteries,DGTY64,OQXV70,268100.0,USD,7000,16/09/2016,38.3,USD,34.09
23/08/2012 00:40,ZNPTWSXW03710691,Big Roots,ISWT83,MFZY76,147430.0,USD,500,09/03/2014,294.86,USD,273.24
23/08/2012 00:40,LZGLSCZU69759671,Stocks,CVMG22,GBEZ65,53096.0,USD,800,03/03/2015,66.37,USD,72.12
23/08/2012 00:40,UCAZYXHU76450871,Shinigami Eyes,HNLV68,GIWG34,6437200.0,USD,70000,14/09/2015,91.96,USD,102.02
23/08/2012 00:41,SUOHVNCN02473706,Stocks,THJF58,MDEQ10,8119.0,USD,100,31/05/2016,81.19,USD,72.52
23/08/2012 00:42,LESNGZTX80651718,Wands of Watoomb,UEVD88,VKMV12,2792633885.16,BBD,60000,30/12/2013,472.43,USD,52218.79
23/08/2012 00:42,WWHHIOHF60784641,Stocks,FTFI87,YTAI13,2640626.32,STD,4000,26/01/2017,118.9,USD,624.89
23/08/2012 00:43,TMXSGOYB45562219,Stocks,GBEZ65,VVBY18,41220.0,USD,1000,10/03/2016,41.22,USD,37.35
23/08/2012 00:43,TNMEIHEZ21516496,Stocks,SHXQ48,FGQR22,9000.0,USD,600,01/05/2013,15.0,USD,13.26
23/08/2012 00:43,VSRVGDKB59756484,Vilyas,JZTC69,IIZF28,22635000.0,USD,60000,25/02/2015,377.25,USD,353.68
23/08/2012 00:45,YTJXCZCR11436686,Ethers,HYSJ42,PQSW95,28630.0,USD,200,16/08/2016,1327.01,ETB,128.22
23/08/2012 00:45,ZYWWCYSE53944128,Stocks,XRBV61,YCZA59,18325.38,PEN,900,06/04/2014,94.31,USD,20.85
23/08/2012 00:45,MOBZMPUG10361272,Stocks,RJCA92,LAUA80,1015718.62,AFN,500,16/06/2015,180.5,USD,2258.97
23/08/2012 00:46,OGXYWAEU87926801,Rapids,ORQH73,KEVJ11,1457900.0,USD,10000,21/01/2017,145.79,USD,159.75
23/08/2012 00:47,UVTKQRMP82794356,Stocks,MYXF05,YWMD69,3697800.0,USD,20000,29/07/2015,184.89,USD,213.35
23/08/2012 00:48,URORDXBZ51660270,Stocks,QODV38,FYYD57,1136305.84,PYG,900,25/07/2016,141.5,USD,1077.05
23/08/2012 00:48,PAOXNEGU31069336,Stations,HNLV68,YFAM59,2454468.55,BOB,200,23/04/2015,285.15,USD,11142.73
23/08/2012 00:49,UXLJMVVC96895579,Stocks,IIZF28,LKPN86,23548.0,USD,400,19/08/2017,58.87,USD,54.22
23/08/2012 00:50,ZSSGQEWR56793430,Red Cards,WHPS18,JVHD93,418108.43,AED,900,11/08/2017,408.05,USD,492.66
23/08/2012 00:50,JYDDJOOG75390786,Stocks,SFZS08,PVAZ61,48117.0,USD,300,23/10/2014,160.39,USD,142.14
23/08/2012 00:50,HDWVSKRO25639049,Orbs of Agamotto,SFEO61,DGTY64,11043200.0,USD,80000,25/09/2015,138.04,USD,135.12
23/08/2012 00:51,LIMJFMYA68478248,Rings of Searching,PQSW95,IZLM67,286240.0,USD,8000,19/06/2014,27.58,TRY,32.93
23/08/2012 00:52,KSFMJWHE09760812,Badgers,KKGI60,GGLV00,410977.0,USD,700,10/10/2017,587.11,USD,653.73
23/08/2012 00:52,FDSODILP94979617,Amulets of Reflection,QBAP68,UHOG52,3213909.73,BZD,6000,25/05/2013,90.71,USD,450.55
23/08/2012 00:53,ECNTMBTB03584280,Doors of Durin,WVHK10,ZSXF19,102950.0,USD,1000,20/07/2016,102.95,USD,84.11
23/08/2012 00:53,AKYJWBWO85953368,Fusion Loaders,WVHK10,HHOA99,855360.0,USD,4000,14/11/2017,213.84,USD,179.55
23/08/2012 00:53,QZUQPRKA07718773,Stocks,LKPN86,KKGY69,7837118.18,DOP,8000,18/06/2014,771.16,ZMK,1104.21
23/08/2012 00:54,VJEJJLPG97926902,Iron Balls,CBOX52,RJCA92,109767988.89,SEK,90000,18/08/2016,319.17,USD,1515.24
23/08/2012 00:54,CUCHBNLF81284035,White Herbs,XRBV61,NCXS33,151976.0,USD,400,08/08/2017,379.94,USD,434.72
23/08/2012 00:55,SEOGDYED75285465,Stocks,SXHU74,PVAZ61,671721.34,DJF,500,15/07/2016,160.39,USD,1223.25
23/08/2012 00:55,GOIYPGJI17584795,Scope Lens,VVBY18,UACN81,796500.0,USD,50000,13/04/2016,15.93,USD,15.12
23/08/2012 00:55,ABCLGTEF21846883,Stocks,OHKH76,PJKH65,3844.0,USD,200,23/01/2014,108.24,CUC,16.42
23/08/2012 00:55,WKGCSRJZ80043087,Stocks,YLGZ72,HYSJ42,291816.76,MRO,400,31/05/2017,267.3,USD,824.93
23/08/2012 00:56,NNLNFPFJ41564347,Stocks,NGBA40,CUVZ50,545040.0,USD,8000,16/11/2017,242.04,BHD,58.05
23/08/2012 00:56,MOCOOOCK87001570,Super Soldier Serums,DBCS17,YOQG45,60630.0,USD,500,05/05/2016,121.26,USD,112.44
23/08/2012 00:56,AUGYMYTM44161151,Stocks,SEKK26,RQGG65,12924.0,USD,200,15/12/2013,64.62,USD,59.04
23/08/2012 00:56,KMXVMEKE72333425,Valars,XRBV61,KKGY69,2205090.0,USD,9000,10/06/2015,245.01,USD,254.03
23/08/2012 00:57,IFZRDVRP62995924,Elder Wands,QCRG59,LKPN86,215264.0,USD,700,02/02/2014,307.52,USD,345.23
23/08/2012 00:57,LYHMKALA17123481,Amulets of Unchanging,QLMY86,FGVK43,112154.0,USD,700,06/09/2013,160.22,USD,145.06
23/08/2012 00:57,UNNGKMZP18055590,Duff,MFZY76,WIZJ73,1196120.0,USD,4000,18/12/2013,299.03,USD,236.85
23/08/2012 00:57,TSABVNIT16853480,Stocks,ITTS26,VIMV38,1318560.0,USD,8000,22/12/2014,164.82,USD,160.98
23/08/2012 00:58,FPPYADSK01206302,Holodecks,VCSF07,GBEZ65,168291.0,USD,900,01/03/2016,186.99,USD,204.12
23/08/2012 00:58,JHPVZXXW65662485,Moranth Burners,TGZI54,QHXJ50,592640.0,USD,2000,05/10/2015,296.32,USD,263.78
23/08/2012 00:58,AIYMAAOE83525797,Stocks,MSHS03,SFZS08,572310.0,USD,3000,30/04/2014,190.77,USD,170.41
23/08/2012 00:58,TFLCVNHO56092429,Terrain Extenders,MFJJ99,IJPI82,3001685.78,DZD,3000,31/01/2015,291.59,USD,1041.15
23/08/2012 00:59,UKGLIUTR38156038,Ethers,ZNQA84,PQSW95,42945.0,USD,300,30/03/2013,143.15,USD,136.57
23/08/2012 00:59,KWUMFDWF77967404,Ethers,MDEQ10,PQSW95,1431500.0,USD,10000,21/02/2014,143.15,USD,129.52
23/08/2012 00:59,QMUKGSJZ87493906,Stocks,QLMY86,PKBF70,372360.0,USD,2000,06/10/2013,186.18,USD,173.67
23/08/2012 01:00,SJSRNIQU96557193,Argonaughts,MHFC34,GYWU23,18583600.0,USD,70000,20/07/2016,265.48,USD,247.13
23/08/2012 01:00,ALYHMWMT56701933,Stocks,MHFC34,DILF10,1205120.0,USD,7000,06/02/2016,53.51,XPF,183.03
23/08/2012 01:00,YMZQJWGA57052350,Beatas Disks,WIZJ73,KRXZ15,14094657.23,BRL,7000,03/03/2017,181.58,USD,2063.89
23/08/2012 01:00,GMVNZRGF75130414,Blue Digizoids,PIFN94,INIL60,11578600.0,USD,20000,29/04/2015,578.93,USD,674.82
23/08/2012 01:01,TQAGAATH03788491,Millennium Keys,DILF10,JXGF57,142446.0,USD,300,21/10/2014,474.82,USD,545.89
23/08/2012 01:01,HDRAAMGN89892617,Stocks,ZNQA84,TQSJ85,2543368.01,AZN,2000,24/03/2015,199.13,USD,1082.13
23/08/2012 01:01,OPSKEDWZ19351012,Elven Boots,IZTD25,RFZG50,683.0,USD,100,07/03/2013,6.83,USD,7.1
23/08/2012 01:01,YTPJCAJN51445649,Bottled Faeries,VESX21,HHOA99,1514000.0,USD,8000,26/12/2016,189.25,USD,202.67
23/08/2012 01:01,DPXLFRKB33512757,Slurm,QAZT26,TRFG21,5131200.0,USD,40000,12/05/2016,128.28,USD,122.62
23/08/2012 01:02,PAODIUTN21961401,Replicants,NCCX02,MFZY76,241852.58,KMF,2000,12/04/2014,17.98,USD,129.62
23/08/2012 01:03,QHWTAASL01354724,Stocks,WWNS72,NQJL85,22977.0,USD,300,04/04/2014,76.59,USD,73.96
23/08/2012 01:03,NMBYUHSI88383828,Lawgivers,UACN81,FDWI64,3241600.0,USD,40000,02/04/2016,81.04,USD,92.43
23/08/2012 01:04,IOEYAJOZ97408337,Stocks,HNLV68,CUVZ50,2883493.24,SZL,9000,01/03/2015,68.13,USD,349.06
23/08/2012 01:05,BEREWQQI84487693,Stocks,LWGE44,QBVN33,529270.0,USD,7000,26/03/2016,75.61,USD,67.93
23/08/2012 01:06,CUDKDAXA90904279,Stocks,YFAM59,NCCX02,73956.0,USD,400,14/10/2017,184.89,USD,193.29
23/08/2012 01:06,EWUANHFA34899560,Stocks,FDWI64,UWUK72,24212.0,USD,200,02/08/2014,121.06,USD,99.64
23/08/2012 01:06,VKHSNXDV78537516,Stocks,TQSJ85,TKVF94,22049.82,GIP,100,26/03/2017,32.62,USD,251.58
23/08/2012 01:06,KCFXIFQP43005587,Stocks,ERHJ34,KUWI70,4485.0,USD,500,10/09/2017,8.97,USD,8.31
23/08/2012 01:06,OEPUXFWU08105850,Infobots,HWJF09,BMRZ75,20366359.72,THB,70000,02/03/2015,312.31,USD,325.61
23/08/2012 01:07,CSGEBXYA39697355,Stocks,FTFI87,WHPS18,285390.0,USD,9000,14/08/2016,31.71,USD,34.76
23/08/2012 01:07,YZJQJPCE85185753,Cancellers,SBUT62,DILF10,20048169.63,FKP,10000,26/03/2015,2017.77,KGS,1829.49
23/08/2012 01:07,QTJSTGUM05139256,Stocks,PQSW95,LBKT00,3356.0,USD,400,08/02/2014,8.39,USD,8.91
23/08/2012 01:07,JFVWKBHT56660260,Pokedexes,DOGG07,HXDA52,68320.77,PLN,2000,11/05/2016,171.23,USD,33.47
23/08/2012 01:07,UODRZKHF93344991,Stocks,ZFHD93,WIZJ73,5280.0,USD,500,27/01/2016,10.56,USD,11.93
23/08/2012 01:08,SYYXXUUA18542566,Urns of Power,QODV38,QLMY86,69639.0,USD,300,15/01/2014,232.13,USD,224.28
23/08/2012 01:08,RNZUADYS99323751,Spider Silks,QLCE04,VTKE98,12553500.0,USD,50000,19/02/2013,251.07,USD,273.38
23/08/2012 01:08,XGQEUTPO27544334,Doodle Disks,BDBU00,QWOA67,103678.34,ALL,400,19/12/2014,116.32,USD,239.39
23/08/2012 01:08,GPEOKPAS14506144,Faerie Tonics,DREA89,QOKP03,200142.0,USD,600,06/08/2015,772.65,WST,296.42
23/08/2012 01:08,IXAPOWBH87046306,War Gongs,DILF10,ZSXF19,459379.99,CZK,1000,24/09/2014,100.49,USD,467.15
23/08/2012 01:09,NNOYWFQT23022281,Stocks,ZEHM52,QLCE04,59166.0,USD,900,11/11/2016,65.74,USD,56.09
23/08/2012 01:09,GHUASFHD18995476,Go-Pods,CVMG22,QOKP03,638600.0,USD,5000,05/04/2013,127.72,USD,149.64
23/08/2012 01:09,VVIRUHOP94399132,Go-Pods,SUOX82,QOKP03,12582999.94,BBD,1000,10/06/2016,739.58,MZN,11276.13
23/08/2012 01:10,ZVWMTGJH36705051,Bags of Holding,DBCS17,KKGY69,28069945.2,AED,80000,10/03/2014,1623.73,ZMK,365.77
23/08/2012 01:10,EIRZFTYS63707659,Stocks,EIWJ22,YLGZ72,196116.29,VND,400,10/04/2015,79.96,USD,563.12
23/08/2012 01:10,QWBGIRSU86456254,Stocks,EIWJ22,KKGY69,6034981.47,ANG,5000,10/06/2016,146.37,USD,1176.98
23/08/2012 01:10,OUOZIDGL63673518,Stocks,UEVD88,LWGE44,80640.0,USD,9000,30/09/2017,8.96,USD,9.79
23/08/2012 01:11,WMGYCMKE96969043,Fog Pots,HXDA52,VAHJ53,12444800.0,USD,80000,20/04/2016,155.56,USD,134.13
23/08/2012 01:11,PVLMTWYD25699618,Stoles,SFEO61,DJNE62,16704000.0,USD,50000,04/12/2014,334.08,USD,305.95
23/08/2012 01:12,HLHLRCCL59030999,Red Shells,DDIB11,THJF58,32176.0,USD,400,16/09/2017,91.58,AED,71.33
23/08/2012 01:12,BKFWZFDW11610108,Stocks,KRRO64,HYSJ42,187110.0,USD,700,02/06/2017,267.3,USD,284.38
23/08/2012 01:12,JXHJUSGV90093350,Box Basher 2000s,DOGG07,LWGE44,1931700.0,USD,6000,25/10/2017,321.95,USD,325.67
23/08/2012 01:13,EVWFEYNK96475483,Stocks,KRXZ15,KKGI60,131759.26,BIF,600,14/11/2015,532.05,SCR,189.44
23/08/2012 01:14,ROTSEGZZ15253105,Rings of Shock Resistance,SFZS08,RQGG65,20976.0,USD,300,22/02/2015,69.92,USD,75.71
23/08/2012 01:14,RAPIGNFZ30097889,Angainors,DDIB11,KRRO64,140424.0,USD,400,10/08/2014,351.06,USD,295.33
23/08/2012 01:14,MPZJZVMI06930051,Stocks,VCSF07,ORQH73,30988.0,USD,100,14/02/2016,309.88,USD,353.31
23/08/2012 01:15,NPWJVVIB87820701,Stocks,SXHU74,UFAY59,8145589.73,DJF,8000,21/10/2015,121.56,USD,835.94
23/08/2012 01:15,CXMQXSQZ75735106,Pixie Disks,TRFG21,UFAY59,28204800.0,USD,80000,23/09/2013,352.56,USD,390.4
23/08/2012 01:15,FZVEANYC28108187,Stocks,ZMLP81,QBVN33,52927.0,USD,700,02/07/2016,75.61,USD,70.43
23/08/2012 01:16,LJOVUXIA43590076,Thousand Sunnys,GSTD71,WVHK10,8913696.88,XAF,10000,04/10/2016,219.56,USD,1003.17
23/08/2012 01:16,SYUXUCFM71473206,Stocks,HXDA52,WVHK10,73199.0,USD,700,27/09/2017,104.57,USD,90.9
23/08/2012 01:16,QHMGYWMD97268650,Lunar Curtains,WWNS72,EPZN28,1167687.8,XAF,900,01/05/2015,319.58,USD,1234.96
23/08/2012 01:16,MIBWDOQK37091189,Nefarious Security Cards,UWUK72,AMRO66,15392000.0,USD,40000,11/02/2014,384.8,USD,407.94
23/08/2012 01:16,WKMRINPA90069714,Stocks,UIKN63,UFAY59,109404.0,USD,900,16/09/2015,121.56,USD,133.12
23/08/2012 01:16,GTVIZTNE76154088,Fog Pots,GIWG34,VAHJ53,1400040.0,USD,9000,04/11/2014,155.56,USD,137.81
23/08/2012 01:17,YXBFFGOA54599244,Stocks,GGLV00,ZSXF19,45120.0,USD,600,06/11/2015,75.2,USD,72.49
23/08/2012 01:17,JMSNLJJL29652964,Stocks,RFZG50,LWGE44,448000.0,USD,50000,23/07/2016,38.99,SYP,9.91
23/08/2012 01:17,CATFVXWM49080441,Stocks,ZELV96,TGZI54,1702935.91,ETB,600,03/07/2016,306.17,USD,3167.11
23/08/2012 01:17,NNRMYWVG38904794,Premium Nanotech,VGYT30,DREA89,1452720.0,USD,6000,15/02/2013,242.12,USD,285.55
23/08/2012 01:18,XILXDVAA25259623,Crests,JZTC69,BMRZ75,15434400.0,USD,30000,04/03/2016,514.48,USD,486.15
23/08/2012 01:19,SYNHSVTY74001664,Stocks,WIZJ73,EDYH00,3854500.0,USD,50000,15/08/2013,77.09,USD,63.16
23/08/2012 01:19,NRPQAQKF99979115,Stocks,ITTS26,KRRO64,2065500.0,USD,9000,12/04/2014,229.5,USD,222.63
23/08/2012 01:19,HGBNJLOC78075102,Stocks,SZRJ90,BDBU00,1402920.0,USD,9000,05/03/2014,155.88,USD,178.02
23/08/2012 01:20,JMUWPZXK70916562,Hi-Potions,VPTI00,PKBF70,6120600.0,USD,20000,24/10/2013,306.03,USD,326.62
23/08/2012 01:20,YZVVKSSU77285883,Stocks,SXHU74,MSHS03,67320.0,USD,600,09/11/2015,112.2,USD,118.48
23/08/2012 01:21,RFBARQVN85726064,Stringers,PQSW95,ZELV96,1246900.0,USD,2000,26/03/2017,623.45,USD,651.52
23/08/2012 01:21,IIPUPDRH30879761,Razor-rimmed Hats,KRXZ15,THJF58,975900.0,USD,5000,11/03/2017,195.18,USD,214.34
23/08/2012 01:21,FYGHXNNS93946081,Black Materia Orbs,AYIH50,VCSF07,73280.0,USD,8000,17/08/2017,9.16,USD,9.94
23/08/2012 01:21,TDLHMVZZ35285729,Stocks,HHFP66,SRYE59,8910.0,USD,3000,10/09/2015,187.31,PHP,2.59
23/08/2012 01:21,FXAQQVUB71096838,Stocks,THJF58,RJUD59,38790.0,USD,3000,02/10/2017,12.93,USD,13.63
23/08/2012 01:22,OLLKOVBW36642526,Steel Soul Sake,RJUD59,WHPS18,37104.0,USD,300,06/07/2014,123.68,USD,138.1
23/08/2012 01:22,YENCMJOC37158024,Stocks,UIKN63,HXDA52,315026.28,STD,300,21/12/2016,189.13,USD,1143.87
23/08/2012 01:23,ZNCWYRZN53435348,Omnigaskets,CVMG22,CBOX52,15546400.0,USD,40000,29/07/2017,388.66,USD,404.7
23/08/2012 01:24,TWLFBMYT80282244,Holy Bones,ZNQA84,IIZF28,25700452.43,ILS,9000,14/07/2017,362.93,USD,2506.35
23/08/2012 01:24,FGKAJDGF05565652,Stocks,RNZB01,JZTC69,344310.9,IDR,300,28/02/2017,185.0,USD,1024.14
23/08/2012 01:24,DWBZQLWV73359691,Helms of Telepathy,UIKN63,MEOQ86,9604844.8,AZN,80000,06/10/2015,18.8,USD,113.94
23/08/2012 01:24,TRLWYGZE80248635,Stocks,BDBU00,HWHS51,125022.0,USD,600,02/02/2016,208.37,USD,182.19
23/08/2012 01:24,NQUQVMTM61231592,Stocks,YWMD69,NCYN50,9060.0,USD,600,29/07/2015,37.34,KHR,16.44
23/08/2012 01:24,VTDWEKOC43493934,Stocks,BMRZ75,MYXF05,9198.0,USD,600,21/04/2015,15.33,USD,16.88
23/08/2012 01:24,OZYQPFRX48096520,Ultra Balls,RNZB01,SAAM06,77535.0,USD,900,10/11/2013,86.15,USD,76.55
23/08/2012 01:25,YUSZQRCH54571064,Bombchus,SWGF93,OPET16,1626840.0,USD,4000,30/03/2015,406.71,USD,441.15
23/08/2012 01:25,FCNPENSN99480896,Stocks,SXTM39,UFAY59,109404.0,USD,900,31/03/2016,121.56,USD,127.4
23/08/2012 01:26,HQEGSNIR70896067,Stocks,LWGE44,RDBE21,14274.0,USD,600,10/04/2014,23.79,USD,22.97
23/08/2012 01:26,LHUPPBZA22948740,Stocks,VIMV38,EIWJ22,168400.0,USD,2000,28/03/2013,84.2,USD,99.02
23/08/2012 01:26,XWCSNZOA80176400,Stocks,NCYN50,PIFN94,867540.0,USD,2000,04/08/2014,433.77,USD,400.42
23/08/2012 01:26,FUGYLZHF24965855,Stocks,WHPS18,SEKK26,302399.39,GTQ,6000,12/04/2017,87.82,USD,45.09
23/08/2012 01:26,EAMUVOKT90664995,Stocks,DOGG07,LAUA80,126350.0,USD,700,25/06/2015,180.5,USD,165.63
23/08/2012 01:27,TGJUJKTK53159481,Vampire Fangs,PVAZ61,PNFK78,4313697.49,SHP,6000,14/04/2014,187.73,USD,761.2
23/08/2012 01:27,XVXHCVPE25316930,Thermal Regulation Suppositories,PIFN94,ZVEN26,607780.0,USD,2000,30/03/2014,303.89,USD,336.2
23/08/2012 01:27,IYYUCUZH45750661,Ent-draught,GSTD71,LIJW00,340800.0,USD,10000,18/08/2014,34.08,USD,34.73
23/08/2012 01:28,LXFVJXRX66047532,Stocks,MEOQ86,XRBV61,1192635.91,BTN,800,01/12/2017,197.65,USD,1356.45
23/08/2012 01:28,YWFIJSJL05997628,Stocks,PNFK78,LBKT00,16780.0,USD,2000,28/11/2014,91.51,CVE,9.93
23/08/2012 01:28,CAFEPJSF87724238,Nemean Cestuses,KEVJ11,JCWS17,24792450.77,BTN,7000,01/08/2013,469.57,USD,3843.8
23/08/2012 01:28,DVGKPMVY60597029,B-4s,EIWJ22,ESPL27,539046.96,SGD,2000,29/10/2016,36.2,USD,242.6
23/08/2012 01:28,RSGVYQIQ58916438,Stocks,LKPN86,SUOX82,126113.08,NAD,300,13/11/2015,166.42,USD,407.27
23/08/2012 01:28,WPVWHGQG35074212,Shaman Bone Blades,GZED20,QLCE04,579444.25,STD,700,22/05/2016,149.09,USD,674.0
23/08/2012 01:29,VUHGDAIW38408181,Razor Claws,SFZS08,UWUK72,707459.55,SLL,7000,22/08/2013,30.3,USD,102.31
23/08/2012 01:29,NORTUDMP12870845,Stocks,MYXF05,WIZJ73,9931.89,SZL,200,20/05/2016,10.56,USD,54.58
23/08/2012 01:29,QYFFGXEA12182501,Rapids,AMRO66,KEVJ11,145790.0,USD,1000,20/10/2016,145.79,USD,177.33
23/08/2012 01:29,LETDKNIR60212507,Stocks,SAAM06,ZELV96,3834.0,USD,200,11/08/2015,19.17,USD,17.79
23/08/2012 01:29,CRCOATQQ22907274,Ent-draught,ZBIO05,LIJW00,30672.0,USD,900,19/11/2013,34.08,USD,38.69
23/08/2012 01:29,OXOOMHPL99843929,Bright Powders,PQSW95,FORM54,1121165.91,BZD,800,29/04/2015,237.33,USD,1228.82
23/08/2012 01:29,LAOYJVAZ39055861,Stocks,QOKP03,HXDA52,80172.21,JPY,9000,15/06/2016,1509.18,SDG,10.42
23/08/2012 01:29,ZLPYKSRM98231227,Potions of Fruit Juice,EIWJ22,SRYE59,20348.0,USD,200,26/10/2013,101.74,USD,112.66
23/08/2012 01:30,WNEAVHOG08913441,Stocks,HPTP65,SXTM39,27920.0,USD,200,05/03/2016,139.6,USD,122.31
23/08/2012 01:30,DWILUXSJ85241055,Goldy Charms,QBVN33,UEVD88,2416500.0,USD,90000,06/05/2013,26.85,USD,29.21
23/08/2012 01:31,MLWVUYFJ50979911,Stocks,VVBY18,QETH27,699.0,USD,300,20/01/2013,2.33,USD,2.68
23/08/2012 01:31,MAZVFPXC51805123,Limit Break Manuals,VKMV12,HSWX88,327156.85,VND,500,30/09/2014,106.71,USD,711.02
23/08/2012 01:31,MNCFALSH33155956,Stocks,OUNH49,ZSXF19,7520.0,USD,100,19/01/2014,75.2,USD,69.84
23/08/2012 01:31,KFSTOXAL43112764,Stocks,HXDA52,ZFHD93,84024.0,USD,900,16/12/2014,93.36,USD,72.14
23/08/2012 01:32,XNJJGURD38388847,Loadstones,XRBV61,TYAE14,688548.66,MZN,900,08/04/2014,132.12,USD,886.89
23/08/2012 01:32,VBYECFQR59733770,Rocky Helmets,KRXZ15,AHMZ79,25240.0,USD,100,21/12/2015,252.4,USD,236.47
23/08/2012 01:32,UBBJXNDC51150984,Pulse Rifles,KRXZ15,PKBF70,25120.0,USD,1000,12/10/2015,25.12,USD,22.81
23/08/2012 01:33,OFXWFWFU62168049,Pensieves,DGTY64,OPZI26,250720.0,USD,4000,17/08/2013,62.68,USD,54.27
23/08/2012 01:33,CTVHFIXM20137760,Stocks,PNFK78,DGTY64,182181.4,HNL,5000,13/06/2016,99.77,MZN,32.67
23/08/2012 01:33,ZZYELSXG92613751,Stocks,HXDA52,ZDAI73,159189.62,AED,800,16/12/2014,198.99,AED,225.85
23/08/2012 01:33,AKNFRQPP76326437,Flame Orbs,GIWG34,BDBU00,151760.0,USD,1000,29/01/2016,151.76,USD,164.82
23/08/2012 01:33,RXTFQRKO20653901,Stocks,ZMLP81,EPZN28,2240000.0,USD,50000,27/08/2016,44.8,USD,47.26
23/08/2012 01:34,BDVCGOHY81503992,Mirrors of Hope,CQPJ57,QLCE04,580122.0,USD,900,22/05/2015,644.58,USD,590.43
23/08/2012 01:34,JVZLCYIG11957714,Stocks,THJF58,MDEQ10,16238.0,USD,200,18/07/2013,81.19,USD,77.73
23/08/2012 01:34,LIUFOLES74785439,Holy Grails,AHMZ79,RLZK87,1451315.77,MVR,600,06/09/2014,306.74,USD,2268.64
23/08/2012 01:34,NQGXIHAZ90641390,Stocks,WHPS18,MSHS03,100980.0,USD,900,16/02/2015,112.2,USD,97.94
23/08/2012 01:34,AVZCDWSJ01216285,Kicking Boots,CVMG22,SHXQ48,8206.0,USD,100,01/02/2014,82.06,USD,89.01
23/08/2012 01:35,ZGEIQAVD61039365,Stocks,UHOG52,ESPL27,56680.0,USD,1000,08/06/2016,56.68,USD,61.77
23/08/2012 01:35,QMVCQMSC24835264,Valaryian Steel Bars,TKVF94,OPZI26,8399700.0,USD,30000,14/08/2016,279.99,USD,317.77
23/08/2012 01:35,NDSUHJQC30287603,Nenyas,PJKH65,PVAZ61,62218.04,JMD,800,05/10/2015,100.82,USD,87.74
23/08/2012 01:36,DMNRVUTM70376029,Power Pluses,EKXA24,TBVE46,595612.79,MKD,700,08/02/2015,222.55,USD,966.16
23/08/2012 01:36,MTBDAYFM35831659,Stocks,MFZY76,FYYD57,56600.0,USD,400,17/12/2014,141.5,USD,124.38
23/08/2012 01:37,MPXGBUJX62296458,Stocks,VCSF07,DOGG07,2551.02,JMD,100,21/06/2013,33.07,USD,26.75
23/08/2012 01:37,FFEKTWAH76527704,Stocks,IJPI82,DJNE62,478150.0,USD,5000,28/09/2015,95.63,USD,86.87
23/08/2012 01:37,VCDTTDEY30960298,Stocks,EKXA24,AMRO66,475758.17,BRL,800,25/04/2016,53.63,USD,672.94
23/08/2012 01:38,DJMMYRFJ02633903,Dino Disks,WVHK10,MHFC34,32796.0,USD,900,26/06/2017,36.44,USD,32.16
23/08/2012 01:38,NOUKKIUC59676132,Gantz Balls,IJPI82,TBVE46,75364.0,USD,200,23/09/2016,376.82,USD,339.33
23/08/2012 01:38,SSOHXJVV48007140,Stocks,OPET16,NFAH30,5909000.0,USD,20000,08/04/2013,295.45,USD,249.09
23/08/2012 01:38,GNJEVVYL28937459,Stocks,KTLA69,CAVR54,29484.0,USD,200,21/03/2013,147.42,USD,155.0
23/08/2012 01:38,XPYDGRKQ86093195,Stocks,TRFG21,OQXV70,171838.64,SHP,7000,03/06/2015,6.41,USD,26.75
23/08/2012 01:38,BKEMJAZY34586613,Stocks,WIZJ73,TGZI54,244936.0,USD,800,04/01/2014,306.17,USD,285.7
23/08/2012 01:39,SYNXIYSX82172060,Stocks,QLCE04,NFAH30,4408970.8,BIF,9000,20/01/2013,295.45,USD,595.3
23/08/2012 01:39,XZBJBQKR19768530,Mystic Keys,ZMLP81,RFZG50,8477600.0,USD,80000,11/05/2014,649.65,MWK,112.07
23/08/2012 01:39,CKJEKAOL14234522,Stocks,NCCX02,KKGI60,794640.0,USD,6000,21/10/2016,132.44,USD,111.9
23/08/2012 01:40,KPTHOAGQ98223969,Stocks,OPZI26,UFAY59,8383280.86,BBD,700,28/03/2013,121.56,USD,12367.96
23/08/2012 01:40,BGDLFKMM47425998,Stocks,TBVE46,DOGG07,1322800.0,USD,40000,23/09/2017,33.07,USD,37.88
23/08/2012 01:40,GSDLZHDZ40823979,Terrain Extenders,HWHS51,IJPI82,1339348.68,CNY,700,29/07/2013,291.59,USD,1977.69
23/08/2012 01:40,OAZJUDAA81813682,Stocks,LIJW00,DNIL23,83972.0,USD,400,30/05/2016,209.93,USD,243.26
23/08/2012 01:40,GIXQSDUK42003574,Stocks,EPZN28,HWHS51,104185.0,USD,500,11/07/2017,208.37,USD,185.17
23/08/2012 01:41,EWTSDCVY54751379,Stocks,QODV38,ZFHD93,84024.0,USD,900,18/02/2017,93.36,USD,84.79
23/08/2012 01:41,NFQMDLPL01172648,Millennium Necklaces,SAAM06,ZXVX98,122005.0,USD,500,29/03/2016,244.01,USD,220.74
23/08/2012 01:41,DBVKSCKA96539111,Celestial Dials,JVHD93,INIL60,5140303.44,KZT,8000,03/10/2015,157.62,USD,723.4
23/08/2012 01:41,MXSQOMNJ15968766,Stocks,CMOI26,BMRZ75,71364.02,KPW,100,04/08/2015,293.8,USD,729.32
23/08/2012 01:42,HCPAHYKW27566930,V-Tamer Taags,VCSF07,RDBE21,1041300.0,USD,9000,25/07/2016,115.7,USD,125.3
23/08/2012 01:42,BBXKWRBE09593530,Gadgebot Upgrade Chips,MYXF05,SEKK26,19761291.0,SVC,30000,13/10/2017,80.92,GTQ,640.74
23/08/2012 01:42,GSCTZOWD35131368,Cornballers,NQJL85,HYSJ42,107092.09,MOP,600,12/10/2015,219.46,USD,189.02
23/08/2012 01:42,JFELUWAS63352610,Stocks,EWUY52,JXGF57,68022.0,USD,600,11/03/2015,113.37,USD,124.07
23/08/2012 01:42,KAHPAHXQ79074372,Kunais,ZBIO05,SUOX82,185052.0,USD,600,11/11/2016,177.0,GTQ,272.23
23/08/2012 01:43,QGVUXOEC49009459,Knightmare Frames,RJUD59,YFAM59,24249600.0,USD,60000,12/07/2013,404.16,USD,386.34
23/08/2012 01:43,IUAXGCYZ87078791,Stocks,ZVEN26,VAHJ53,529700.0,USD,10000,03/11/2013,52.97,USD,57.43
23/08/2012 01:43,LEXZCATF06155389,Frenzied Coldbloods,ZEHM52,VCSF07,230716.0,USD,400,09/04/2015,576.79,USD,697.47
23/08/2012 01:44,UAHLNPQS66578920,Exorcism Slips,KTLA69,GSTD71,1208410.0,USD,7000,27/05/2013,172.63,USD,186.76
23/08/2012 01:44,QMBXVAHV78075644,Red Jewelled Brooches,ZDAI73,YOQG45,3962904.87,MUR,1000,26/02/2015,58.75,USD,3644.64
23/08/2012 01:44,CITIOAPO61744212,Stocks,BPLN25,LBKT00,41155.97,VND,800,13/05/2017,8.39,USD,43.79
23/08/2012 01:45,HAPGKZYL59549520,White Gold Rings,HWHS51,SXHU74,201421.35,YER,300,07/04/2014,93.12,USD,743.97
23/08/2012 01:45,DLPLRBVP99824096,Stocks,HHOA99,ZBIO05,14616.0,USD,600,16/12/2013,24.36,USD,23.46
23/08/2012 01:46,XRPHKNJW14898167,Stocks,ESPL27,WVHK10,41828.0,USD,400,08/08/2014,104.57,USD,101.33
23/08/2012 01:47,KTRKWZGW44372983,Alpha-Omega Bombs,ITTS26,SAAM06,25978000.0,USD,50000,25/05/2015,519.56,USD,539.78
23/08/2012 01:47,BNFEOEWE12255601,Atium Bars,JVHD93,YTAI13,958160.0,USD,8000,28/01/2014,119.77,USD,130.22
23/08/2012 01:47,JWHFWQEK22750063,Stocks,VXSM31,PBFW95,323194.18,ILS,200,19/08/2014,205.38,USD,1414.08
23/08/2012 01:47,TQOIIZKV66643898,Amulets of Yendor,ZFHD93,OPET16,3880400.0,USD,20000,07/06/2017,194.02,USD,221.45
23/08/2012 01:48,NTPHWNGC86712066,Turbo Ethers,HPTP65,VPTI00,19905.0,USD,500,12/08/2017,39.81,USD,36.84
23/08/2012 01:48,SKHLRAEK05546089,Stocks,ZXVX98,DGTY64,8615.0,USD,500,24/05/2013,17.23,USD,19.32
23/08/2012 01:48,TXSJRRBL51016165,Stocks,RDBE21,INIL60,3426.0,USD,100,04/11/2013,34.26,USD,40.8
23/08/2012 01:48,RZLTSCBV62013972,Dino Disks,ZVEN26,MHFC34,70781.06,PKR,200,19/03/2016,36.44,USD,365.54
23/08/2012 01:49,QSOCTRPR87277320,Curse Masks,CIXF70,ZNQA84,253380.0,USD,6000,26/03/2016,42.23,USD,48.06
23/08/2012 01:49,SYSJZKVQ95399066,Scripts,SEKK26,DNIL23,2948500.0,USD,50000,24/02/2015,58.97,USD,67.3
23/08/2012 01:49,ORQNMGOD42869181,Stocks,PVAZ61,ITTS26,864055.69,RWF,800,02/08/2015,158.15,USD,1212.99
23/08/2012 01:50,VRQCKIBH69647065,Stocks,YSSR29,JVHD93,605.0,USD,100,25/02/2013,31.88,ZMK,6.37
23/08/2012 01:50,SVIHHPZM89663949,Stocks,IZTD25,TFLS35,17384.0,USD,800,13/11/2017,21.73,USD,25.45
23/08/2012 01:50,UNHCJGFV66584040,Stocks,TFLS35,QAZT26,2527220.95,GMD,1000,09/04/2014,281.34,USD,2821.79
23/08/2012 01:50,RSIHOYUT11994643,Stocks,TYAE14,MYXF05,30660.0,USD,2000,17/09/2015,15.33,USD,13.45
23/08/2012 01:50,PTIPWNVU04469475,Shaman Bone Blades,SBUT62,QLCE04,967458.43,YER,900,11/12/2013,2617.75,RUB,857.09
23/08/2012 01:50,AUBDFNXQ02494640,Stocks,SFZS08,SBUT62,4106.52,MNT,500,28/03/2015,51.85,USD,8.87
23/08/2012 01:50,AIMRYHTL93318009,Full Faces,QBAP68,QLCE04,38276264.17,DJF,10000,31/12/2017,456.97,USD,3328.23
23/08/2012 01:51,IKQUPXSN30784514,Stocks,WWNS72,ESPL27,422424.7,THB,8000,11/11/2014,56.68,USD,59.54
23/08/2012 01:51,URHVJGXX10939387,Finnests,KEVJ11,TGZI54,822080.0,USD,7000,29/11/2015,117.44,USD,137.78
23/08/2012 01:51,OQABLMPW21335833,Stocks,NCYN50,UACN81,119880.0,USD,9000,14/04/2013,13.32,USD,12.1
23/08/2012 01:51,NLHLKVMA13420823,Stocks,QMZU44,EIWJ22,505462.7,FKP,800,20/05/2016,84.2,USD,542.34
23/08/2012 01:51,ERYRHPRT67820596,Stocks,KTLA69,GZED20,208580.0,USD,1000,24/09/2017,208.58,USD,181.86
23/08/2012 01:51,NWDTANJR11105440,Stocks,THJF58,HHFP66,5625631.44,BND,90000,08/03/2014,167.31,USD,60.12
23/08/2012 01:51,BDGMMNSH66181432,Stocks,RJCA92,VLJL11,906990.0,USD,3000,01/04/2015,1875.59,IDR,259.65
23/08/2012 01:51,IDRZGAJM15266834,Stocks,GYWU23,CAVR54,884520.0,USD,6000,20/06/2016,147.42,USD,125.02
23/08/2012 01:52,RZMHXGTE07843656,Stocks,VVXA11,QXFF29,76720.0,USD,2000,25/08/2013,38.36,USD,33.83
23/08/2012 01:53,TBBRSJBS25506665,Stocks,FDWI64,DDIB11,13644.0,USD,900,06/03/2016,15.16,USD,14.29
23/08/2012 01:53,ZOJZRMMO75155481,Stocks,KKGY69,ZNQA84,318060.0,USD,3000,27/02/2014,106.02,USD,104.86
23/08/2012 01:53,CODFANVB10811495,Potions of Oil,VESX21,TKVF94,355822.49,MYR,200,09/04/2015,31.31,USD,1635.5
23/08/2012 01:53,UWXDPSBV55702844,Stocks,VTKE98,CAVR54,29484.0,USD,200,29/09/2016,147.42,USD,118.86
23/08/2012 01:54,CKDRWYOY24572130,Stocks,QBVN33,QCRG59,18831.0,USD,100,01/12/2016,188.31,USD,166.12
23/08/2012 01:54,QEPQIMQL96891887,Daenarians,VPTI00,BBAX06,3411497.41,TND,9000,29/08/2014,65.16,USD,303.25
23/08/2012 01:54,MOJVNYXK30991757,Steel Soul Sake,QHXJ50,WHPS18,2864725.63,MZN,4000,01/11/2014,123.68,USD,788.49
23/08/2012 01:55,KORTPCMN49964742,Arc Reactors,CQPJ57,DOGG07,655858823.42,BBD,10000,25/09/2014,665.71,USD,72870.63
23/08/2012 01:55,SGFBKSNU20714737,Stocks,WWNS72,SRYE59,39755.83,DOP,2000,27/08/2015,2.97,USD,16.61
23/08/2012 01:55,AREBFJFN32383358,Don Gero Masks,VVBY18,TFLS35,933440.0,USD,4000,31/12/2017,233.36,USD,238.46
23/08/2012 01:56,GPNDOPNS29783023,Stocks,WYFO79,ZBIO05,5681.48,CUP,100,19/07/2015,24.36,USD,56.26
23/08/2012 01:56,KFPSUHTO67030226,Treasure Mappers,EDYH00,EMNK67,158496.0,USD,800,15/01/2015,198.12,USD,176.39
23/08/2012 01:56,MOJVXNSD76667198,Stocks,SUOX82,ZSXF19,7520.0,USD,100,27/09/2013,75.2,USD,72.29
23/08/2012 01:56,NRUTDDYF58642834,Owls of Athena,KEVJ11,WIZJ73,401083.46,CNY,200,01/06/2013,305.62,USD,1723.93
23/08/2012 01:57,VLYPXZQD32944740,Stocks,HSWX88,HNLV68,16152.0,USD,300,10/05/2016,53.84,USD,58.49
23/08/2012 01:57,ODXYVKRE49498898,Stocks,AHMZ79,BDBU00,77940.0,USD,500,05/09/2016,155.88,USD,137.62
23/08/2012 01:57,DHJTFUGC28606837,Stocks,EKXA24,NGBA40,10103.0,USD,100,25/07/2016,101.03,USD,91.96
23/08/2012 01:57,UJJDRROL46270643,Stocks,UWUK72,TQSJ85,59739.0,USD,300,18/01/2015,199.13,USD,187.56
23/08/2012 01:58,MIPRVRCC24444754,Stocks,AMRO66,UIKN63,4501500.0,USD,30000,28/09/2015,150.05,USD,135.9
23/08/2012 01:59,YWBAPIKK26013833,Stocks,AHMZ79,VESX21,87414.0,USD,600,02/09/2013,145.69,USD,140.58
23/08/2012 01:59,IMWCSEOX41558002,Stocks,KKGI60,WIZJ73,37576.7,BAM,8000,03/05/2016,35.22,SLL,5.78
23/08/2012 01:59,DRTGPLEZ73576597,Stocks,TBVE46,YSSR29,100820.0,USD,2000,22/02/2015,50.41,USD,45.97
23/08/2012 02:00,UJKXEUCL15900322,Stocks,FORM54,TBVE46,1475400.0,USD,10000,02/04/2015,147.54,USD,124.97
23/08/2012 02:00,NDFQTGDP92372518,Stocks,GYWU23,MFJJ99,642825.92,SVC,2000,02/08/2013,68.8,USD,341.83
23/08/2012 02:00,SDZRDZDL26311415,Blue Orbs,MDEQ10,EWUY52,299616.0,USD,800,07/09/2016,374.52,USD,424.35
23/08/2012 02:00,JNMIPFCK57047092,Golden Fleeces,DVVB31,SWGF93,1624950.0,USD,9000,22/02/2013,11386.62,PHP,170.06
23/08/2012 02:00,STVECGAI55878554,Stocks,BPLN25,IIZF28,348320.12,MOP,4000,16/12/2016,107.07,USD,83.92
23/08/2012 02:00,HEHPRJHT51772829,Shell Bells,FGQR22,TRFG21,336341477.76,SGD,80000,12/01/2015,564.68,USD,4567.96
23/08/2012 02:01,BDXFFFVM34604226,Unicorn Horns,QLMY86,TGZI54,42054734.4,KPW,80000,20/01/2017,216.42,USD,598.22
23/08/2012 02:01,AVUYVBWR06494961,Stocks,KRXZ15,SWGF93,41832.0,USD,900,23/12/2016,46.48,USD,53.94
23/08/2012 02:01,WWYVINHM92151449,Stocks,WVHK10,VESX21,625329.16,VND,700,19/07/2017,145.69,USD,871.82
23/08/2012 02:02,AKFIYCSN43805824,Stocks,SFEO61,PJKH65,115320.0,USD,6000,21/09/2014,19.22,USD,20.73
23/08/2012 02:02,JXQXJZTW07738290,Cockatrice Claws,EIWJ22,PBFW95,4878.0,USD,900,30/10/2014,5.42,USD,5.22
23/08/2012 02:03,JMALWGKB30833079,Stocks,TRFG21,VXSM31,1050219.37,DKK,7000,04/05/2014,93.46,USD,160.28
23/08/2012 02:03,CVDKJVPS13428909,Curries of Life,YTAI13,DILF10,1565480.0,USD,4000,04/01/2014,391.37,USD,333.92
23/08/2012 02:03,DIRFHGZM43539181,Adamantium Bars,TVQQ54,LWGE44,54329396.8,KMF,50000,22/06/2014,161.56,USD,979.28
23/08/2012 02:04,STNZCSGP15965902,Samehadas,HNLV68,ZMLP81,25974.0,USD,100,12/03/2016,259.74,USD,305.57
23/08/2012 02:04,QNSQHBIG83529152,Thermal Regulation Suppositories,PKBF70,ZVEN26,281007.08,NPR,700,26/10/2013,303.89,USD,453.94
23/08/2012 02:05,GSWWPNEG69381963,Absorbing Eyes,YSSR29,HYSJ42,2590400.0,USD,80000,05/07/2015,32.38,USD,37.1
23/08/2012 02:05,BAKOTIDI21454266,Stocks,FORM54,UACN81,46491.86,TND,600,13/01/2015,13.32,USD,90.0
23/08/2012 02:05,MZASRXCP26437143,Bottled Faeries,ORQH73,HHOA99,1135500.0,USD,6000,21/06/2013,189.25,USD,194.55
23/08/2012 02:05,OZYVOWUI31481735,Stocks,QBVN33,VAHJ53,26485.0,USD,500,19/06/2016,306.73,MZN,51.8
23/08/2012 02:07,PFWWJZCR74361863,Digivices,OHKH76,HWJF09,921200.0,USD,10000,23/11/2016,92.12,USD,84.36
23/08/2012 02:07,PMNUMBAG71191496,Shed Shells,DOGG07,DBCS17,185147.68,LRD,600,20/11/2016,78.85,USD,323.29
23/08/2012 02:07,PQPWTOVZ29434147,Pandora Boxes,YFAM59,VIMV38,558200.0,USD,4000,11/12/2016,139.55,USD,117.23
23/08/2012 02:07,QQVDLCFG98813175,Stocks,SEKK26,YWMD69,36978.0,USD,200,08/01/2015,184.89,USD,166.61
23/08/2012 02:08,PRBQBHMH17194991,Golden Ink Pots,DREA89,ZXVX98,1802594.69,TTD,900,24/02/2014,387.27,USD,2115.95
23/08/2012 02:08,LVKAPHHH14940800,Golems,MFJJ99,QODV38,4482.0,USD,300,12/06/2015,14.94,USD,17.14
23/08/2012 02:08,BIMDRJPY10190965,Bolt Papers,MEOQ86,UHOG52,763358.83,KGS,500,19/12/2013,202.15,USD,1437.5
23/08/2012 02:09,SNLAGEDL65102304,Stocks,JXGF57,TFLS35,86920.0,USD,4000,06/02/2017,21.73,USD,23.03
23/08/2012 02:09,CUIPDQCF79145416,Triforces,LWGE44,SFEO61,1517001.38,VUV,300,25/06/2017,175.51,USD,4696.69
23/08/2012 02:09,NVFRQCQN32628638,Stoles,WHPS18,DJNE62,334080.0,USD,1000,08/10/2016,334.08,USD,389.45
23/08/2012 02:09,QAXXYQON70168011,Mjolnirs,MEOQ86,FORM54,426642218.91,TOP,90000,12/02/2015,593.59,USD,4685.84
23/08/2012 02:09,NIUPDYXO48195234,Soma Drops,THJF58,OCQF34,9242942.1,GNF,600,03/08/2014,124.37,USD,16542.79
23/08/2012 02:10,LXZXLEJS03899078,Stocks,JZTC69,HSWX88,1136694.02,SDG,7000,05/05/2013,20.35,USD,152.46
23/08/2012 02:10,IIQYKRHI33352995,Jumbonium Atoms,JCWS17,MYXF05,1562720.0,USD,8000,01/02/2013,195.34,USD,214.6
23/08/2012 02:10,DJTDNIPV31272647,Stocks,YCZA59,CAVR54,65940228.9,BDT,50000,29/03/2014,491.72,SLL,1279.89
23/08/2012 02:10,AEWNXQHT29333572,Stocks,TBVE46,PQSW95,9200.0,USD,400,09/12/2014,23.0,USD,22.04
23/08/2012 02:10,JKLAVEQJ35965033,Vagyrisk Claws,YTAI13,SHXQ48,31185.0,USD,900,21/06/2014,34.65,USD,41.71
23/08/2012 02:10,VWMASLAM78258097,Stocks,PBFW95,WYFO79,39570.0,USD,500,18/04/2017,79.14,USD,70.31
23/08/2012 02:10,IDECSRFL86549220,War Gongs,DGTY64,ZSXF19,10049.0,USD,100,09/04/2017,100.49,USD,98.47
23/08/2012 02:11,XFMUDGGK27323113,Stocks,AGBH66,WWNS72,224946.0,USD,900,06/01/2015,249.94,USD,246.74
23/08/2012 02:11,VNSYYCWC06727741,Rings of Polymorph Control,MYXF05,SMYT95,69756.0,USD,400,22/07/2017,174.39,USD,170.78
23/08/2012 02:12,DGPAOGKV79331993,Turbo Ethers,RLZK87,VPTI00,54072.33,MXN,200,16/10/2017,39.81,USD,231.89
23/08/2012 02:12,HCSCVECY43073672,Stocks,AMBT33,EIWJ22,1443625.84,OMR,4000,27/05/2016,84.2,USD,307.66
23/08/2012 02:13,FYAEHOOK07236235,Sticky Barbs,AHMZ79,RQGG65,3069579.84,PEN,80000,05/01/2017,177.72,USD,42.05
23/08/2012 02:13,UUAXENOG08647540,Stocks,OPET16,ORQH73,12395200.0,USD,40000,28/06/2017,309.88,USD,284.3
23/08/2012 02:13,BYDVGKOG13480160,Grassy Seeds,NCCX02,XHYN07,6559.0,USD,700,28/03/2013,40.71,EGP,7.92
23/08/2012 02:13,BRPTAJMD21328578,Frost Horns,ZVEN26,BBJG05,212864.0,USD,800,17/03/2013,266.08,USD,260.59
23/08/2012 02:14,QXPOMBOQ90823010,Stocks,BMRZ75,HPTP65,4698200.0,USD,20000,04/03/2014,19602.32,COP,223.85
23/08/2012 02:14,MMYLHZOG04097050,Metronomes,ZELV96,YWMD69,681730.0,USD,7000,06/09/2013,97.39,USD,83.42
23/08/2012 02:14,GKXFMVLR94999128,Madman's Knowledges,WYFO79,CAVR54,19718400.0,USD,60000,05/12/2014,328.64,USD,357.43
23/08/2012 02:15,HZPSPBSU18058164,Wind Shurikens,EMNK67,CMOI26,10037.14,BGN,800,28/02/2015,121.81,USD,13.58
23/08/2012 02:15,TVKKYYUP85229324,Stocks,SMYT95,AHMZ79,51243.0,USD,300,12/09/2017,170.81,USD,178.85
23/08/2012 02:15,EMUUHLSW55235763,Stocks,QXFF29,ZVEN26,31936.0,USD,800,16/09/2014,39.92,USD,36.19
23/08/2012 02:15,TYNNHGXC91562116,Stocks,PBFW95,BPLN25,36906.0,USD,300,08/04/2016,123.02,USD,126.25
23/08/2012 02:15,OKEINOOY79446044,Stocks,QBVN33,BBAX06,220500.0,USD,7000,06/08/2017,31.5,USD,37.59
23/08/2012 02:16,BRKIOZSI47931461,Stocks,CMOI26,ZSXF19,52640.0,USD,700,09/09/2016,494.97,MDL,73.83
23/08/2012 02:16,VMVDKENJ17823524,Deku Sticks,LIJW00,HFLM11,1321890.0,USD,3000,26/12/2016,440.63,USD,489.3
23/08/2012 02:16,ACUSQREA47175656,Clank Model Robots,ZSXF19,QETH27,9752.92,THB,100,17/02/2015,104.69,USD,81.68
23/08/2012 02:16,WUOPADRG87812563,Stocks,EDYH00,KRRO64,1147500.0,USD,5000,01/01/2015,229.5,USD,277.77
23/08/2012 02:17,BRLJYTXF65381306,Stocks,QLMY86,KRXZ15,95596.0,USD,400,12/05/2017,238.99,USD,204.23
23/08/2012 02:17,EUFUGWNA32835898,Master Balls,ZXVX98,DOGG07,529700.0,USD,5000,23/03/2013,105.94,USD,99.5
23/08/2012 02:17,RZJCLZNH09434487,Amulets of Life Saving,TKVF94,RDBE21,1917300.0,USD,6000,01/06/2014,319.55,USD,270.28
23/08/2012 02:17,VHRPAODX34704940,Stocks,HFLM11,ORQH73,1859280.0,USD,6000,04/08/2016,309.88,USD,330.62
23/08/2012 02:17,MCNZJROU92370532,Expert Belts,QHXJ50,HXDA52,89619.0,USD,300,24/03/2016,298.73,USD,256.71
23/08/2012 02:18,KRHVSGMD09002187,V-Tamer Taags,BBJG05,RDBE21,94293.19,SOS,300,30/11/2015,115.7,USD,264.55
23/08/2012 02:19,FRPZBDFX02747034,Stocks,BDBU00,OKYS51,150478.96,CAD,600,04/05/2016,12.98,USD,253.46
23/08/2012 02:19,WZQFVOTR42440922,Marvins,OCQF34,WHPS18,991000.93,CAD,700,09/08/2015,73.27,USD,1691.81
23/08/2012 02:20,QXZPSUNL34369677,Stocks,EPZN28,DILF10,86080.0,USD,500,30/07/2013,172.16,USD,156.83
23/08/2012 02:20,GMGJGUHP18296989,Ghost Disks,HSWX88,NCCX02,26032.0,USD,800,13/08/2015,32.54,USD,36.9
23/08/2012 02:20,VSSOYCKE96420853,Stocks,DILF10,ZNQA84,2120400.0,USD,20000,16/11/2016,6024.32,MYR,100.93
23/08/2012 02:21,KJNBUVFC89110581,Stocks,FDWI64,OQXV70,5128.0,USD,800,18/01/2014,6.41,USD,6.39
23/08/2012 02:21,IFFUZYCL71625935,Stocks,LIIS96,EPZN28,313600.0,USD,7000,10/08/2014,44.8,USD,48.43
23/08/2012 02:21,NOGCKXTG40190027,Stocks,CVMG22,JZTC69,55500.0,USD,300,25/09/2013,185.0,USD,166.66
23/08/2012 02:21,WUWNSTVF35700004,Rare Candies,YOQG45,PIFN94,170745834.75,GNF,10000,27/05/2015,847.36,AOA,17181.41
23/08/2012 02:21,HSRKXCEG47508897,V-Tamer Taags,PQSW95,RDBE21,46280.0,USD,400,13/11/2015,197.55,NIO,101.99
23/08/2012 02:22,GKZZJUVC05525288,Stocks,WVHK10,ISWT83,63310.0,USD,500,12/05/2017,126.62,USD,141.43
23/08/2012 02:22,MFLDADQZ55938217,Hand Lanterns,OPZI26,CIXF70,246470.0,USD,500,18/12/2017,492.94,USD,433.77
23/08/2012 02:22,EXRKVWOW75412650,Wood Mats,LWGE44,QMZU44,60942.0,USD,300,09/03/2016,203.14,USD,177.41
23/08/2012 02:22,VYQKCSSL73373613,Blue Digizoids,ORQH73,INIL60,4144907.23,SRD,1000,22/12/2015,578.93,USD,4174.91
23/08/2012 02:22,MNBATQIV05445752,Stocks,VVXA11,HHFP66,167310.0,USD,1000,11/01/2017,75088.23,TWD,182.78
23/08/2012 02:23,ZZVUWTYC58148335,Stocks,EMNK67,KRRO64,11475000.0,USD,50000,05/02/2014,229.5,USD,215.42
23/08/2012 02:23,ULSGSBUH65426252,Vampire Fangs,CVMG22,PNFK78,1049461.39,TOP,700,20/11/2017,187.73,USD,1376.01
23/08/2012 02:23,USSSECYP65754032,Stocks,QOKP03,MRAH32,1887605.28,CDF,90000,25/02/2014,97.46,USD,18.54
23/08/2012 02:23,RFAQJYOY09941954,Stocks,QODV38,OUNH49,8827200.0,USD,80000,25/08/2013,110.34,USD,102.51
23/08/2012 02:23,UCATVYYR14519981,Coldblood Dews,DREA89,VIMV38,16357.96,BAM,100,28/12/2017,367.76,USD,178.29
23/08/2012 02:23,VQIUYKNM39429983,Stocks,XHYN07,UWUK72,48424.0,USD,400,12/06/2014,121.06,USD,136.34
23/08/2012 02:24,UXAPAENA28301670,Stocks,LBKT00,AYIH50,3174750.01,FKP,4000,07/09/2014,105.77,USD,862.85
23/08/2012 02:24,NSAHUDVU74104199,Stocks,KRXZ15,XRBV61,11859000.0,USD,60000,26/09/2014,197.65,USD,177.81
23/08/2012 02:24,CMILYMBM21620538,Stocks,AWYB85,VLJL11,5647524.4,BND,50000,06/11/2017,302.33,USD,125.63
23/08/2012 02:24,BKVSFFED29969646,Cerebros,NCXS33,AMRO66,215175.89,BMD,600,08/02/2017,307.28,USD,310.34
23/08/2012 02:24,PEASVFRV07551428,Misty Seeds,UEVD88,TQSJ85,619224.26,SZL,700,16/11/2014,30.36,NGN,997.67
23/08/2012 02:25,UGUBXGYI81157419,Stocks,AMBT33,PJKH65,143100.59,SGD,1000,25/09/2014,19.22,USD,127.81
23/08/2012 02:26,XZXPPNDQ52382540,Stocks,DJNE62,ZSXF19,37600.0,USD,500,07/10/2015,75.2,USD,73.8
23/08/2012 02:27,SGIJFAAP72588170,Star Rubies,TBVE46,GYWU23,6547.19,PLN,100,26/01/2016,328.18,USD,59.51
23/08/2012 02:27,CYSKNIKF53134813,Wide Lenses,KKGI60,NGBA40,176490.0,USD,3000,21/11/2016,58.83,USD,62.57
23/08/2012 02:27,AFJCBLZN79976693,Arc Reactors,OPET16,DOGG07,46599700.0,USD,70000,01/07/2016,1103.81,BIF,773.46
23/08/2012 02:27,TFFQKLUG27901831,Stocks,LWGE44,ZNQA84,74214.0,USD,700,19/10/2017,106.02,USD,99.0
23/08/2012 02:27,SRTZTCZU50134165,Stocks,BBAX06,QODV38,62390.0,USD,500,11/07/2015,124.78,USD,114.36
23/08/2012 02:27,SUOISMWE78793939,Holy Grails,YOQG45,RLZK87,1840440.0,USD,6000,07/12/2013,306.74,USD,336.87
23/08/2012 02:28,CLVBKQBX07617983,Crystal Balls,LAUA80,QETH27,6393273.93,NIO,9000,24/08/2013,416.05,USD,738.05
23/08/2012 02:28,UCFIBSPH43598232,Feedbags,VVXA11,SUOX82,62454.0,USD,700,09/11/2014,470.15,ZAR,104.44
23/08/2012 02:28,NMLYQTYO10298756,Carpenters,PJKH65,FGVK43,1545851.52,BDT,800,18/02/2013,216.0,USD,1831.0
23/08/2012 02:28,XTYICPLE48055997,Stocks,FORM54,UWUK72,12106.0,USD,100,02/09/2016,121.06,USD,135.15
23/08/2012 02:28,CNZAMETU70816159,Stocks,SZRJ90,VESX21,3573309.49,VND,4000,24/03/2017,145.69,USD,953.57
23/08/2012 02:29,YCRORQUZ16002388,Choice Scarfs,RNZB01,PVAZ61,3113200.0,USD,40000,23/12/2013,77.83,USD,77.87
23/08/2012 02:29,JKCSKJUS81360999,Drops,VCSF07,MEOQ86,138692.0,USD,400,29/12/2016,346.73,USD,321.0
23/08/2012 02:29,LRQGSWHQ85632010,Stocks,MFZY76,NXTO39,131949.0,USD,900,21/12/2013,146.61,USD,159.3
23/08/2012 02:29,YRTQSBYA70575405,Old Hunter Bells,PJKH65,WYFO79,16452600.0,USD,60000,25/06/2014,274.21,USD,313.75
23/08/2012 02:29,TCKRDHIF97918030,Stocks,IIZF28,TYAE14,1148221.04,SYP,3000,22/06/2013,854.27,PKR,393.27
23/08/2012 02:30,VLTHKZAE60358853,Fire Papers,SEKK26,HHFP66,57466.0,USD,200,08/08/2014,287.33,USD,302.02
23/08/2012 02:30,RVHROFUQ29955358,Nefarious Security Cards,FORM54,AMRO66,37096759.44,IQD,9000,24/02/2015,384.8,USD,3496.93
23/08/2012 02:31,PARBJFCC74818282,Dream Powder,RJCA92,LIIS96,2399835.46,HKD,6000,05/02/2016,385.01,GEL,362.09
23/08/2012 02:31,NFNUKYLG52346669,Stocks,HPTP65,CIXF70,57600.0,USD,900,10/04/2016,64.0,USD,57.63
23/08/2012 02:31,KHYQVAMP70262809,Stocks,OUNH49,EDYH00,3083600.0,USD,40000,26/01/2013,77.09,USD,83.4
23/08/2012 02:31,LHOBOGZA44917730,Grassy Seeds,EKXA24,XHYN07,5700.33,ISK,200,14/02/2015,9.37,USD,25.61
23/08/2012 02:32,HQRHAKRT18075376,Stocks,SXTM39,VGYT30,800820.0,USD,6000,20/04/2016,133.47,USD,153.58
23/08/2012 02:32,KHLOZCWT76509965,Stocks,FJOI82,IZLM67,52336.0,USD,800,22/08/2014,700.76,IQD,78.83
23/08/2012 02:32,KSAZNPLR82851400,Mirrors of Hope,GBEZ65,QLCE04,100167.73,XPF,500,27/10/2013,644.58,USD,191.77
23/08/2012 02:33,GIVRGKVB35151283,Stocks,RFZG50,EIWJ22,42100.0,USD,500,10/01/2014,84.2,USD,77.88
23/08/2012 02:33,YRSUDYIY66678354,Silver Apples,QBAP68,KUWI70,211008.0,USD,700,24/04/2017,301.44,USD,271.06
23/08/2012 02:33,IOTMHKLI79626616,Bone Marrow Ashes,ERHJ34,QAZT26,374780.0,USD,7000,26/03/2017,53.54,USD,53.66
23/08/2012 02:33,KBRLPHEX60782508,Stocks,DVVB31,FGVK43,12474.0,USD,300,23/03/2016,41.58,USD,42.68
23/08/2012 02:33,EEHZTBED25975685,Gundams,OQXV70,SBUT62,415240.0,USD,1000,20/02/2017,415.24,USD,376.8
23/08/2012 02:34,XKNEZJOK24499223,Stocks,HHOA99,MFZY76,44391.0,USD,300,31/07/2016,147.97,USD,155.35
23/08/2012 02:34,OBBOXHYG41159568,Stocks,WVEI17,CBOX52,241430.0,USD,1000,08/02/2017,241.43,USD,263.08
23/08/2012 02:34,DQMCELHR15787349,Bone Marrow Ashes,NCXS33,QAZT26,16062.0,USD,300,07/03/2016,53.54,USD,58.03
23/08/2012 02:34,PDEJHDLJ83525140,Stocks,GIWG34,WVEI17,297219.1,SAR,400,27/06/2014,104.69,USD,771.19
23/08/2012 02:35,PPOUOLIH61918081,Stocks,HSWX88,QBVN33,453660.0,USD,6000,06/10/2014,75.61,USD,82.53
23/08/2012 02:35,NNPAKKER25869666,Stocks,TKVF94,SRYE59,2376.0,USD,800,18/04/2016,2.97,USD,2.75
23/08/2012 02:35,IEDAEHBC00020910,Stocks,RQGG65,ISWT83,37986.0,USD,300,06/10/2016,126.62,USD,138.86
23/08/2012 02:36,MEXOWARE53236709,Clank Model Robots,EIWJ22,QETH27,10469.0,USD,100,05/11/2015,104.69,USD,123.06
23/08/2012 02:36,SZGMTCKO74990510,Stocks,GYWU23,LAUA80,689744.65,SEK,1000,29/10/2017,180.5,USD,746.52
23/08/2012 02:36,WVEZYKAA54724520,Blue Flutes,OQXV70,TYAE14,281745.0,USD,900,08/08/2016,313.05,USD,327.42
23/08/2012 02:36,YVIJSJUT30009760,Stocks,DREA89,RLZK87,1355340.0,USD,7000,17/11/2013,741.51,SHP,200.91
23/08/2012 02:36,JBURCDFS38101826,Stocks,IZTD25,FAWI50,412516.74,MVR,200,04/02/2017,9291.24,INR,1874.63
23/08/2012 02:36,DZVXKVXH00079036,Catbuses,GGLV00,DREA89,39753600.0,USD,60000,19/09/2015,662.56,USD,594.27
23/08/2012 02:36,JVGSNVNY25237582,Stocks,VTKE98,AYIH50,47104.67,VEB,300,28/04/2014,105.77,USD,183.19
23/08/2012 02:37,BSOPPDJE29464000,Vorpal Swords,EKXA24,OQXV70,14711500.0,USD,50000,25/07/2016,294.23,USD,241.63
23/08/2012 02:37,QRNNCPIS44550177,Digivices,THJF58,HWJF09,55272.0,USD,600,26/08/2015,34.42,BND,85.02
23/08/2012 02:37,MYXJBXDH93926449,Stocks,GSTD71,ZSXF19,60160.0,USD,800,08/05/2013,75.2,USD,84.71
23/08/2012 02:37,VIBWWJGM63650394,Argonaughts,ZBIO05,GYWU23,212384.0,USD,800,09/01/2014,265.48,USD,305.81
23/08/2012 02:37,TAERUSSO05866599,Stocks,VIMV38,KRXZ15,9559600.0,USD,40000,19/10/2015,238.99,USD,260.76
23/08/2012 02:37,JUGYXCBV40658565,Stocks,HWJF09,JVHD93,18150.0,USD,3000,24/01/2016,6.05,USD,4.68
23/08/2012 02:38,SCYPAAET93888009,Stocks,VKMV12,LBKT00,7551.0,USD,900,15/10/2014,8.39,USD,7.02
23/08/2012 02:38,TKSIAYYR61915420,Celestial Dials,UIKN63,INIL60,1260960.0,USD,8000,11/08/2013,157.62,USD,131.35
23/08/2012 02:38,DHQLWPJT73489906,Iron Sands,VXSM31,YTAI13,63170014.05,RUB,9000,07/09/2013,399.75,USD,6498.83
23/08/2012 02:38,YGFDCZNX48763442,Tachyons,BMRZ75,PNFK78,190264.0,USD,800,20/05/2015,237.83,USD,260.88
23/08/2012 02:38,ATGYTHYN87116631,Stocks,THJF58,FJOI82,100548.0,USD,900,30/04/2015,111.72,USD,102.6
23/08/2012 02:38,CESVJJHR75814771,Stocks,KEVJ11,HFLM11,44547.0,USD,300,29/11/2016,148.49,USD,137.57
23/08/2012 02:38,YNYXGQFK09123333,Stocks,IZTD25,YCZA59,75448.0,USD,800,13/05/2013,94.31,USD,86.26
23/08/2012 02:38,HMCTIMIL35398524,Stocks,MFJJ99,HSWX88,14672.55,YER,100,18/11/2013,157.14,KYD,179.08
23/08/2012 02:38,IGDJUMAI38013826,Nanotech Crates,EIWJ22,EDYH00,2694000.0,USD,6000,29/03/2015,449.0,USD,507.9
23/08/2012 02:39,XLCMTKBN43684562,Teeth of the Dragon,ZSXF19,HWJF09,651851.59,AED,900,26/06/2015,636.17,USD,651.12
23/08/2012 02:40,ZFJAWSBO55683543,Stocks,AMRO66,AHMZ79,51243.0,USD,300,31/08/2017,34.08,PLN,141.0
23/08/2012 02:40,YENZCEAJ18865849,Stocks,KKGI60,MRAH32,77968.0,USD,800,22/07/2015,97.46,USD,107.93
23/08/2012 02:40,RKKUBWNT77350485,Baku Disks,VAHJ53,QWOA67,110684.65,SCR,800,24/06/2013,3472.54,HRK,125.03
23/08/2012 02:40,GOFPAZWO54895525,Stocks,VXSM31,HNLV68,21536.0,USD,400,17/09/2017,53.84,USD,61.58
23/08/2012 02:40,TQGHMZGN14542083,Assault Vests,NQJL85,LIIS96,1480600.0,USD,4000,01/12/2013,370.15,USD,355.55
23/08/2012 02:40,CWLJFZWV79980321,Flames of Apollo,LWGE44,FTFI87,87507.89,BIF,300,05/08/2015,175.92,USD,307.0
23/08/2012 02:41,YBXPVEHH84757072,Krytonite Ore,EDYH00,HFLM11,52932.0,USD,200,13/12/2016,264.66,USD,311.59
23/08/2012 02:41,VABYDLAL04487758,Stocks,FGVK43,THJF58,2464.0,USD,100,20/04/2014,24.64,USD,19.87
23/08/2012 02:41,PZBRYCWF29062336,Phasers,QLMY86,DGTY64,18485.0,USD,100,07/07/2013,184.85,USD,159.0
23/08/2012 02:43,UWSNVSCY57794527,Stocks,WVHK10,PJKH65,961000.0,USD,50000,20/01/2014,181.97,AWG,18.18
23/08/2012 02:43,PXVYMIJW52211937,Cranium Inflolinks,QAZT26,ZVEN26,15315378.0,NIO,60000,01/06/2016,149.5,USD,227.18
23/08/2012 02:43,DXDYNRCJ89770968,Stocks,HFLM11,NQJL85,7399321.61,CAD,5000,05/09/2013,76.59,USD,1656.68
23/08/2012 02:43,EXRWAPSR91043566,Stocks,SXTM39,TKVF94,16310.0,USD,500,28/07/2016,32.62,USD,26.76
23/08/2012 02:43,TCIQEUVN59921081,Tear Stones,BBAX06,LIJW00,13207.0,USD,100,10/02/2016,132.07,USD,111.52
23/08/2012 02:44,HZWSUYHV90024959,Stocks,ZXVX98,FDWI64,34939.74,ALL,700,03/06/2015,393.3,RUB,54.37
23/08/2012 02:44,UHKZMUUV79496177,Stocks,QBAP68,LKPN86,29435.0,USD,500,13/05/2016,58.87,USD,49.82
23/08/2012 02:44,NNGDMEYT79837970,Stocks,EWUY52,QETH27,23300.0,USD,10000,11/06/2017,2.33,USD,2.13
23/08/2012 02:45,JFGDAZHA12208108,Elven Cloaks,CMZC67,MHFC34,366660.0,USD,900,17/10/2015,407.4,USD,434.89
23/08/2012 02:45,JUAUEACG53954592,Stocks,FJOI82,AWYB85,84133.0,USD,700,24/05/2014,120.19,USD,120.02
23/08/2012 02:45,THLFWJHV88976298,Stocks,QODV38,KTLA69,902720.0,USD,7000,04/01/2015,128.96,USD,142.81
23/08/2012 02:45,HEKPQUNN44802606,Stocks,SUOX82,IJPI82,97800.0,USD,1000,30/10/2014,97.8,USD,111.08
23/08/2012 02:45,WVKGUKHQ26318164,Philosopher Stones,QMZU44,IJPI82,21676.0,USD,200,16/10/2014,108.38,USD,94.87
23/08/2012 02:46,PARXSZEO61701394,Sonic Screwdrivers,CAVR54,PVAZ61,496593.35,JOD,900,25/09/2014,212.53,USD,498.67
23/08/2012 02:46,GKDRKLON33336652,Stocks,UACN81,YSSR29,403280.0,USD,8000,06/07/2016,50.41,USD,47.15
23/08/2012 02:47,LSZJHUUM91108308,Sensu Beans,WHPS18,MFJJ99,12335400.0,USD,30000,08/11/2015,411.18,USD,437.87
23/08/2012 02:47,SNMBIRRZ28144669,Stocks,VCSF07,WHPS18,22197.0,USD,700,06/05/2015,31.71,USD,28.95
23/08/2012 02:47,YLYVQUFW50285232,Full Faces,EKXA24,QLCE04,828248.99,FJD,200,02/04/2016,456.97,USD,4285.83
23/08/2012 02:47,ESMJLVNL18947653,Luckstones,SXHU74,VKMV12,1205460.0,USD,6000,21/01/2015,200.91,USD,230.2
23/08/2012 02:47,IVGZRNCW33045636,Cornuthaums,QBVN33,FGQR22,360960.0,USD,3000,14/11/2016,120.32,USD,96.07
23/08/2012 02:48,GGGYHZIQ51883334,Cocoons,VESX21,FGQR22,2550480.0,USD,8000,30/01/2017,318.81,USD,305.69
23/08/2012 02:48,JIWECAEC29054354,3D Maneuver Gears,PKBF70,NXTO39,4610.96,SHP,400,22/01/2017,3.01,USD,10.83
23/08/2012 02:48,OYCLHZYG84015476,Master Balls,GBEZ65,DOGG07,31782.0,USD,300,28/08/2014,105.94,USD,117.32
23/08/2012 02:49,LYBMVQWO12889854,Wands of Watoomb,NFAH30,VKMV12,488662.69,TTD,200,21/12/2015,472.43,USD,2191.68
23/08/2012 02:49,WVCDCTEG40696299,Stocks,IZLM67,OCQF34,10576000.0,USD,80000,26/07/2017,132.2,USD,150.2
23/08/2012 02:50,BCHXKBFR49177664,Stocks,UEVD88,GYWU23,87.18,JPY,100,26/01/2017,18.51,USD,0.93
23/08/2012 02:50,YIAPJKGQ62378572,Magic Flute,LIIS96,AHMZ79,16097200.0,USD,70000,29/01/2015,229.96,USD,215.11
23/08/2012 02:50,ONSIUEJO97190673,Cainhurt Summons,CAVR54,KEVJ11,151688.0,USD,400,22/08/2017,379.22,USD,434.36
23/08/2012 02:51,KSYPHLFK84198974,Meow Meow Beans,SZRJ90,UEVD88,150905.0,USD,500,13/10/2015,301.81,USD,279.5
23/08/2012 02:52,MOAKHZXW81429582,Elven Boots,TVQQ54,RFZG50,3415.0,USD,500,12/10/2016,6.83,USD,5.71
23/08/2012 02:52,GEVMVQFD80907630,Stocks,UWUK72,VCSF07,272960.0,USD,8000,12/09/2014,34.12,USD,29.87
23/08/2012 02:53,TVRDMNQH75464091,Stocks,GGLV00,SFEO61,153298.05,XAF,8000,26/09/2015,4.72,USD,21.71
23/08/2012 02:53,IHVQHHJB63835711,Pipboys,VPTI00,DDIB11,6777200.0,USD,40000,28/07/2014,169.43,USD,176.73
23/08/2012 02:53,TRHKPGIA11890555,Lightsabres,QBAP68,LKPN86,113040.0,USD,8000,17/09/2016,14.13,USD,16.13
23/08/2012 02:53,MYVFOSJC12443581,Stocks,DBCS17,HWHS51,14585900.0,USD,70000,14/08/2015,208.37,USD,191.92
23/08/2012 02:53,BYYNJEAA90154991,Nuka-cola,IJPI82,VKMV12,61347.03,CAD,100,25/06/2014,31.75,USD,680.42
23/08/2012 02:53,ABATXFIY72136349,Stocks,QHXJ50,RLZK87,3225050.89,STD,3000,23/08/2017,193.62,USD,1050.3
23/08/2012 02:54,SGMICNRB58213713,Speed Boots,ZVEN26,VVBY18,1755250.0,USD,7000,01/02/2015,250.75,USD,266.21
23/08/2012 02:55,KIWQIBIK88008669,Stocks,CVMG22,LBKT00,2490372.66,XCD,9000,16/05/2017,8.39,USD,304.45
23/08/2012 02:55,ABUPJGAN02523402,Stocks,ZELV96,CIXF70,1280000.0,USD,20000,10/06/2014,64.0,USD,61.15
23/08/2012 02:55,UVQJXYKH12254143,Orcish Ring Mail,OQXV70,VLJL11,5108500.0,USD,50000,06/04/2015,102.17,USD,112.75
23/08/2012 02:55,DXBCBLKB46674369,Stocks,RFZG50,UACN81,1065600.0,USD,80000,12/11/2016,13.32,USD,12.16
23/08/2012 02:56,OYEXWSFJ25037141,Horns of Plenty,EIWJ22,ZNQA84,284590.0,USD,1000,30/01/2013,284.59,USD,252.72
23/08/2012 02:56,ZXQWSWCC01725598,Dragon Scale Mail,TBVE46,CAVR54,550264.59,JOD,500,18/04/2017,423.9,USD,1076.84
23/08/2012 02:57,PQCXCDTK41011744,Silver Apples,KKGI60,KUWI70,90432.0,USD,300,21/01/2016,301.44,USD,237.17
23/08/2012 02:57,TCUBAHBH10048908,Stocks,AMBT33,UHOG52,263970.0,USD,9000,16/08/2017,29.33,USD,36.58
23/08/2012 02:57,WHYAKRTY50565487,Cancellers,YLGZ72,DILF10,1068680.0,USD,4000,12/03/2017,26321.64,BBD,235.48
23/08/2012 02:58,XFPKHJRD42283353,Stocks,SAAM06,LIIS96,1090320.0,USD,8000,17/12/2017,136.29,USD,150.94
23/08/2012 02:58,RWXTIGGY13474670,Dream Powder,OHKH76,LIIS96,733760.0,USD,8000,06/04/2015,91.72,USD,97.03
23/08/2012 02:59,GAAFTOIL24385182,Stocks,QXFF29,QETH27,46600.0,USD,20000,20/12/2017,2.33,USD,2.19
23/08/2012 02:59,KDHGQMLL38205083,Rings of Polymorph,WHPS18,UHOG52,3076835.9,MOP,7000,24/10/2013,540.45,USD,399.47
23/08/2012 02:59,WKHQOWMK52972248,Stocks,IBLA29,MFJJ99,4816000.0,USD,70000,23/12/2014,68.8,USD,58.19
23/08/2012 02:59,XRHVTEHM06802286,Thermal Regulation Suppositories,TFLS35,ZVEN26,273501.0,USD,900,07/05/2016,2295.1,KGS,351.26
23/08/2012 03:00,UFYTNBXZ02314446,Stocks,UIKN63,IIZF28,96363.0,USD,900,17/07/2016,107.07,USD,115.04
23/08/2012 03:00,LNPCECBU00761328,Bolts,VLJL11,EPZN28,231406.0,USD,700,16/05/2015,330.58,USD,268.96
23/08/2012 03:00,AERQCYTW18125643,Stocks,DVVB31,KRXZ15,11949500.0,USD,50000,25/06/2016,238.99,USD,217.28
23/08/2012 03:01,HMFGWWOH84495548,Stocks,ZDAI73,UIKN63,4233750.78,SZL,6000,25/04/2016,150.05,USD,653.02
23/08/2012 03:01,ZYVAOHNP22661993,Stocks,SZRJ90,TBVE46,73770.0,USD,500,12/06/2017,147.54,USD,158.31
23/08/2012 03:01,BUDFRWBV40099471,Stocks,GBEZ65,UACN81,13320.0,USD,1000,01/05/2014,13.32,USD,14.25
23/08/2012 03:01,ANFMIHYK39423470,Adrenaline Orbs,QAZT26,MKHA46,128286.0,USD,600,06/08/2014,213.81,USD,175.0
23/08/2012 03:02,YRYCXDFE42407041,Stocks,IBLA29,WIZJ73,791808.86,IQD,7000,13/07/2014,10.56,USD,119.07
23/08/2012 03:02,FWXPCUBN58025991,T-800s,PKBF70,QAZT26,16944200.0,USD,70000,29/04/2014,1343.97,STD,209.24
23/08/2012 03:02,UDSZRQWU76308278,Stocks,OPET16,KRXZ15,7169700.0,USD,30000,21/01/2016,238.99,USD,259.0
23/08/2012 03:02,LMCAVKET11718764,Premium Nanotech,SWGF93,DREA89,133353400.88,ILS,70000,08/09/2016,242.12,USD,2039.76
23/08/2012 03:02,TVDFEMEK77284262,Stocks,PNFK78,VPTI00,5898600.0,USD,90000,07/03/2016,65.54,USD,58.84
23/08/2012 03:02,GFJDBLWI21642512,Gantz Balls,MKHA46,TBVE46,3768200.0,USD,10000,14/02/2013,376.82,USD,406.96
23/08/2012 03:02,MZCASNPJ32841909,Gauntlets of Zeus,MEOQ86,FDWI64,19014.0,USD,200,02/02/2016,95.07,USD,103.68
23/08/2012 03:02,CGAKYNVJ77327872,Helms of Brilliance,KUWI70,UFAY59,22894658.77,MWK,9000,16/04/2016,414.95,USD,2674.62
23/08/2012 03:03,DRRTUXIG48523311,Venom Canisters,ZFHD93,DOGG07,12170360.2,BDT,9000,28/05/2016,151.16,USD,1495.29
23/08/2012 03:03,YXHOAIML51720433,Stocks,QXFF29,UEVD88,119856.0,USD,600,20/07/2017,1595.3,TOP,228.51
23/08/2012 03:03,TCHVXGKU64425151,Tear Stones,SRYE59,LIJW00,13207.0,USD,100,20/11/2017,132.07,USD,114.23
23/08/2012 03:04,OYONOABA17770758,Ethers,NCCX02,PQSW95,8589000.0,USD,60000,03/02/2017,143.15,USD,174.09
23/08/2012 03:05,ISTLTWWP39530233,Stocks,JXGF57,RDBE21,21279.2,CRC,700,22/09/2013,23.79,USD,29.47
23/08/2012 03:05,VRTVQZQS66321948,Stocks,ERHJ34,QWOA67,86094.0,USD,600,26/12/2013,143.49,USD,117.21
23/08/2012 03:05,RMFTRYGB00891472,Magic Whistles,TRFG21,PJKH65,17298900.0,USD,90000,21/02/2016,2197.4,GBP,197.94
23/08/2012 03:06,RCFFZQLZ07706873,Vesper,LBKT00,VXSM31,1588945.27,MDL,600,01/10/2015,402.34,USD,3217.95
23/08/2012 03:06,HJOGBFUN46040912,Holy Hand Grenades,BDBU00,VLJL11,1636640.0,USD,8000,02/11/2015,204.58,USD,248.28
23/08/2012 03:06,QTXFEADR13266481,True Names,NCYN50,FYYD57,2880105.26,CNY,4000,30/03/2017,109.73,USD,774.3
23/08/2012 03:06,ZJGOUSSE87904496,Stocks,OKYS51,QHXJ50,90260.0,USD,1000,28/06/2015,90.26,USD,95.04
23/08/2012 03:07,TGDGBVYZ05756604,Stocks,KKZA87,PBFW95,49205556.54,TOP,30000,31/10/2014,205.38,USD,1964.36
23/08/2012 03:07,WXXZGLEH15471618,Leaves of Lorien,DDIB11,GBEZ65,31235.95,BND,800,07/06/2013,104.51,USD,33.85
23/08/2012 03:07,RFIPQGZX76253665,Stocks,YLGZ72,QHXJ50,541560.0,USD,6000,04/08/2015,90.26,USD,103.3
23/08/2012 03:07,YQRYDQOO01647604,Stocks,YWMD69,AMRO66,839524.02,LRD,4000,06/11/2014,53.63,USD,204.69
23/08/2012 03:08,DUUWJGBH91075158,Stocks,OPET16,CMZC67,72621.0,USD,900,05/08/2017,80.69,USD,86.21
23/08/2012 03:08,VYJLZOTK78829004,Stocks,VLJL11,WYFO79,6331200.0,USD,80000,08/06/2014,214.99,SOS,93.09
23/08/2012 03:08,HRVKYGNP67730738,Rings of Cold Resistance,ISWT83,DGTY64,246590.0,USD,1000,05/08/2013,246.59,USD,232.71
23/08/2012 03:08,AGLNBRKL87424364,Stocks,PQSW95,KRXZ15,1672930.0,USD,7000,23/08/2016,649.24,SOS,226.5
23/08/2012 03:09,DVHVDSPN09120879,Stocks,FJOI82,JCWS17,1427498.21,PGK,3000,02/10/2017,179.37,USD,521.29
23/08/2012 03:09,HKPCZCWG66553785,Koins,HXDA52,IZLM67,25162.0,USD,200,18/02/2014,125.81,USD,107.38
23/08/2012 03:09,FKDLOQFX21656159,Monol Disks,CQPJ57,IZLM67,324210.0,USD,3000,09/08/2015,108.07,USD,118.6
23/08/2012 03:10,NTXBTQGJ54552600,Amulets Versus Poison,QWOA67,PJKH65,1338800.0,USD,20000,13/01/2016,66.94,USD,76.77
23/08/2012 03:10,HIBIPYUU21100921,Ninja Info Cards,MHFC34,EKXA24,84396.0,USD,200,03/10/2017,421.98,USD,393.98
23/08/2012 03:10,FYFCNXPQ82314636,Rings of Hunger,TRFG21,ITTS26,120654.0,USD,600,04/09/2015,201.09,USD,221.28
23/08/2012 03:10,TGNPSWZL22299102,Stocks,QETH27,PVAZ61,320780.0,USD,2000,03/11/2017,160.39,USD,142.7
23/08/2012 03:10,PZCPDIWG56501008,Stocks,CVMG22,GZED20,1042900.0,USD,5000,15/06/2013,208.58,USD,229.34
23/08/2012 03:10,WKVOSKMB72699008,Mystic Keys,FTFI87,RFZG50,741790.0,USD,7000,28/12/2016,105.97,USD,105.39
23/08/2012 03:11,NFYFJSPW85990251,Stocks,QBVN33,AMBT33,724500.0,USD,50000,07/03/2016,14.49,USD,12.71
23/08/2012 03:11,IADEAAHB40064303,Stocks,TVQQ54,IJPI82,6846000.0,USD,70000,11/12/2013,97.8,USD,102.45
23/08/2012 03:12,ABMCZJRU54593531,Stocks,XRBV61,TQSJ85,2379961.93,NIO,7000,20/08/2014,199.13,USD,353.94
23/08/2012 03:12,FWVKXLZB33502704,Energon Cubes,PIFN94,VESX21,4615408.74,CVE,800,14/08/2013,528.96,USD,6293.01
23/08/2012 03:12,ARGAZWRQ65147166,Amulets Versus Poison,YTAI13,PJKH65,1739435.9,MAD,10000,12/04/2014,66.94,USD,199.8
23/08/2012 03:14,YSMZMVFJ44685314,Stocks,SUOX82,DNIL23,8397200.0,USD,40000,09/02/2016,209.93,USD,174.5
23/08/2012 03:14,MBCSZTRB73234742,Coldblood Dews,YWMD69,VIMV38,1623528374.16,PHP,70000,30/09/2013,367.76,USD,20723.7
23/08/2012 03:14,XKRAXLAM76244214,Hare Disks,GIWG34,LIIS96,237770.0,USD,1000,15/05/2017,237.77,USD,217.75
23/08/2012 03:14,HGAITVFI02736305,Sigils,YTAI13,DDIB11,7952000.0,USD,50000,11/12/2013,159.04,USD,184.42
23/08/2012 03:15,FFCFCOOH71783621,Stocks,ZELV96,IBLA29,132622.48,ISK,100,06/05/2014,436.0,USD,1201.66
23/08/2012 03:16,QVECMGAR04825102,Stocks,AHMZ79,QAZT26,2250720.0,USD,8000,07/03/2015,281.34,USD,290.44
23/08/2012 03:16,XIEQTDZM34122169,Stocks,RFZG50,RQGG65,5748.6,BAM,200,18/03/2015,64.62,USD,26.88
23/08/2012 03:17,GCPXWNDK72128776,Stocks,ZSXF19,VIMV38,32964.0,USD,200,04/02/2015,164.82,USD,181.05
23/08/2012 03:17,BNFKICLE57540555,Stocks,GGLV00,UIKN63,1500500.0,USD,10000,30/07/2013,872.89,TND,160.24
23/08/2012 03:17,WXRVMFGJ89622025,Stocks,VCSF07,OCQF34,2876209.3,SYP,5000,17/07/2014,132.2,USD,508.63
23/08/2012 03:17,ZFELCVHC52879222,Quicksilver Bullets,FDWI64,QMZU44,882817.61,CAD,300,27/03/2013,152.3,USD,3292.59
23/08/2012 03:17,LOTNGZQZ29869520,Butterflys,DDIB11,SBUT62,26837.0,USD,100,09/03/2015,268.37,USD,237.58
23/08/2012 03:17,MORBDCME32516303,Air Balloons,INIL60,ITTS26,17703.0,USD,300,20/10/2014,59.01,USD,54.13
23/08/2012 03:17,FEDHTKNN65041501,Stocks,MFJJ99,VVBY18,651374.1,RUB,900,07/02/2014,41.22,USD,710.83
23/08/2012 03:17,CERCDTVR22016852,Stocks,RQGG65,CMOI26,17275574.34,CHF,10000,11/11/2013,211.02,USD,1932.83
23/08/2012 03:17,JEQATORC81442522,Potions of Booze,QXFF29,YWMD69,544680.0,USD,9000,21/06/2013,60.52,USD,66.63
23/08/2012 03:18,TOGRDPFK21383580,Stocks,PJKH65,WVHK10,6348270.07,MUR,900,03/07/2017,104.57,USD,6324.6
23/08/2012 03:18,CKMOCDIA58802913,Stocks,PIFN94,BBJG05,202460.0,USD,1000,30/01/2015,202.46,USD,232.87
23/08/2012 03:18,NXAOYSSE16094497,Blue Shells,HSWX88,QBAP68,4096800.0,USD,8000,16/12/2016,512.1,USD,452.52
23/08/2012 03:19,RLXZTUPQ92860896,Ampules,GZED20,LAUA80,2466720.0,USD,8000,26/07/2017,308.34,USD,340.49
23/08/2012 03:20,AYGQXHKS12345888,Absorbing Eyes,NFAH30,HYSJ42,3438011.26,LYD,10000,12/08/2015,32.38,USD,360.97
23/08/2012 03:20,NBEKJMXP43803485,Stocks,DILF10,OQXV70,128200.0,USD,20000,07/06/2017,6.41,USD,5.87
23/08/2012 03:20,KFTSBXEE42446293,Stocks,VGYT30,CAVR54,103194.0,USD,700,29/04/2013,635.87,LAK,157.58
23/08/2012 03:21,QCCPGJKC43541316,Stocks,DREA89,KEVJ11,62400.0,USD,5000,17/09/2014,12.48,USD,11.99
23/08/2012 03:21,IOLWPMMK63560276,Blue Digizoids,LWGE44,INIL60,125352239.32,XOF,40000,10/12/2015,578.93,USD,2737.28
23/08/2012 03:21,JJVBQZHJ34372399,Stocks,TQSJ85,IIZF28,749490.0,USD,7000,29/10/2013,107.07,USD,117.56
23/08/2012 03:21,RSLMRBFL58969044,Phoenix Downs,NCCX02,ORQH73,6396045.6,KMF,50000,12/07/2015,19.02,USD,108.74
23/08/2012 03:22,XRXFQMKR61691542,Stocks,DNIL23,FDWI64,201600.0,USD,9000,29/09/2015,22.4,USD,21.92
23/08/2012 03:22,AXVCIHQA89493916,BFG 9000s,FGQR22,QCRG59,66642.0,USD,600,17/10/2017,111.07,USD,92.64
23/08/2012 03:23,YEJAVNKB67206685,Stocks,MFJJ99,BBAX06,3150.0,USD,100,06/01/2015,31.5,USD,29.44
23/08/2012 03:23,VFSFCQQN10721842,Rare Candies,LKPN86,PIFN94,27570.0,USD,200,13/09/2015,845.09,MWK,140.1
23/08/2012 03:23,ESRSDXSE69636254,Gundams,OHKH76,SBUT62,124572.0,USD,300,15/02/2014,415.24,USD,360.18
23/08/2012 03:23,ONWMKSPV54129022,Stocks,EPZN28,YLGZ72,6396800.0,USD,80000,21/10/2017,79.96,USD,88.21
23/08/2012 03:24,ZAZWKWOH32876349,Stocks,HSWX88,DGTY64,145154.82,UGX,900,17/09/2014,17.23,USD,144.14
23/08/2012 03:24,QIERLOXQ05005766,Barrier Tags,GIWG34,TBVE46,110619.6,BND,900,15/02/2016,328.99,USD,134.5
23/08/2012 03:24,VNKYHGCM80965387,Cloaks of Displacement,ZEHM52,NXTO39,46611.0,USD,900,08/03/2015,51.79,USD,59.68
23/08/2012 03:25,VUSTIWAV47281211,Chunin Headband,FORM54,EIWJ22,42201.0,USD,300,21/05/2014,140.67,USD,143.03
23/08/2012 03:25,ZHWIQRXB28489229,Stocks,GZED20,SMYT95,1041950.0,USD,7000,14/06/2017,148.85,USD,169.55
23/08/2012 03:25,ZLYKEZYU93062151,Souls,KKGY69,HHFP66,371160.0,USD,4000,19/03/2017,92.79,USD,105.64
23/08/2012 03:25,PNDEAYMX53873176,Stocks,CIXF70,MEOQ86,1182.0,USD,200,22/01/2015,5.91,USD,5.96
23/08/2012 03:25,RFUJNPKZ84731325,Elder Wands,VVBY18,LKPN86,276768.0,USD,900,10/02/2017,307.52,USD,309.98
23/08/2012 03:26,UVKTSLRY46265439,Stocks,RFZG50,MYXF05,6132.0,USD,400,06/12/2013,15.33,USD,16.9
23/08/2012 03:26,PVJTEXCG26267155,Stocks,VXSM31,VAHJ53,4308.05,MOP,100,15/06/2014,52.97,USD,38.89
23/08/2012 03:26,GQSYJZJA64212129,Stocks,VVBY18,GZED20,20858.0,USD,100,10/03/2013,208.58,USD,243.96
23/08/2012 03:26,LBGTRWFG47725708,Hero Association Catalogs,SFEO61,QBAP68,17279200.0,USD,80000,13/06/2015,215.99,USD,193.42
23/08/2012 03:27,DVKGUOWI24638549,Stocks,DREA89,EWUY52,166550.0,USD,1000,02/04/2015,166.55,USD,188.76
23/08/2012 03:27,RDEOYZGD62462439,Stocks,HYSJ42,CAVR54,29484.0,USD,200,10/07/2014,147.42,USD,128.7
23/08/2012 03:27,CVXELQDE75697248,Pixie Disks,EMNK67,UFAY59,31730400.0,USD,90000,30/12/2014,352.56,USD,346.79
23/08/2012 03:28,XMXGRGUR87117754,Stocks,TBVE46,LIJW00,549572.81,LRD,1000,01/11/2014,140.43,USD,469.13
23/08/2012 03:28,NZZLOMYL28859515,Stocks,FORM54,KKZA87,14304.0,USD,400,27/11/2016,35.76,USD,31.24
23/08/2012 03:29,UKBFCXGH08092355,Mjolnirs,KKZA87,FORM54,237436.0,USD,400,09/10/2017,593.59,USD,687.85
23/08/2012 03:30,KQTHITBA84077526,Blue Digizoids,QLCE04,INIL60,23157200.0,USD,40000,16/08/2017,578.93,USD,608.89
23/08/2012 03:30,EUQHACZS26442641,Stocks,FTFI87,SBUT62,103700.0,USD,2000,09/01/2013,51.85,USD,46.83
23/08/2012 03:30,IWSVGHVS74947281,Drops,CUVZ50,MEOQ86,2773840.0,USD,8000,11/08/2015,346.73,USD,327.81
23/08/2012 03:30,SJEOQZUJ81332825,Blood Dregs,LIIS96,MDEQ10,1545030.0,USD,9000,08/11/2014,1325.64,KYD,209.32
23/08/2012 03:30,ZOKTWEKB00446960,Stocks,DOGG07,HNLV68,16152.0,USD,300,03/05/2017,53.84,USD,42.5
23/08/2012 03:31,IHWWXYSF18028181,Stocks,RQGG65,KUWI70,80730.0,USD,9000,17/09/2013,8.97,USD,9.87
23/08/2012 03:32,DXDFBTBH83907393,String of Beads,ZNQA84,FTFI87,2817.0,USD,900,19/08/2014,3.13,USD,3.08
23/08/2012 03:32,GMNPGGCA76003333,Vorpal Swords,YTAI13,OQXV70,511130.47,MZN,300,22/02/2014,294.23,USD,1918.3
23/08/2012 03:32,YISEFGWW31410974,Cocoons,YFAM59,FGQR22,159405.0,USD,500,19/01/2016,318.81,USD,373.56
23/08/2012 03:32,VPZUFREU52070821,Fire Horns,MFJJ99,ORQH73,14710000.0,USD,40000,14/09/2013,367.75,USD,333.35
23/08/2012 03:32,AIQDBVDL80298036,Stocks,TBVE46,CMOI26,8440800.0,USD,40000,26/04/2014,211.02,USD,235.44
23/08/2012 03:32,GBBJJXHK67038205,Stocks,LAUA80,WVHK10,41828.0,USD,400,20/09/2017,104.57,USD,90.2
23/08/2012 03:33,ODNBJBOX79951354,Potions of Booze,VTKE98,YWMD69,48416.0,USD,800,24/08/2016,60.52,USD,64.58
23/08/2012 03:33,KCYNJVHD22955590,Stocks,LKPN86,NCXS33,163189.53,ISK,300,07/01/2013,178.83,USD,489.26
23/08/2012 03:34,EVZGSTXN47347396,Stocks,LKPN86,UFAY59,139526.57,GTQ,2000,15/05/2017,121.56,USD,76.96
23/08/2012 03:34,OQPQQMQD27525895,Decks of Many Things,HXDA52,UFAY59,3477572.27,MGA,3000,02/08/2013,264.97,USD,906.24
23/08/2012 03:34,VLIAMYGR28201442,Stocks,DVVB31,PKBF70,1117080.0,USD,6000,29/06/2016,186.18,USD,185.14
23/08/2012 03:34,TMJYMTAY14729736,Stocks,RNZB01,MKHA46,1072900.0,USD,5000,06/04/2017,214.58,USD,251.13
23/08/2012 03:35,IZUIJFWA69852612,Stocks,ZDAI73,FORM54,90480.0,USD,4000,15/09/2014,22.62,USD,25.89
23/08/2012 03:35,RBCGSGXE30837945,Heat Rocks,ZBIO05,KKZA87,4590.0,USD,300,16/06/2017,15.3,USD,16.57
23/08/2012 03:35,UCZCCAHB82607979,Exorcism Slips,VPTI00,GSTD71,345260.0,USD,2000,05/09/2013,172.63,USD,202.65
23/08/2012 03:35,PPQHHYPV20208619,Seastone Cuffs,OUNH49,HXDA52,21696.0,USD,300,07/07/2016,72.32,USD,75.3
23/08/2012 03:36,MYAEVWBL76409340,Dragon Scales,CAVR54,KTLA69,4792113.21,MUR,300,23/11/2013,236.81,USD,18575.84
23/08/2012 03:37,DXIPBQHC30369897,Angainors,SFZS08,KRRO64,351060.0,USD,1000,11/08/2017,351.06,USD,332.17
23/08/2012 03:37,JOMDETYW49883495,Stocks,QWOA67,DDIB11,119432.75,AFN,700,14/07/2015,15.16,USD,151.9
23/08/2012 03:38,EIYLSMTW39904377,Thousand Sunnys,YCZA59,WVHK10,175648.0,USD,800,30/01/2015,219.56,USD,183.93
23/08/2012 03:38,ICBHBGEZ76178092,Ampules,IBLA29,LAUA80,157598.74,CRC,400,26/10/2014,308.34,USD,428.2
23/08/2012 03:38,AWFDXFOS02551034,Terondais,YCZA59,QXFF29,229128.3,DZD,300,18/11/2013,222.58,USD,938.47
23/08/2012 03:38,IIDISIRL88200470,Stocks,YCZA59,UHOG52,1173200.0,USD,40000,29/04/2016,29.33,USD,28.83
23/08/2012 03:38,MRRXXJRC93155465,Nanotech Crates,TGZI54,EDYH00,1517179.98,CUC,600,27/04/2014,449.0,USD,2137.02
23/08/2012 03:39,PHJBPTSN47405522,Stocks,SBUT62,ZBIO05,9744.0,USD,400,30/07/2015,24.36,USD,25.29
23/08/2012 03:39,HYIGZHLN14006507,Stocks,ZVEN26,FTFI87,65202.0,USD,300,07/09/2014,217.34,USD,185.18
23/08/2012 03:39,KWHTRBBE19023884,Stocks,UIKN63,SBUT62,46665.0,USD,900,20/11/2015,51.85,USD,47.2
23/08/2012 03:39,RTUTEZXK49168677,Bombchus,FORM54,OPET16,28469700.0,USD,70000,15/05/2014,406.71,USD,336.03
23/08/2012 03:40,HCMZJJNF38709789,Lagging Tails,DBCS17,YOQG45,73025.27,QAR,100,08/07/2016,194.18,USD,813.85
23/08/2012 03:40,RZVLPFOF48502557,Stocks,VLJL11,GZED20,417160.0,USD,2000,24/06/2013,208.58,USD,174.95
23/08/2012 03:41,FAIZAIIC59069112,Stocks,SBUT62,HHFP66,836550.0,USD,5000,16/02/2015,167.31,USD,140.08
23/08/2012 03:41,QKFVRFHO03781829,Surfacers,ITTS26,UACN81,542990.0,USD,7000,08/05/2017,77.57,USD,85.37
23/08/2012 03:41,XIFZXIRH52984925,Stocks,VTKE98,HPTP65,1698681.19,TMM,2000,26/04/2017,234.91,USD,903.41
23/08/2012 03:42,ZTSSGRTR44752994,Stocks,FGQR22,PBFW95,61614.0,USD,300,27/04/2014,205.38,USD,238.5
23/08/2012 03:42,GSPJTKBP99842421,Rings of Fire Resistance,BDBU00,DBCS17,8648460.17,MMK,10000,26/11/2015,292.01,USD,891.94
23/08/2012 03:42,GBGGBCXJ67888851,Stocks,DJNE62,SEKK26,336501.65,AZN,600,04/04/2016,87.82,USD,527.6
23/08/2012 03:43,UMBUWZUQ11206021,Ethers,ZELV96,PQSW95,858900.0,USD,6000,31/10/2013,289.43,NZD,125.78
23/08/2012 03:43,GPGHQSMX01870542,Dark Planet Cola,KTLA69,HWHS51,49986.97,CUC,100,29/08/2014,88.76,USD,538.72
23/08/2012 03:44,UKKUAMAW59480348,Stocks,WVHK10,SMYT95,148850.0,USD,1000,27/03/2017,1016.56,RWF,154.59
23/08/2012 03:44,TSGPINLI85955804,Stocks,NCXS33,DREA89,27660.0,USD,400,25/10/2014,69.15,USD,62.45
23/08/2012 03:44,XVDLIZCM06795660,Stocks,BBJG05,FGQR22,600000.0,USD,40000,19/10/2013,15.0,USD,13.15
23/08/2012 03:44,XYNPDLWM83325593,Australium Bars,WVEI17,OUNH49,6253200.0,USD,40000,26/06/2015,156.33,USD,167.48
23/08/2012 03:45,OBBIGKHT92702304,Rings of Teleportation,GYWU23,CBOX52,248612.63,SHP,300,10/04/2014,1560.19,YER,1005.19
23/08/2012 03:45,ZGSXMHZR05154055,Box Basher 2000s,IJPI82,LWGE44,321950.0,USD,1000,13/04/2014,321.95,USD,301.91
23/08/2012 03:45,NLQSWSTX98018108,Stocks,QWOA67,QMZU44,135331810.56,UGX,80000,30/03/2017,180.72,USD,1650.69
23/08/2012 03:45,YFWHWPIW52326352,Master Swords,YOQG45,ZVEN26,149600.0,USD,5000,24/03/2017,29.92,USD,33.79
23/08/2012 03:46,KZJLFQWR58286732,Stocks,FORM54,VXSM31,43113098.0,BSD,70000,20/08/2016,93.46,USD,647.5
23/08/2012 03:47,ZCBDJYCR92078766,Shaman Bone Blades,MRAH32,QLCE04,119272.0,USD,800,28/09/2014,149.09,USD,131.51
23/08/2012 03:47,VASRXHRO28580386,Stocks,QMZU44,DREA89,6915.0,USD,100,22/12/2013,69.15,USD,76.35
23/08/2012 03:47,RIFHXAHT17609618,Stocks,CIXF70,LIJW00,28086.0,USD,200,28/04/2015,140.43,USD,113.72
23/08/2012 03:48,EIMLMRVO55416338,Stocks,TGZI54,MHFC34,12788793.32,DOP,20000,01/10/2014,95.54,USD,598.15
23/08/2012 03:48,ANZEFGWA37720861,Stocks,INIL60,EWUY52,116585.0,USD,700,16/12/2015,166.55,USD,152.15
23/08/2012 03:48,IDHHLRTB83881335,Peace Bells,TYAE14,OKYS51,36385.0,USD,500,14/03/2014,72.77,USD,63.07
23/08/2012 03:48,CEMCOVEU69722960,Mr. Zerkons,ZMLP81,IZTD25,1359600.0,USD,10000,22/02/2014,135.96,USD,124.79
23/08/2012 03:48,IUKQXLXP56231892,Stocks,ZFHD93,MEOQ86,146956.17,INR,700,19/09/2017,5.91,USD,187.26
23/08/2012 03:49,WWRHYIYB65135710,Stocks,OPZI26,JXGF57,906960.0,USD,8000,29/07/2016,113.37,USD,128.31
23/08/2012 03:50,FIEBCACQ98991347,Stocks,ERHJ34,ZNQA84,95418.0,USD,900,13/11/2015,106.02,USD,119.73
23/08/2012 03:50,HPMYEVRW32673627,Flubbers,MFJJ99,HWHS51,86932.0,USD,200,01/04/2013,434.66,USD,513.23
23/08/2012 03:50,KMMBRWYD98240266,Stocks,PNFK78,OCQF34,1057600.0,USD,8000,08/06/2014,132.2,USD,114.94
23/08/2012 03:51,PPDVZEHW61467555,Stocks,QETH27,IZLM67,2616800.0,USD,40000,23/01/2015,65.42,USD,70.84
23/08/2012 03:51,IKSEWOCA70320637,Stocks,MSHS03,YFAM59,134527.06,CUP,800,18/05/2013,72.1,USD,154.77
23/08/2012 03:51,UDLPOHQK86022181,Rings of Protection,ORQH73,RNZB01,508707.0,USD,900,05/09/2015,565.23,USD,463.99
23/08/2012 03:52,DIOTFKOY75399270,Blasting Rods,SFEO61,CUVZ50,128448.0,USD,600,03/07/2015,214.08,USD,203.27
23/08/2012 03:52,UICVIAOU99850804,Great One's Wisdoms,LIIS96,QHXJ50,621120.0,USD,2000,12/11/2014,310.56,USD,349.59
23/08/2012 03:52,QABJZFNA38303515,Stocks,QBAP68,OKYS51,259600.0,USD,20000,10/07/2016,117.12,GHS,15.25
23/08/2012 03:53,DGFOUMVE27274867,Stocks,OHKH76,IBLA29,1744000.0,USD,4000,04/03/2014,436.0,USD,381.83
23/08/2012 03:53,JUZPJCBV19552573,Ultrons,CBOX52,RDBE21,4508600.0,USD,20000,14/03/2015,225.43,USD,195.28
23/08/2012 03:53,NKSVUJJT84431360,Stocks,SUOX82,UACN81,133200.0,USD,10000,29/08/2014,21.38,DKK,12.68
23/08/2012 03:54,NJFNLMQT97300635,Fumble Boots,SMYT95,QWOA67,12911400.0,USD,90000,14/10/2017,143.46,USD,156.02
23/08/2012 03:54,MUVRZNIJ45064882,Magic Flute,VTKE98,AHMZ79,20696400.0,USD,90000,12/05/2016,229.96,USD,197.0
23/08/2012 03:55,MYSLYIYE52486918,Stocks,VGYT30,IZLM67,130840.0,USD,2000,23/07/2015,65.42,USD,80.22
23/08/2012 03:55,UMISZUQR53081909,Orcarinas of Time,VAHJ53,PIFN94,13497.46,BAM,100,27/08/2016,303.45,USD,118.79
23/08/2012 03:56,WKRGQXZP35497354,Stocks,RJCA92,OHKH76,229300.0,USD,10000,25/09/2014,22.93,USD,21.02
23/08/2012 03:56,ZCKSDYEQ34816568,Digi-eggs,FGVK43,BBAX06,120408.0,USD,800,20/11/2017,835.66,STD,153.48
23/08/2012 03:56,LCXDQSHE88075540,Stocks,WWNS72,ZXVX98,3656100.0,USD,30000,07/06/2016,121.87,USD,133.6
23/08/2012 03:56,SDXFQUBF76254364,Gauntlets of FUmbling,WVEI17,NQJL85,3496595.9,MZN,4000,12/05/2013,150.96,USD,890.27
23/08/2012 03:56,HEGRGSOM69370963,Stocks,LIJW00,QHXJ50,13488.45,BND,400,12/11/2017,21.89,KRW,35.85
23/08/2012 03:56,JPCSDRKG43394081,Redstone Blocks,PVAZ61,CAVR54,161728.0,USD,400,08/12/2013,404.32,USD,364.44
23/08/2012 03:57,XXMSFWQQ72712209,Neuralizers,SZRJ90,IBLA29,4625000.0,USD,20000,30/01/2015,231.25,USD,238.23
23/08/2012 03:58,SESMJBZV04867304,Red Jewelled Brooches,SBUT62,YOQG45,352500.0,USD,6000,09/07/2017,58.75,USD,50.73
23/08/2012 03:58,XCVTELYU82749181,Stocks,RDBE21,UHOG52,841624.35,GTQ,50000,11/12/2013,29.33,USD,15.36
23/08/2012 03:58,HWJNQWVJ15758742,Stocks,QBVN33,FYYD57,283000.0,USD,2000,12/05/2014,141.5,USD,130.1
23/08/2012 03:59,CRSRPKGX44466199,Stocks,LIIS96,QLCE04,379193.58,YER,800,13/05/2017,65.74,USD,426.06
23/08/2012 03:59,WIJGATYV52559674,Rings of Increase Damage,JZTC69,ZMLP81,4285380.0,USD,6000,24/04/2016,714.23,USD,625.87
23/08/2012 03:59,KGRSLSTM18915692,Stocks,BDBU00,OUNH49,3310200.0,USD,30000,04/05/2017,110.34,USD,97.03
23/08/2012 03:59,WVNUJQGP56900274,Romulan Ale,LBKT00,SMYT95,80128.0,USD,800,15/05/2015,100.16,USD,112.11
23/08/2012 04:00,LXRPHBQT64257090,Light Clays,SAAM06,NCXS33,41476281.42,ETB,60000,20/02/2015,74.57,USD,593.14
23/08/2012 04:01,MZGTDUFM98173319,Stocks,LAUA80,JZTC69,129500.0,USD,700,10/02/2013,185.0,USD,151.17
23/08/2012 04:01,GRLGWVPU73900187,Stocks,QHXJ50,UEVD88,199760.0,USD,1000,29/11/2017,199.76,USD,211.82
23/08/2012 04:02,IEENZXEH08213847,Stocks,OPET16,ZXVX98,243740.0,USD,2000,09/08/2014,121.87,USD,113.31
23/08/2012 04:02,FAAEXOXG72575798,Crests,SWGF93,BMRZ75,30868800.0,USD,60000,22/05/2017,514.48,USD,421.93
23/08/2012 04:03,UPXALWXB12912170,Holodecks,PQSW95,GBEZ65,373980.0,USD,2000,04/09/2017,186.99,USD,200.36
23/08/2012 04:03,FALXMFOI64368095,Stocks,ZXVX98,JXGF57,34011.0,USD,300,22/02/2015,113.37,USD,109.52
23/08/2012 04:03,KMDNTYPD74642068,Stocks,IZLM67,TQSJ85,22497.71,NGN,700,26/09/2014,543.49,MRO,34.27
23/08/2012 04:03,FYLZHRZA33712741,Stocks,SZRJ90,RLZK87,19362.0,USD,100,08/04/2017,193.62,USD,208.98
23/08/2012 04:03,JINMJRDJ73169571,Stocks,ZBIO05,HSWX88,12210.0,USD,600,28/08/2015,20.35,USD,19.69
23/08/2012 04:04,VBTASSBS50948523,Stocks,QODV38,IZTD25,13201346.73,GEL,30000,12/01/2013,104.83,USD,405.08
23/08/2012 04:04,CBVKPSPM59751995,Stocks,KEVJ11,DJNE62,1353480.08,NZD,7000,12/07/2014,73.7,TRY,157.91
23/08/2012 04:04,EVMAWLFH81709934,Stocks,KRXZ15,BBJG05,52498222.18,VUV,9000,21/09/2014,1834.77,FJD,5733.6
23/08/2012 04:04,QFDLOYAH69094674,Stocks,OKYS51,LWGE44,82954.55,AUD,100,24/12/2016,8.96,USD,944.92
23/08/2012 04:05,WJXRAUYS03097342,Hero Association Mugs,QCRG59,ZMLP81,109969.0,KYD,300,17/02/2014,47.47,USD,370.17
23/08/2012 04:05,FIKERQQD80211689,Stickers,QHXJ50,WWNS72,200872.0,USD,800,21/02/2013,251.09,USD,230.09
23/08/2012 04:07,XBBEMVDG08216282,Stocks,CIXF70,OKYS51,2596.0,USD,200,12/02/2015,12.98,USD,14.57
23/08/2012 04:07,FBPWSFUP14595318,Stocks,YCZA59,QWOA67,573960.0,USD,4000,08/09/2017,623.46,EGP,115.91
23/08/2012 04:08,QIMKUVQM65529171,Stocks,BPLN25,UEVD88,39952.0,USD,200,21/09/2016,154.09,JMD,160.42
23/08/2012 04:08,DRWIPMEY06991289,Nemean Cestuses,FYYD57,JCWS17,42261300.0,USD,90000,27/04/2016,469.57,USD,381.96
23/08/2012 04:08,GDZDFMND18720607,Daenarians,ERHJ34,BBAX06,614207.93,TZS,900,06/01/2014,65.16,USD,575.12
23/08/2012 04:09,XYYYGMLF83170404,Tasters,CQPJ57,MKHA46,40808.0,USD,100,26/03/2016,652.97,LKR,447.23
23/08/2012 04:09,HVCIRYUD86004558,Holodecks,SFZS08,GBEZ65,130893.0,USD,700,08/01/2014,186.99,USD,202.24
23/08/2012 04:09,PZYXBZBT47914489,Stocks,XHYN07,RNZB01,5712.0,USD,800,25/01/2013,7.14,USD,7.9
23/08/2012 04:09,JGZIDSIK37516618,Flying Carpets,UFAY59,IJPI82,203562.48,PYG,100,30/07/2013,228.14,USD,2219.89
23/08/2012 04:09,LWNMHNAB70824570,Stocks,PJKH65,AMBT33,57960.0,USD,4000,30/08/2014,14.49,USD,16.62
23/08/2012 04:10,FONEXSZJ37303829,Amulets of Restful Sleep,PIFN94,VGYT30,7406.0,USD,700,11/01/2013,10.58,USD,9.49
23/08/2012 04:10,AZYOITQO59463773,Stocks,CAVR54,WVEI17,2975143.23,XAF,7000,24/10/2014,104.69,USD,463.73
23/08/2012 04:10,UQMTONIN00828003,Stocks,GBEZ65,LIIS96,733305.62,KMF,800,16/11/2016,136.29,USD,835.11
23/08/2012 04:10,RDTFEPYT43552703,Katchin Bars,ZNQA84,WVEI17,17352.0,USD,900,03/05/2016,19.28,USD,16.71
23/08/2012 04:10,OYAUXESL97120066,Stocks,RLZK87,OUNH49,4402.57,PLN,200,20/02/2015,110.34,USD,19.53
23/08/2012 04:11,GWTCVIFE85673192,Toxic Orbs,TFLS35,QXFF29,66330.0,USD,3000,27/11/2016,22.11,USD,19.54
23/08/2012 04:12,ULGYDCFL73042025,Samehadas,THJF58,ZMLP81,155844.0,USD,600,12/11/2013,259.74,USD,248.55
23/08/2012 04:12,TBNSYMOI97959547,Felix Felicis,LWGE44,ISWT83,14433200.0,USD,40000,06/02/2016,360.83,USD,311.48
23/08/2012 04:12,MOOVMZCM98755683,Stocks,OPET16,SZRJ90,126300.0,USD,600,06/02/2017,210.5,USD,200.01
23/08/2012 04:13,RZZXOLHR17599242,Rupees,RJCA92,EDYH00,242376.0,USD,800,21/12/2017,302.97,USD,344.88
23/08/2012 04:13,KZDMACCU55308165,Stocks,ZEHM52,PIFN94,143033748.91,UYU,8000,06/07/2016,433.77,USD,20348.85
23/08/2012 04:14,GYYHLIKD22863409,Ring Targets,SFZS08,MYXF05,34038655.42,XOF,20000,15/10/2014,314.41,USD,1491.57
23/08/2012 04:14,MFBQCBRK83819365,Helms of Telepathy,VIMV38,MEOQ86,13160.0,USD,700,10/04/2013,18.8,USD,19.65
23/08/2012 04:14,SRJLVGLC43294947,Z-crystals,CIXF70,QBAP68,463058.5,MRO,600,07/10/2016,282.77,USD,684.01
23/08/2012 04:15,SESFYWJK65731293,Dunce Caps,BDBU00,HWJF09,4443336.17,PHP,500,04/06/2013,140.91,USD,7934.57
23/08/2012 04:15,WGAMHMKK24248173,Catbuses,BPLN25,DREA89,994356.8,FKP,200,10/06/2013,662.56,USD,5268.13
23/08/2012 04:16,WAZDMCDB74274462,Teeth of the Dragon,HYSJ42,HWJF09,5089360.0,USD,8000,08/07/2014,2774.21,HKD,554.4
23/08/2012 04:16,EFROXCYE68220144,Stocks,VVXA11,SFZS08,601742.0,MVR,400,27/12/2017,190.77,USD,1661.4
23/08/2012 04:17,TKUNLSXU55059365,Rings of Poison Resistance,QOKP03,KTLA69,206343548.28,DJF,90000,22/01/2014,273.72,USD,2657.17
23/08/2012 04:18,RWDCBPAT99805573,Meow Meow Beans,JCWS17,UEVD88,1810860.0,USD,6000,26/05/2016,301.81,USD,260.5
23/08/2012 04:18,FJKFBJOE79218456,Bolts,PBFW95,EPZN28,132232.0,USD,400,29/08/2016,330.58,USD,352.3
23/08/2012 04:19,DGYPREVR21448510,Stocks,KEVJ11,SBUT62,2453396.82,GIP,7000,29/01/2014,51.85,USD,296.67
23/08/2012 04:20,YFRLDEXJ24944104,Phials of Galadriel,DBCS17,WIZJ73,48956.0,USD,200,23/05/2013,244.78,USD,274.52
23/08/2012 04:20,JEXUBWGA21771867,Stocks,FGVK43,SXTM39,4677214.24,DJF,4000,14/08/2015,808.37,MZN,1365.2
23/08/2012 04:20,IQBQQXWS74984160,Stocks,SHXQ48,GSTD71,73108.0,USD,700,28/10/2017,104.44,USD,95.12
23/08/2012 04:20,YIJIDJEE15533484,Stocks,PKBF70,QAZT26,562680.0,USD,2000,19/10/2016,281.34,USD,307.97
23/08/2012 04:21,KHCHBILL24181121,Stocks,EDYH00,MSHS03,100980.0,USD,900,30/09/2013,112.2,USD,125.01
23/08/2012 04:21,ESBSUREA94171540,Bold Hunter's Marks,QBVN33,MFJJ99,115513.52,NPR,900,11/06/2016,97.16,USD,144.55
23/08/2012 04:21,SELEUCUO16008908,White Fangs,NGBA40,OHKH76,3364000.0,USD,50000,16/10/2013,14.53,PEN,68.95
23/08/2012 04:22,VDHOBSVM24433585,Stocks,KKGI60,QHXJ50,6318200.0,USD,70000,16/11/2015,90.26,USD,101.09
23/08/2012 04:22,NWVSWLMK96430508,Stocks,UFAY59,YCZA59,822896.25,CVE,800,07/11/2017,94.31,USD,1166.98
23/08/2012 04:22,SPGWGXXM95514856,Water Walking Boots,EMNK67,BMRZ75,52202986.76,HTG,9000,14/01/2015,259.74,USD,6375.59
23/08/2012 04:22,RJXKIMFQ14963625,Stocks,JZTC69,SXHU74,57555.0,USD,500,06/03/2015,115.11,USD,126.34
23/08/2012 04:22,WNNGDNNI35268819,Stocks,VKMV12,PJKH65,9610.0,USD,500,11/02/2014,3.83,PLN,20.84
23/08/2012 04:23,FOSCDVAD78625292,Gold Bolts,TFLS35,PNFK78,265824.0,USD,900,07/07/2014,295.36,USD,263.49
23/08/2012 04:23,KRRHJVKF93902856,Stocks,AMRO66,WVEI17,10469.0,USD,100,13/07/2016,104.69,USD,100.81
23/08/2012 04:23,AWKXBROX39899617,Stocks,AHMZ79,VKMV12,30358855.49,PHP,6000,22/10/2014,80.23,USD,4482.19
23/08/2012 04:24,FTEMVEJE48872653,Moranth Flamers,LBKT00,ERHJ34,2330940.0,USD,6000,10/12/2015,388.49,USD,420.4
23/08/2012 04:24,HVGPEXFA02425202,Stocks,RJCA92,ZBIO05,974400.0,USD,40000,29/08/2015,24.36,USD,26.62
23/08/2012 04:24,DKDKGFOY40027286,X-Antibodies,EPZN28,ZDAI73,150864.0,USD,300,07/10/2015,502.88,USD,591.04
23/08/2012 04:24,OQPNPRLS94011998,Ogyo Disks,VAHJ53,VVBY18,27992263.75,LSL,50000,07/09/2015,289.85,USD,656.74
23/08/2012 04:25,KDDWEVWW33074405,Catbuses,HSWX88,DREA89,66256.0,USD,100,06/12/2017,662.56,USD,544.6
23/08/2012 04:25,ADTCPFZJ37569684,Stocks,UHOG52,HWHS51,64634290.3,IDR,50000,16/10/2014,208.37,USD,1185.66
23/08/2012 04:25,BFPILVYN85772289,Rings of See Invisible,PQSW95,DILF10,388449.0,USD,900,15/05/2015,431.61,USD,397.28
23/08/2012 04:26,FANADRGY10690421,Stocks,MSHS03,QOKP03,320136.0,USD,800,13/10/2016,400.17,USD,427.16
23/08/2012 04:26,XMNERYXH25473364,Stocks,OPZI26,CUVZ50,47691.0,USD,700,07/05/2017,68.13,USD,63.48
23/08/2012 04:27,YXPHYCVG51249758,Gravity Guns,SZRJ90,MEOQ86,3093106.72,BHD,9000,14/11/2015,96.74,USD,359.33
23/08/2012 04:27,OSJWYZBU98538429,Stocks,ZSXF19,PQSW95,207000.0,USD,9000,09/03/2015,23.0,USD,18.42
23/08/2012 04:27,BDACKNNM40340165,Focus Sashes,QOKP03,SZRJ90,1661064.06,CUP,20000,26/10/2015,35.61,USD,84.57
23/08/2012 04:27,AYHLKWLA03781534,Magic Whistles,TBVE46,PJKH65,129214710.18,IRR,60000,08/12/2017,192.21,USD,1993.54
23/08/2012 04:27,OWCBZUOD98628083,Moranth Cussers,TRFG21,KKGI60,112812.0,USD,600,01/03/2014,188.02,USD,180.53
23/08/2012 04:28,HXTOFZQV89939690,Magic Lamps,KRXZ15,JVHD93,190711.65,LBP,500,08/01/2017,36.85,USD,331.61
23/08/2012 04:29,HWLBOJSV05951416,PP Ups,MRAH32,OPZI26,176200.0,USD,500,11/08/2014,352.4,USD,308.45
23/08/2012 04:29,RUJHDOAK52320077,Luckstones,IZLM67,VKMV12,20091.0,USD,100,18/09/2016,200.91,USD,178.87
23/08/2012 04:29,FELNPLWR36231504,Faerie Tonics,UFAY59,QOKP03,2001420.0,USD,6000,27/01/2017,333.57,USD,347.19
23/08/2012 04:29,WUNMKTYM72494720,Gold Bolts,TYAE14,PNFK78,1772160.0,USD,6000,28/05/2013,2216.35,FKP,304.19
23/08/2012 04:29,MVPUEEWD78294715,Stocks,VVXA11,YSSR29,27813465.45,MWK,90000,25/01/2016,50.41,USD,355.4
23/08/2012 04:30,POTYRAFU20036044,Helms of Brilliance,JXGF57,UFAY59,33196000.0,USD,80000,11/03/2016,414.95,USD,382.13
23/08/2012 04:30,RVIAMRUU57302983,Stocks,UIKN63,CQPJ57,101677.9,GIP,300,13/09/2013,50.14,USD,263.7
23/08/2012 04:31,NATQKTOD70961465,Stocks,KKZA87,VVXA11,1264720.0,USD,4000,13/11/2015,316.18,USD,267.38
23/08/2012 04:31,BNNBEOVZ47753231,Stocks,UIKN63,IIZF28,64242.0,USD,600,24/09/2016,107.07,USD,103.24
23/08/2012 04:31,SOACKSEP07304889,Stocks,AWYB85,HWHS51,2602457.95,BWP,4000,06/05/2015,208.37,USD,729.85
23/08/2012 04:32,ONDDTRRG28690158,Stocks,QODV38,JZTC69,1295000.0,USD,7000,21/01/2013,185.0,USD,166.81
23/08/2012 04:33,GYNWJGLZ65983405,BFG 9000s,RQGG65,QCRG59,555350.0,USD,5000,08/10/2014,111.07,USD,111.91
23/08/2012 04:33,QVDMYLGG24043416,Behelits,MDEQ10,QCRG59,146094.0,USD,200,12/06/2013,730.47,USD,688.28
23/08/2012 04:33,DLQDMTBV22210490,Stocks,YTAI13,GGLV00,1751571.68,MVR,9000,28/10/2016,24.68,USD,166.09
23/08/2012 04:33,DYYBXFHL92002168,Icy Rocks,CVMG22,MFJJ99,666204.0,BGN,20000,23/03/2016,3586.15,BRL,31.78
23/08/2012 04:33,SUCEJDPQ99632937,Wind Shurikens,VTKE98,CMOI26,22619629.76,PGK,70000,07/04/2013,121.81,USD,346.71
23/08/2012 04:33,PMJRDVNH89021584,Stocks,GZED20,GYWU23,14808.0,USD,800,29/09/2013,18.51,USD,16.54
23/08/2012 04:34,ZNJRXOOU20804060,Stocks,MFZY76,VKMV12,56161.0,USD,700,29/09/2014,80.23,USD,82.71
23/08/2012 04:34,VTLGEXKE42506895,Doodle Disks,KEVJ11,QWOA67,6979200.0,USD,60000,26/04/2014,116.32,USD,102.02
23/08/2012 04:34,OOAUNGCY91524725,Fridays,FGQR22,SEKK26,465250.0,USD,5000,10/11/2015,93.05,USD,81.12
23/08/2012 04:35,NGZQOFVM14313852,Binding Bands,EKXA24,MRAH32,966760.0,USD,4000,04/04/2014,241.69,USD,217.43
23/08/2012 04:35,OLNUVLAF09574464,Nano-paks,JVHD93,VLJL11,5984930.0,USD,7000,06/03/2016,854.99,USD,961.85
23/08/2012 04:35,TRNOIBWV77536669,Stocks,BPLN25,ZXVX98,487480.0,USD,4000,18/05/2016,121.87,USD,109.88
23/08/2012 04:35,XHGUNCAW51471066,Magic Harps,SZRJ90,LIJW00,70573.04,BND,2000,10/07/2016,94.45,USD,36.78
23/08/2012 04:38,YJVBGKXD93790630,Stocks,GYWU23,CAVR54,147420.0,USD,1000,11/08/2015,147.42,USD,168.72
23/08/2012 04:38,ZWEZTELE76390472,Stocks,VPTI00,WVEI17,5234500.0,USD,50000,26/06/2016,104.69,USD,94.93
23/08/2012 04:38,KQBNQGLD24204196,Stocks,VIMV38,CQPJ57,18892.75,JPY,8000,27/07/2015,50.14,USD,2.06
23/08/2012 04:38,IDXLZIJH83984601,Stocks,BPLN25,RQGG65,1292400.0,USD,20000,17/01/2017,64.62,USD,62.56
23/08/2012 04:38,XWUBFUHD47972367,Tickle-tickle Bugs,DBCS17,FJOI82,1583460.0,USD,9000,16/12/2017,175.94,USD,184.34
23/08/2012 04:38,QBUALJQH11407510,Stocks,VTKE98,YCZA59,761081.7,NGN,50000,03/09/2016,94.31,USD,17.02
23/08/2012 04:39,NCFJKLCX75194864,Pensieves,QBAP68,OPZI26,2965654.06,MVR,6000,17/11/2017,62.68,USD,525.18
23/08/2012 04:39,PEUJYEDY54041803,Stocks,JXGF57,QBVN33,4536600.0,USD,60000,05/10/2016,75.61,USD,64.53
23/08/2012 04:40,TAIHXJZW65566957,Stocks,FTFI87,HYSJ42,53460.0,USD,200,13/09/2013,267.3,USD,225.09
23/08/2012 04:41,ENHKPUZF18068793,Pym Particles,ZNQA84,FORM54,7974.0,USD,600,03/12/2015,13.29,USD,14.87
23/08/2012 04:41,BHTLVIOE22062536,Stocks,PBFW95,JXGF57,3401100.0,USD,30000,23/05/2013,113.37,USD,118.21
23/08/2012 04:42,ZURGULAY02263374,Star Rubies,HWJF09,GYWU23,131272.0,USD,400,08/03/2014,328.18,USD,282.46
23/08/2012 04:42,OTCSAOOO42207887,Keys of the Ram,ZFHD93,BBAX06,1788171.23,AFN,500,22/10/2013,317.77,USD,3117.05
23/08/2012 04:42,MGXZERRJ45487619,Monol Disks,ZFHD93,IZLM67,97263.0,USD,900,15/06/2013,108.07,USD,111.26
23/08/2012 04:42,WSLNRBAV96237596,Stocks,NGBA40,SEKK26,70256.0,USD,800,27/11/2016,87.82,USD,87.43
23/08/2012 04:42,IUSWRTNI04324735,Goldy Charms,OQXV70,UEVD88,420309.9,LRD,4000,24/03/2017,26.85,USD,97.0
23/08/2012 04:42,FUQNVWGF22579128,Replicators,SZRJ90,SXTM39,171960.0,USD,2000,23/06/2016,85.98,USD,78.5
23/08/2012 04:42,AURMZGQI89541216,Stocks,VPTI00,GSTD71,7448869.68,NOK,60000,08/12/2017,104.44,USD,138.15
23/08/2012 04:43,EUCJJTVM58912577,Stocks,YLGZ72,ORQH73,21691600.0,USD,70000,19/03/2015,309.88,USD,275.26
23/08/2012 04:43,MXPVCJVG06501574,Absorb Bulbs,AHMZ79,ITTS26,17923500.0,USD,90000,23/06/2013,185.53,THB,211.8
23/08/2012 04:43,CRAFRQEX34766606,Blue Orbs,LBKT00,EWUY52,15346481.33,RWF,6000,20/09/2016,374.52,USD,2834.91
23/08/2012 04:44,ERSUNMFQ99469421,Stocks,QBVN33,UFAY59,7293600.0,USD,60000,14/10/2017,121.56,USD,136.99
23/08/2012 04:44,GPKNBPYG44742827,Stocks,VCSF07,WVEI17,5234500.0,USD,50000,28/07/2014,104.69,USD,84.35
23/08/2012 04:44,FBEHJOGF09668712,Dream Powder,DBCS17,LIIS96,27516.0,USD,300,28/05/2017,91.72,USD,107.29
23/08/2012 04:44,KDHWGNBO08482277,Ampules,RJUD59,LAUA80,18500400.0,USD,60000,21/09/2015,308.34,USD,344.86
23/08/2012 04:45,WQEQJHWH38088274,Tear Stones,QLCE04,LIJW00,79242.0,USD,600,22/08/2016,132.07,USD,118.97
23/08/2012 04:46,IFNURPNZ29236525,Millennium Puzzles,VKMV12,XHYN07,54088.85,RWF,500,23/01/2017,15.84,USD,129.23
23/08/2012 04:46,JUJWJHEQ77890138,Stocks,HXDA52,THJF58,12320.0,USD,500,22/07/2015,24.64,USD,27.99
23/08/2012 04:46,LRCJZPXC60001843,Stocks,WVHK10,MHFC34,772395.04,GMD,900,01/04/2017,95.54,USD,733.5
23/08/2012 04:46,CXGDSCIG19461711,Stocks,IJPI82,TQSJ85,13939100.0,USD,70000,04/07/2016,199.13,USD,232.63
23/08/2012 04:47,MZXXGUUE18659265,Transporters,HWHS51,QMZU44,225253.87,NIO,400,26/12/2015,329.82,USD,618.31
23/08/2012 04:47,IROGMNKU63826028,Zoni Vessels,DDIB11,WVEI17,1163798.06,KYD,800,21/11/2013,188.39,USD,1384.77
23/08/2012 04:47,QPVRDHRA99874979,Simarils,RDBE21,TVQQ54,112800.0,USD,1000,27/05/2017,112.8,USD,97.9
23/08/2012 04:47,TVIRYWOK48087752,Curiel Greens,ZELV96,VPTI00,36423000.0,USD,90000,10/08/2013,404.7,USD,359.17
23/08/2012 04:48,KTIRPFCY16364684,Stocks,QBAP68,PBFW95,61614.0,USD,300,03/09/2017,205.38,USD,221.4
23/08/2012 04:48,TFHZWZSI92014896,Stocks,ISWT83,UEVD88,599280.0,USD,3000,08/09/2017,199.76,USD,210.2
23/08/2012 04:48,YENFMVSB40013014,Shrouds of Turin,HSWX88,QODV38,20512800.0,USD,70000,23/07/2014,293.04,USD,261.76
23/08/2012 04:48,BTXUDSBX83991170,Gonnes,LKPN86,NCYN50,313321.75,STD,800,05/09/2015,70.54,USD,431.34
23/08/2012 04:49,PMDBXPDO49527924,Stocks,UWUK72,GZED20,123168.58,BZD,100,26/06/2017,208.58,USD,1137.22
23/08/2012 04:49,RPIPMILY31153499,Stocks,GYWU23,SUOX82,83210.0,USD,500,13/11/2014,166.42,USD,183.95
23/08/2012 04:49,BPAKJLUQ73639131,Stocks,WYFO79,GIWG34,2862.0,USD,900,30/07/2014,3.18,USD,2.83
23/08/2012 04:49,RKXELJVH61091979,Stocks,QETH27,UHOG52,20531.0,USD,700,27/08/2017,29.33,USD,33.24
23/08/2012 04:50,FTEKYZFJ99657679,Go-Pods,QETH27,QOKP03,32505761.76,KWD,40000,01/05/2013,127.72,USD,963.4
23/08/2012 04:51,QANWMMBD81890283,Stocks,ESPL27,VTKE98,51528.0,USD,800,27/09/2014,64.41,USD,53.16
23/08/2012 04:51,IUSRMDTW29707507,Stocks,XHYN07,DOGG07,26456.0,USD,800,20/06/2015,33.07,USD,37.36
23/08/2012 04:52,HWGSDXEL67539558,Stocks,PIFN94,OUNH49,55170.0,USD,500,05/04/2014,110.34,USD,107.25
23/08/2012 04:52,JZZWZJFS42418431,Stocks,VVXA11,DGTY64,1188252.13,BBD,700,30/07/2013,17.23,USD,1840.83
23/08/2012 04:54,OXIOBRDK02791174,Stocks,MFZY76,HYSJ42,267300.0,USD,1000,14/03/2016,267.3,USD,249.21
23/08/2012 04:54,IMDLRFAX50805287,Amulets of Yendor,PIFN94,OPET16,116412.0,USD,600,03/07/2016,194.02,USD,219.05
23/08/2012 04:55,OLJPHVVQ21689107,Stocks,LIIS96,MRAH32,1866212.81,SHP,5000,17/04/2014,97.46,USD,345.0
23/08/2012 04:57,JFEGZCPR11347527,Qwark Statuettes,OCQF34,ZSXF19,16686697.04,GEL,80000,18/06/2015,49.69,USD,174.22
23/08/2012 04:58,HQLZBIYD07268480,Infinity Stones,HYSJ42,SAAM06,1329000.0,USD,10000,01/09/2017,132.9,USD,111.45
23/08/2012 04:58,OXJIOUHM98209599,Nanomachines,EPZN28,MDEQ10,195111.0,USD,900,20/06/2017,216.79,USD,234.76
23/08/2012 04:58,EBKLZKJK05337363,Crests,CIXF70,BMRZ75,1564790.92,EGP,700,08/03/2016,514.48,USD,2463.3
23/08/2012 04:58,TEVNOMMS58626240,Fire Papers,DDIB11,HHFP66,55831.09,PEN,900,11/01/2017,287.33,USD,53.19
23/08/2012 04:58,HDOLRHOO94288097,Stocks,XRBV61,ZELV96,3834.0,USD,200,04/04/2015,19.17,USD,15.94
23/08/2012 04:59,CDIMRTHZ91506378,Limit Break Manuals,LBKT00,HSWX88,720580.62,AFN,600,13/03/2014,106.71,USD,1377.28
23/08/2012 04:59,NZWUHNOD72550277,Otataral Bars,HSWX88,JZTC69,160860.0,USD,7000,08/11/2017,22.98,USD,28.6
23/08/2012 05:00,WHEZSTWH23264951,Eject Buttons,YFAM59,VAHJ53,12322.0,USD,200,26/08/2014,61.61,USD,54.46
23/08/2012 05:00,RDKVVBYO75483393,Cockatrice Claws,FAWI50,PBFW95,1155188.45,INR,6000,01/07/2016,5.42,USD,199.31
23/08/2012 05:00,KEJZFYQV04475574,Metronomes,SEKK26,YWMD69,4420999.57,BYR,6000,11/03/2013,4014.24,UYU,783.25
23/08/2012 05:00,DCQSYFND00046786,Niflheim Alloy Bars,WVEI17,HPTP65,42703.69,MXN,300,31/05/2013,20.96,USD,129.71
23/08/2012 05:00,QGVLAKRI01530655,Bottled Faeries,UACN81,HHOA99,151400.0,USD,800,14/08/2013,189.25,USD,221.77
23/08/2012 05:01,BQZEKLHH98063249,Horcuxes,BPLN25,LBKT00,210600.0,USD,900,10/07/2015,234.0,USD,191.93
23/08/2012 05:01,XKQYWWWR20925330,Razor-rimmed Hats,ESPL27,THJF58,975900.0,USD,5000,18/07/2017,195.18,USD,222.48
23/08/2012 05:02,IHNMAUTJ94119567,Wands of Watoomb,QAZT26,VKMV12,236215.0,USD,500,15/08/2017,472.43,USD,410.44
23/08/2012 05:02,FIDKMSYP44231574,Tear Stones,VTKE98,LIJW00,79242.0,USD,600,07/12/2014,132.07,USD,119.93
23/08/2012 05:02,SSVJJOBN96013756,Pacts,ERHJ34,KRXZ15,83079.0,USD,900,06/11/2013,92.31,USD,74.98
23/08/2012 05:02,IOTBWQQY70950756,Sensu Beans,ERHJ34,MFJJ99,2537474.02,JMD,8000,05/05/2016,411.18,USD,266.06
23/08/2012 05:02,KMMQPWBW55719936,Power Herbs,QCRG59,SFZS08,136440.0,USD,800,15/12/2013,170.55,USD,184.04
23/08/2012 05:02,VTJNSCJJ04043994,Stocks,FDWI64,RQGG65,193860.0,USD,3000,15/11/2015,64.62,USD,57.17
23/08/2012 05:03,JGOHBUER53045207,Stocks,MYXF05,MEOQ86,1773.0,USD,300,15/09/2014,5.91,USD,6.59
23/08/2012 05:03,GXRQAGRI00253471,Hero Association Catalogs,NCYN50,QBAP68,21599.0,USD,100,28/02/2016,215.99,USD,196.96
23/08/2012 05:04,NQPZQRYV83576451,Stocks,HWHS51,AHMZ79,51243.0,USD,300,13/01/2014,170.81,USD,199.27
23/08/2012 05:04,NKXEKPAS66838900,Stocks,KKGY69,TVQQ54,736676.67,SDG,1000,29/04/2016,92.32,USD,660.58
23/08/2012 05:04,LOYEEDSX39700164,Souls,GBEZ65,HHFP66,18558.0,USD,200,09/02/2015,530.88,KES,81.01
23/08/2012 05:05,SXVXWXJP83964380,Amulets of ESP,OCQF34,PIFN94,8064.0,USD,800,20/02/2016,10.08,USD,9.04
23/08/2012 05:06,EMJRMQUH93223787,Stocks,OHKH76,YSSR29,5041.0,USD,100,17/03/2015,50.41,USD,45.37
23/08/2012 05:07,FJXMOKQE86764565,Stocks,LAUA80,QHXJ50,631820.0,USD,7000,05/08/2017,90.26,USD,98.13
23/08/2012 05:07,HIKXZJMP51574646,Stocks,ZVEN26,EPZN28,1169629.44,SYP,6000,01/05/2015,44.8,USD,208.92
23/08/2012 05:09,VDXKMRUH72102083,Gauntlets,KRRO64,YWMD69,286500.0,USD,1000,19/11/2014,286.5,USD,297.83
23/08/2012 05:09,KAVVOOSU73584533,Holy Bones,KKGI60,IIZF28,25405100.0,USD,70000,08/12/2015,362.93,USD,332.77
23/08/2012 05:10,KVAKIQTW87259711,Naknadan Shrines,GZED20,ZBIO05,885780.0,USD,2000,23/10/2016,442.89,USD,542.99
23/08/2012 05:10,EEBXKNRX16690646,Stocks,AYIH50,GBEZ65,530960.0,USD,8000,10/11/2016,630.49,SBD,69.68
23/08/2012 05:10,ABDGGJLL32315705,Stocks,HXDA52,TQSJ85,538955.3,XOF,500,26/09/2016,199.13,USD,1155.07
23/08/2012 05:10,INPMNCOS52276856,Stocks,JVHD93,UWUK72,98902.39,BMD,700,21/07/2016,121.06,USD,169.12
23/08/2012 05:11,IADJJJRG05318610,Stocks,MRAH32,IJPI82,782400.0,USD,8000,20/09/2014,97.8,USD,104.44
23/08/2012 05:11,IEOEWAZL49296730,Stocks,QCRG59,LAUA80,60614788.0,GEL,80000,16/05/2015,1393.82,KYD,860.35
23/08/2012 05:11,CCOURDNA08699527,Surfacers,QMZU44,UACN81,310280.0,USD,4000,09/05/2015,77.57,USD,68.18
23/08/2012 05:12,KBDNBLWC16508879,Pandora Boxes,KTLA69,VIMV38,258728.49,ETB,200,19/01/2014,139.55,USD,1151.12
23/08/2012 05:12,CGDQAGIG77686038,Ambrosia,WYFO79,FGVK43,3529000.0,USD,50000,08/08/2014,70.58,USD,78.68
23/08/2012 05:14,KHEHNCZZ55179858,Arc Reactors,IZTD25,DOGG07,213040.51,LKR,200,25/02/2014,665.71,USD,884.99
23/08/2012 05:14,SGMXAZYJ84326892,Stocks,TYAE14,HXDA52,328707.94,EGP,400,26/06/2014,189.13,USD,706.25
23/08/2012 05:14,DELNJRBB31316524,Stocks,TRFG21,LIJW00,569550.38,GIP,600,26/10/2015,140.43,USD,1124.19
23/08/2012 05:14,XOHTIXIB30240094,String of Beads,SHXQ48,FTFI87,219100.0,USD,70000,23/05/2016,3.13,USD,3.56
23/08/2012 05:15,AZNMSOAN39685028,Stocks,WYFO79,OQXV70,2564.0,USD,400,03/03/2015,6.41,USD,5.85
23/08/2012 05:15,RITLPYIR22219507,Stocks,VVBY18,FTFI87,434680.0,USD,2000,11/05/2015,217.34,USD,189.15
23/08/2012 05:15,ZBMZRQYI69065470,Titan Horns,YFAM59,MRAH32,35801725.81,MUR,2000,25/07/2014,16736.53,PHP,20154.14
23/08/2012 05:16,QQQHCJQH94589643,Tasters,PIFN94,MKHA46,12242400.0,USD,30000,11/10/2017,1559.4,SEK,359.23
23/08/2012 05:16,EHCBLQRP66318648,Stocks,QOKP03,TYAE14,1759200.0,USD,20000,14/01/2017,87.96,USD,82.25
23/08/2012 05:16,QVMHCYPJ18168913,Rift Crackers,BBJG05,LKPN86,103664.0,USD,800,26/05/2017,558.92,LAK,113.25
23/08/2012 05:17,VDVSKAJB29253666,Ampules,DJNE62,LAUA80,30834.0,USD,100,15/08/2016,778.87,NAD,335.44
23/08/2012 05:17,CQIDAVIM21717058,Monster Cells,PBFW95,AGBH66,255018.99,SLL,400,01/09/2015,191.14,USD,689.55
23/08/2012 05:17,IHODKNOZ93249777,Stocks,PIFN94,ISWT83,7597200.0,USD,60000,12/08/2014,126.62,USD,152.48
23/08/2012 05:17,TXTCMJVG74868729,Stocks,UACN81,VXSM31,2803800.0,USD,30000,26/12/2015,93.46,USD,83.14
23/08/2012 05:17,SYFPBWVI82812006,Cell Batteries,HXDA52,OQXV70,1801095.8,SZL,10000,01/01/2016,50.59,NPR,195.15
23/08/2012 05:18,DQDSCAXJ86022291,Stocks,TYAE14,HSWX88,8140.0,USD,400,19/03/2017,20.35,USD,18.58
23/08/2012 05:18,ZABDHQWR61213727,Stocks,ZEHM52,HXDA52,11904901.33,ILS,8000,19/11/2017,189.13,USD,1598.55
23/08/2012 05:18,SGAMGRWI01976752,Stocks,VLJL11,OQXV70,34930.27,UAH,200,29/09/2013,6.41,USD,186.7
23/08/2012 05:18,KACAQFOT17064544,Moranth Flamers,ORQH73,ERHJ34,3107920.0,USD,8000,04/12/2014,388.49,USD,324.11
23/08/2012 05:18,KQYRCUFL66156033,Potora Earrings,HHFP66,RQGG65,6564.1,MNT,4000,14/12/2015,10.36,USD,1.83
23/08/2012 05:19,HXWHWEPC65047479,Stocks,GSTD71,PVAZ61,2375135.31,MMK,5000,15/06/2016,160.39,USD,534.25
23/08/2012 05:19,JNKJBRWE87939109,Blasting Rods,MKHA46,CUVZ50,1228605.12,GTQ,10000,08/12/2014,917.61,OMR,134.54
23/08/2012 05:19,CSCDAPGK88119651,Orcarinas of Time,ZBIO05,PIFN94,21241500.0,USD,70000,05/07/2016,303.45,USD,262.62
23/08/2012 05:19,TPUGUQBS97057022,Leaves of Lorien,SBUT62,GBEZ65,94059.0,USD,900,24/07/2015,104.51,USD,95.07
23/08/2012 05:20,CNDGLUTQ62886549,Stocks,ZSXF19,GGLV00,197440.0,USD,8000,06/11/2016,24.68,USD,28.84
23/08/2012 05:20,JTHTPZYD53706056,Stocks,IZLM67,EIWJ22,16840.0,USD,200,10/04/2014,84.2,USD,85.97
23/08/2012 05:20,MVEIHCUW34285957,Goliath Serum,FTFI87,ESPL27,12724200.0,USD,60000,14/08/2016,921.44,EGP,238.54
23/08/2012 05:20,YMMUJTHI49725148,Holy Rings,DGTY64,WYFO79,13005.0,USD,500,05/06/2017,26.01,USD,28.49
23/08/2012 05:20,XRTEVMOS45042317,Stocks,JVHD93,EWUY52,133240.0,USD,800,21/05/2017,166.55,USD,146.45
23/08/2012 05:21,PYFGDKTK23381840,Stocks,KKGY69,SUOX82,3161846.86,SBD,2000,13/09/2016,166.42,USD,1424.74
23/08/2012 05:22,SHKNUKFC43224286,Stocks,PNFK78,WYFO79,71226.0,USD,900,16/12/2015,79.14,USD,79.04
23/08/2012 05:22,HDRTMPNU65255512,Stocks,YOQG45,MSHS03,24269196.6,YER,30000,26/04/2013,306.23,MRO,770.6
23/08/2012 05:22,SAQHSFKH07763800,Stocks,EKXA24,RDBE21,16653.0,USD,700,06/09/2014,23.79,USD,25.45
23/08/2012 05:23,VTRNRPKE77178889,Nano-paks,PKBF70,VLJL11,5984930.0,USD,7000,16/02/2013,854.99,USD,704.49
23/08/2012 05:23,XUBXZCZQ95441881,Centipedes,VIMV38,SUOX82,132224932.4,DOP,50000,11/12/2016,395.12,USD,2396.75
23/08/2012 05:23,OMVUBMBO64196611,Dark Planet Cola,MYXF05,HWHS51,177520.0,USD,2000,05/09/2017,88.76,USD,75.12
23/08/2012 05:23,HGDHTLXL13871893,Rings of Stealth,KKGI60,RLZK87,84459.0,USD,300,07/02/2015,281.53,USD,301.82
23/08/2012 05:24,JFQFYGNC40881855,Stocks,KRXZ15,DGTY64,55090.17,BHD,900,16/03/2017,17.23,USD,55.19
23/08/2012 05:24,NTHTTSSR32163428,Life Orbs,CAVR54,QBVN33,139680.0,USD,9000,27/04/2016,15.52,USD,13.95
23/08/2012 05:24,CMKOSGNP62821993,Stocks,WVEI17,SHXQ48,65229.59,SEK,200,19/11/2016,85.35,USD,342.66
23/08/2012 05:26,HLVNIMTE31547440,Pixie Disks,ZVEN26,UFAY59,568220.95,CLP,200,09/11/2016,352.56,USD,3203.19
23/08/2012 05:26,OIYYEOZI14386770,Goldy Charms,OHKH76,UEVD88,16110.0,USD,600,13/08/2013,153.62,KES,30.23
23/08/2012 05:26,KJEPFUPB99000527,Stocks,LBKT00,HWHS51,11932162.19,KWD,9000,11/04/2013,208.37,USD,1402.11
23/08/2012 05:27,THTOOLXN42386584,Eject Buttons,WYFO79,VAHJ53,973584.63,RUB,900,25/06/2014,61.61,USD,1181.99
23/08/2012 05:27,RKFYLELY71710836,Focus Bands,UACN81,AMBT33,2780880.0,USD,6000,06/03/2015,463.48,USD,528.01
23/08/2012 05:28,LOSAJKXG34841309,Stocks,AWYB85,FORM54,9691946.16,IQD,40000,25/03/2013,22.62,USD,229.23
23/08/2012 05:28,HGYREHNF60604148,Orcish Ring Mail,WWNS72,VLJL11,766090.07,IQD,700,25/08/2017,1057.53,LBP,1046.84
23/08/2012 05:28,QUNBSLHV44346184,Stocks,HNLV68,FDWI64,17920.0,USD,800,27/07/2017,22.4,USD,23.71
23/08/2012 05:29,JIGNOECF44575536,Stocks,QODV38,DGTY64,23086097.94,HTG,60000,28/09/2013,17.23,USD,431.18
23/08/2012 05:30,ZQWAXIQZ00953648,Stocks,ZVEN26,KKGI60,13244.0,USD,100,15/05/2017,998.94,BTN,147.46
23/08/2012 05:30,AYMFPHNM17370155,Stringers,KKZA87,ZELV96,18703500.0,USD,30000,30/09/2017,623.45,USD,687.34
23/08/2012 05:30,GKVTUAYS96952096,Stocks,KKZA87,UIKN63,90030.0,USD,600,30/05/2016,150.05,USD,130.81
23/08/2012 05:30,GLCQDAJT79373665,Stocks,FTFI87,TQSJ85,796520.0,USD,4000,28/04/2015,199.13,USD,214.44
23/08/2012 05:30,MTFACLPT56549156,Scooby Snacks,ZVEN26,YCZA59,52269.0,USD,300,25/09/2013,174.23,USD,149.91
23/08/2012 05:30,NMDFJUAG53220961,Stocks,JZTC69,EDYH00,732324.16,SBD,1000,22/02/2016,77.09,USD,796.56
23/08/2012 05:30,IQHEITEI86579660,Stocks,DJNE62,SXTM39,111680.0,USD,800,27/06/2015,139.6,USD,124.77
23/08/2012 05:31,PVNVKAFV87016142,Stocks,IIZF28,CIXF70,32000.0,USD,500,05/01/2013,64.0,USD,58.64
23/08/2012 05:31,KBORCWXL97771528,Stocks,PJKH65,TRFG21,128.54,BGN,400,14/08/2016,3.12,USD,0.37
23/08/2012 05:31,QGXWLFAO83273048,Stocks,GBEZ65,DILF10,16052.2,XPF,300,19/07/2015,27.27,MNT,48.18
23/08/2012 05:31,FODELTJF76432287,Stocks,ZNQA84,VIMV38,164820.0,USD,1000,27/02/2017,164.82,USD,149.22
23/08/2012 05:31,ZWQZYRNO83149021,Ent-draught,EMNK67,LIJW00,3408.0,USD,100,05/10/2016,34.08,USD,38.05
23/08/2012 05:33,CEAAQKTX73111497,Stocks,ZNQA84,JCWS17,1255590.0,USD,7000,26/02/2016,179.37,USD,198.38
23/08/2012 05:33,GEVUHDZC21877817,Stocks,IIZF28,BPLN25,332722.35,AMD,200,12/02/2016,123.02,USD,1903.41
23/08/2012 05:34,LMPLMCOM19531800,Rings of Sustain Ability,ZSXF19,HNLV68,13936679.52,ALL,40000,08/08/2014,156.36,USD,275.48
23/08/2012 05:34,NWHXMFLJ87800733,Doors of Durin,QOKP03,ZSXF19,823600.0,USD,8000,10/09/2013,102.95,USD,120.78
23/08/2012 05:34,LIBSIHLR23316451,Potions of Sickness,HFLM11,DREA89,21268.0,USD,100,28/08/2015,21.91,BGN,187.11
23/08/2012 05:34,ISRARBOM65111982,Hi-Potions,LIJW00,PKBF70,214221.0,USD,700,17/09/2014,306.03,USD,276.59
23/08/2012 05:34,KSUBLEUR57335127,Rings of Protection,TGZI54,RNZB01,4521840.0,USD,8000,28/01/2014,565.23,USD,537.65
23/08/2012 05:35,DNEEGNZJ80669332,Stocks,DILF10,QETH27,16310.0,USD,7000,12/04/2017,2.33,USD,2.13
23/08/2012 05:35,DNOFXDCO84647847,Amulets of Reflection,AHMZ79,UHOG52,90710.0,USD,1000,10/10/2015,1836.75,ARS,97.22
23/08/2012 05:36,QMCROZHB55097579,Master Balls,MYXF05,DOGG07,953460.0,USD,9000,13/07/2013,105.94,USD,126.03
23/08/2012 05:36,ACHZVFZO45810569,Stocks,NCYN50,VTKE98,5796900.0,USD,90000,25/09/2014,702.51,CVE,56.32
23/08/2012 05:36,FXLBGFZJ36322632,Blinds,JXGF57,ZEHM52,41103.0,USD,300,24/09/2013,137.01,USD,136.79
23/08/2012 05:36,YCRPHNVR71798878,Amulets of Unchanging,IIZF28,FGVK43,640880.0,USD,4000,09/04/2016,437.29,MRO,172.11
23/08/2012 05:37,PPHQQDAN38812041,X-Antibodies,WHPS18,ZDAI73,2657217.92,NPR,4000,30/08/2015,502.88,USD,556.16
23/08/2012 05:37,AWWFJTGJ56099143,Elven Cloaks,UIKN63,MHFC34,2444400.0,USD,6000,18/07/2017,407.4,USD,406.33
23/08/2012 05:37,MYCOBKVC55550549,Stocks,NFAH30,SEKK26,2634600.0,USD,30000,07/04/2014,87.82,USD,95.86
23/08/2012 05:38,CGVRWERJ81539813,Unicorn Horns,YOQG45,TGZI54,108210.0,USD,500,09/02/2015,216.42,USD,244.62
23/08/2012 05:39,DEJNASPN81788571,Scooby Snacks,IBLA29,YCZA59,13938400.0,USD,80000,28/02/2017,174.23,USD,180.79
23/08/2012 05:39,ZCTNGPYW57534638,Stocks,ESPL27,PKBF70,3063126.45,HUF,5000,13/01/2013,186.18,USD,526.99
23/08/2012 05:39,OZPPQEKM47446664,White Gold Rings,VIMV38,SXHU74,9312.0,USD,100,06/06/2014,93.12,USD,78.44
23/08/2012 05:39,ELKKSKHY23586213,Stocks,YFAM59,SEKK26,616784.45,RUB,400,03/08/2013,87.82,USD,1378.49
23/08/2012 05:40,OYMTWNWP97540395,Rings of Cold Resistance,KRRO64,DGTY64,24659.0,USD,100,21/02/2013,246.59,USD,269.62
23/08/2012 05:40,PDBNIGWD50295742,Stocks,QBVN33,CAVR54,73710.0,USD,500,14/04/2013,147.42,USD,141.25
23/08/2012 05:40,JOTNRVAB25327874,Stocks,GSTD71,INIL60,2740800.0,USD,80000,10/06/2017,34.26,USD,29.67
23/08/2012 05:41,GNRBCVVX62860199,Krytonite Ore,PBFW95,HFLM11,522605.58,MDL,300,29/03/2014,1394.39,ZMK,1863.07
23/08/2012 05:41,FGWHJDQJ37925265,Fatmans,GIWG34,AWYB85,29152.0,USD,400,24/12/2017,72.88,USD,72.59
23/08/2012 05:41,FNIIZDSA61644946,Meat Rings,HPTP65,FAWI50,801330.49,LBP,900,17/10/2015,86.02,USD,1000.65
23/08/2012 05:41,EQELJRGZ53295317,Stocks,TQSJ85,WIZJ73,3168.0,USD,300,12/05/2017,10.56,USD,8.64
23/08/2012 05:42,BWBNORXU45290719,Stocks,QBVN33,RFZG50,1162000.0,USD,20000,25/09/2015,58.1,USD,50.68
23/08/2012 05:42,JFZXLPXI77825928,Stocks,LIJW00,LBKT00,839.0,USD,100,04/12/2013,32.06,SEK,9.35
23/08/2012 05:43,ROXXKNTP92026787,Stocks,OHKH76,ZFHD93,28008.0,USD,300,28/04/2017,93.36,USD,95.55
23/08/2012 05:43,NXJPRAXO29223322,Stocks,EPZN28,QOKP03,120051.0,USD,300,11/10/2016,400.17,USD,346.06
23/08/2012 05:43,OBIYJXFA74801137,Red Cards,QOKP03,JVHD93,244830.0,USD,600,22/06/2017,7884.3,CAD,375.74
23/08/2012 05:43,LZXZIKKO13407080,Stocks,GGLV00,XHYN07,6208935.12,ALL,80000,26/05/2013,8.45,KRW,69.7
23/08/2012 05:44,MUYPQCAS82456225,Stocks,HWHS51,IZTD25,101517.37,NGN,6000,21/05/2014,104.83,USD,13.46
23/08/2012 05:44,QBDYMTFG36971845,Astro Boys,KRRO64,VPTI00,758576.0,USD,800,04/06/2014,948.22,USD,779.5
23/08/2012 05:44,VLDPBKAS68458516,Gauntlets of Dexterity,SAAM06,HYSJ42,177543.67,GYD,200,17/03/2013,250.69,USD,754.86
23/08/2012 05:44,SEYSIGMA89661930,Stocks,QWOA67,PVAZ61,112273.0,USD,700,09/07/2015,160.39,USD,173.0
23/08/2012 05:44,RENIIYNF21955064,T-800s,XHYN07,QAZT26,484120.0,USD,2000,29/06/2013,242.06,USD,253.32
23/08/2012 05:44,XGWSVKBC58425125,White Fangs,DBCS17,OHKH76,20184.0,USD,300,26/07/2015,67.28,USD,60.69
23/08/2012 05:45,WYFMHGTD05563064,Absorbing Eyes,MSHS03,HYSJ42,29142.0,USD,900,03/08/2014,32.38,USD,35.66
23/08/2012 05:45,LIOOUNIE91147068,Momentum Gliders,TKVF94,SRYE59,1832800.0,USD,8000,04/03/2017,1507.96,MDL,258.66
23/08/2012 05:45,BFZEHHHW25200678,Leftovers,MKHA46,NXTO39,2578320.0,USD,9000,13/12/2016,286.48,USD,252.36
23/08/2012 05:45,QLXNYYBB54430299,Digivices,WIZJ73,HWJF09,73696.0,USD,800,24/08/2016,92.12,USD,105.36
23/08/2012 05:46,IVUUKIFY61218299,Stocks,LWGE44,DVVB31,23587.0,USD,100,05/12/2014,235.87,USD,196.35
23/08/2012 05:46,UBEUEHMZ49647144,Stocks,MSHS03,BDBU00,69469.48,ALL,200,19/05/2016,6425.09,UYU,416.17
23/08/2012 05:47,WRXTXYBH95919269,Stocks,EMNK67,BDBU00,155880.0,USD,1000,28/03/2015,155.88,USD,139.34
23/08/2012 05:48,PBGSFBMW62985210,King Rocks,VKMV12,AYIH50,1249320.0,USD,4000,15/05/2015,312.33,USD,292.38
23/08/2012 05:48,XSNKMZWE36479308,Qwark Statuettes,NCCX02,ZSXF19,99380.0,USD,2000,19/09/2017,49.69,USD,41.59
23/08/2012 05:48,NKWJVOAP94612209,Blue Elixirs,TKVF94,QLMY86,169608.0,USD,400,26/10/2013,424.02,USD,387.1
23/08/2012 05:48,BTEEXEKN34571254,Bolts,FYYD57,EPZN28,66116.0,USD,200,15/08/2017,330.58,USD,301.5
23/08/2012 05:49,RLJPPIZI09549783,Float Stones,MKHA46,SXTM39,160329077.79,FKP,70000,27/06/2013,305.23,USD,2548.25
23/08/2012 05:49,HFQVKVPJ82445242,Stocks,PNFK78,GYWU23,3702.0,USD,200,10/05/2013,18.51,USD,20.29
23/08/2012 05:49,BCZSGUKX51499224,Stocks,DNIL23,KTLA69,3868800.0,USD,30000,27/05/2013,128.96,USD,149.25
23/08/2012 05:49,BPCEIYZW92092952,Inkfinity Stones,AGBH66,SXTM39,561150.0,USD,9000,04/03/2013,62.35,USD,59.49
23/08/2012 05:49,JEDGTJXK19732541,Stocks,GYWU23,KKGI60,105952.0,USD,800,13/05/2014,12261.72,AUD,146.6
23/08/2012 05:49,IOKLIPCQ17161116,Stocks,YLGZ72,PJKH65,192200.0,USD,10000,27/05/2014,19.22,USD,16.49
23/08/2012 05:49,JJMLLNYC11140565,Stocks,WIZJ73,QCRG59,753240.0,USD,4000,21/08/2013,188.31,USD,206.27
23/08/2012 05:51,ZHMSFLJD19666045,Razor Claws,RJUD59,UWUK72,52164.48,CDF,8000,04/08/2015,168.23,STD,7.31
23/08/2012 05:51,CTYAULIW93232511,Stocks,DILF10,BMRZ75,58760.0,USD,200,23/03/2013,293.8,USD,331.17
23/08/2012 05:51,PJCBYGPN74734489,X-Antibodies,BMRZ75,ZDAI73,50288.0,USD,100,20/03/2013,502.88,USD,537.0
23/08/2012 05:51,RUIHUEPU85686071,Stocks,HWHS51,ORQH73,154940.0,USD,500,09/10/2015,309.88,USD,270.0
23/08/2012 05:51,ZBKLPNAK70591619,Stocks,VLJL11,DOGG07,37052.62,IRR,100,03/07/2017,260.2,ILS,324.06
23/08/2012 05:52,FPMWJKZV40461570,Stocks,EIWJ22,EMNK67,2370914.12,HTG,500,17/09/2016,212.34,USD,4178.91
23/08/2012 05:52,PJORXBJD95781479,Time Turners,WIZJ73,DJNE62,1293900.0,USD,3000,23/12/2013,431.3,USD,395.7
23/08/2012 05:53,CVTNAIJZ03969895,Amulets Versus Poison,UIKN63,PJKH65,5355200.0,USD,80000,08/10/2016,387.62,MZN,73.04
23/08/2012 05:53,QKMOYBQC12965423,Life Orbs,DDIB11,QBVN33,931200.0,USD,60000,01/02/2015,15.52,USD,16.89
23/08/2012 05:54,CYGTAJAU22990229,Owls of Athena,VESX21,WIZJ73,7892000.81,BOB,600,01/08/2014,305.62,USD,12144.31
23/08/2012 05:54,SOPXRJIP19075027,Stocks,GSTD71,QOKP03,2000850.0,USD,5000,18/12/2016,400.17,USD,425.54
23/08/2012 05:55,URKSRYLD96950594,Stocks,UIKN63,AYIH50,5288500.0,USD,50000,30/12/2016,105.77,USD,91.66
23/08/2012 05:55,AYMAALGY32729798,Stocks,PQSW95,WVEI17,314070.0,USD,3000,25/04/2015,104.69,USD,114.08
23/08/2012 05:56,POMDUWSP29413821,Stocks,CQPJ57,BPLN25,149830.98,XAF,300,08/12/2014,123.02,USD,584.03
23/08/2012 05:56,CVYOUKAG39955132,Don Gero Masks,QAZT26,TFLS35,23336.0,USD,100,24/08/2016,233.36,USD,213.76
23/08/2012 05:57,CVMYKOQA65886249,Golems,NQJL85,QODV38,20096.09,KMF,200,05/03/2016,14.94,USD,94.64
23/08/2012 05:58,CLYTUAXJ66706599,Teeth of the Dragon,VIMV38,HWJF09,29449327.17,AUD,500,21/09/2015,5714.59,GMD,67387.04
23/08/2012 05:58,RBMZRRUM80626891,Stocks,SEKK26,SFEO61,472.0,USD,100,08/02/2014,4.72,USD,4.85
23/08/2012 05:59,MRHEXUAE84501856,Blinds,OHKH76,ZEHM52,274020.0,USD,2000,16/05/2017,137.01,USD,156.55
23/08/2012 05:59,VWHZFIQY55302578,Stocks,FJOI82,BBJG05,8498663.42,GEL,10000,03/08/2017,202.46,USD,802.29
23/08/2012 05:59,PDDISGAZ07600872,Stocks,ERHJ34,JVHD93,6050.0,USD,1000,13/09/2013,6.05,USD,6.25
23/08/2012 05:59,ACYPLHTT90570964,Go-Pods,WYFO79,QOKP03,9576688.27,IQD,7000,30/05/2013,127.72,USD,1535.24
23/08/2012 05:59,OBHHRCQE92889476,Wrath Hammers,FYYD57,IBLA29,112480.0,USD,4000,15/07/2016,28.12,USD,24.76
23/08/2012 06:00,QMFSSMFO87765248,Stocks,RNZB01,QAZT26,447803.25,PGK,600,27/09/2014,13.25,JPY,640.62
23/08/2012 06:00,NEHCTPSW14405135,Pensieves,ISWT83,OPZI26,34156463.12,UAH,20000,25/08/2016,62.68,USD,1506.45
23/08/2012 06:00,NYSFZONQ00134766,Potions of Sickness,UIKN63,DREA89,2126800.0,USD,10000,26/08/2015,212.68,USD,243.92
23/08/2012 06:00,ULNGPAJK04716216,Stocks,SRYE59,BDBU00,4676400.0,USD,30000,11/12/2017,155.88,USD,140.65
23/08/2012 06:00,WFWBGZVK07760618,Snowballs,RJCA92,YSSR29,239480.0,USD,4000,24/12/2016,59.87,USD,51.96
23/08/2012 06:00,ICCGLCXX02388717,Shell Bells,WVEI17,TRFG21,921902.21,CUP,700,05/10/2016,564.68,USD,1517.58
23/08/2012 06:01,VDJZBDSR40045487,Stocks,SRYE59,OQXV70,1282.0,USD,200,30/03/2014,6.41,USD,7.09
23/08/2012 06:02,XOQGWCFI55832603,Stocks,EMNK67,LIJW00,9374668.66,COP,800,08/12/2016,140.43,USD,13185.95
23/08/2012 06:02,WGJCWEGY32445369,Stocks,UEVD88,QCRG59,376620.0,USD,2000,25/05/2014,188.31,USD,186.86
23/08/2012 06:02,ABQQHCHO59834971,Vampire Fangs,ITTS26,PNFK78,37546.0,USD,200,03/12/2016,187.73,USD,174.32
23/08/2012 06:03,OVMKLQSO41850342,Stocks,TBVE46,QOKP03,4001700.0,USD,10000,24/08/2013,400.17,USD,340.69
23/08/2012 06:03,SUBOUECV96573220,Stocks,BBAX06,VGYT30,40892004.72,SHP,80000,05/03/2016,133.47,USD,437.81
23/08/2012 06:04,QXKNTLLB96491125,Stocks,HWHS51,ZDAI73,524340.0,USD,3000,02/08/2016,174.78,USD,192.8
23/08/2012 06:05,YPSHPEXR79277632,Mjolnirs,UFAY59,FORM54,2374360.0,USD,4000,16/02/2015,593.59,USD,718.4
23/08/2012 06:05,GQEXAIOT15548940,Stocks,EDYH00,UHOG52,14665.0,USD,500,23/05/2013,4.65,MNT,26.39
23/08/2012 06:05,EERKOZRX49992549,Stocks,THJF58,FJOI82,40142336.64,GMD,40000,18/03/2016,900.3,CLP,853.63
23/08/2012 06:05,PTNPOQUC88638226,Smoke Balls,YWMD69,QODV38,47447851.73,UGX,9000,25/10/2015,563.21,USD,4910.0
23/08/2012 06:06,BLKWGBSR82924333,Cainhurt Summons,VTKE98,KEVJ11,303376.0,USD,800,30/08/2016,379.22,USD,413.3
23/08/2012 06:06,MTYPSSMJ63510555,Beams,AWYB85,UEVD88,20209.0,USD,700,21/03/2014,28.87,USD,27.13
23/08/2012 06:07,KGWACEIX36283068,Stocks,DILF10,RJCA92,43038.21,LBP,200,21/02/2013,20.79,USD,228.31
23/08/2012 06:07,JCLUFJKC67735217,Stocks,VVBY18,MSHS03,78540.0,USD,700,26/05/2014,112.2,USD,97.45
23/08/2012 06:07,KGJOQSDB47687373,Stocks,QWOA67,VCSF07,660836.16,CDF,90000,12/02/2014,34.12,USD,7.53
23/08/2012 06:07,QBBMBJWC87995199,Stocks,OCQF34,HWJF09,178632.0,USD,800,05/02/2016,223.29,USD,257.25
23/08/2012 06:08,DFMCDPQS35941081,Stocks,AYIH50,SZRJ90,168400.0,USD,800,21/09/2013,210.5,USD,237.58
23/08/2012 06:08,RMMVJZXM44684993,Orcarinas of Time,UFAY59,PIFN94,30345.0,USD,100,10/08/2014,303.45,USD,249.48
23/08/2012 06:08,DPSBJOGV17675974,HALs,HSWX88,WYFO79,4556100.0,USD,6000,24/09/2015,759.35,USD,859.1
23/08/2012 06:09,PSPLOEYT87031857,Power Pluses,DILF10,TBVE46,111275.0,USD,500,06/07/2017,222.55,USD,183.3
23/08/2012 06:09,AFEWJUVU59204041,Stocks,YFAM59,FGVK43,291060.0,USD,7000,21/08/2016,18.49,BAM,38.43
23/08/2012 06:09,WBEYBNXZ56731963,Stocks,CUVZ50,RJCA92,8316.0,USD,400,14/03/2016,20.79,USD,19.83
23/08/2012 06:10,SUNOAKES21535119,Stocks,HWJF09,AMBT33,4145081.85,KES,50000,17/12/2013,14.49,USD,72.78
23/08/2012 06:10,SPPXWIPT47270508,Hurtloam,HSWX88,DVVB31,26085600.0,USD,90000,10/11/2017,289.84,USD,328.88
23/08/2012 06:10,XVYHCIOJ73879821,Redstone Blocks,KEVJ11,CAVR54,3638880.0,USD,9000,27/07/2015,404.32,USD,450.67
23/08/2012 06:10,IZNTSXFY75296234,Stocks,GIWG34,MFJJ99,267393.95,STD,700,15/03/2016,110.09,LKR,445.08
23/08/2012 06:10,WGVDAZVX80339193,Snowballs,HPTP65,YSSR29,1796100.0,USD,30000,28/02/2017,59.87,USD,60.05
23/08/2012 06:11,FVTWHGER03720671,Millennium Puzzles,DREA89,XHYN07,909.06,GTQ,100,23/07/2015,15.84,USD,8.41
23/08/2012 06:11,ZAKYNIYV27375837,Armour Magnetizers,MHFC34,CUVZ50,993107.02,CAD,200,01/03/2015,256.99,USD,4061.49
23/08/2012 06:11,YCJYLFGJ37504544,Excalibers,TQSJ85,UWUK72,385833.84,CNY,2000,20/05/2014,29.4,USD,169.81
23/08/2012 06:12,ARQIJKMX10984726,Stocks,FTFI87,YLGZ72,82707.43,TTD,200,03/06/2017,79.96,USD,480.54
23/08/2012 06:12,LHOGJLDH98623539,Dragon Balls,ZNQA84,RFZG50,178340.0,USD,2000,08/09/2017,19.19,CDF,100.47
23/08/2012 06:13,OEPSATOG22385636,Stocks,HNLV68,ZEHM52,933930.0,USD,9000,24/11/2014,103.77,USD,112.31
23/08/2012 06:13,WOIWBBQN44898558,Stocks,SBUT62,MKHA46,103004.84,LKR,300,19/08/2013,214.58,USD,320.03
23/08/2012 06:13,KLAWTLIV62669812,Stocks,VKMV12,RQGG65,5815800.0,USD,90000,08/08/2016,64.62,USD,71.84
23/08/2012 06:14,XJOASFBZ40784726,Stocks,ORQH73,KRXZ15,10130.79,JPY,900,07/09/2017,238.99,USD,11.01
23/08/2012 06:14,AIRSJRWF86935139,King Rocks,WVEI17,AYIH50,624660.0,USD,2000,29/11/2014,312.33,USD,258.49
23/08/2012 06:14,QAPZNPGV24883834,Dragon Disks,LWGE44,OUNH49,26905500.0,USD,90000,14/06/2013,1366.62,CZK,347.15
23/08/2012 06:15,JIUTIFPX27239349,Magic Beans,HSWX88,MYXF05,1715220.0,USD,9000,16/11/2016,190.58,USD,178.65
23/08/2012 06:15,BPZOVVER32202378,Stocks,UACN81,TKVF94,163100.0,USD,5000,21/05/2013,32.62,USD,35.91
23/08/2012 06:16,RRKKZKJY35148238,Stocks,ERHJ34,TRFG21,1560.0,USD,500,19/05/2013,3.12,USD,2.71
23/08/2012 06:16,YXCJNONE12653626,Lavenders,OPZI26,KTLA69,290286.0,USD,900,09/08/2017,322.54,USD,307.06
23/08/2012 06:17,IGRPWHPL61608253,Bottled Faeries,AMRO66,HHOA99,3526106.0,THB,20000,21/10/2016,189.25,USD,159.04
23/08/2012 06:17,ZYPFQNZN98217021,Quick Claws,NCYN50,INIL60,155180.0,USD,2000,11/07/2016,77.59,USD,71.07
23/08/2012 06:17,KOHKTTYT08943448,Stocks,IIZF28,SMYT95,8931000.0,USD,60000,03/11/2014,148.85,USD,154.49
23/08/2012 06:17,ALICEXIE60302478,Pym Particles,RFZG50,FORM54,2582.38,PEN,900,03/08/2016,50.9,SHP,2.66
23/08/2012 06:18,RZWFNNZU67590399,Pulse Rifles,ZVEN26,PKBF70,5024.0,USD,200,23/08/2016,25.12,USD,23.78
23/08/2012 06:18,TLVMSLMF17375253,Stocks,LKPN86,QAZT26,84402.0,USD,300,17/05/2014,281.34,USD,324.37
23/08/2012 06:18,IOCJHTDP57135161,Aether Tanks,NCCX02,TVQQ54,20703778.2,AFN,70000,17/12/2014,34.72,NPR,288.85
23/08/2012 06:18,WQCSHHCP65048002,Fridays,QLCE04,SEKK26,42589357.2,KES,80000,09/11/2013,93.05,USD,463.25
23/08/2012 06:19,DNMHTNXR38013373,Bolts,FDWI64,EPZN28,2975220.0,USD,9000,18/01/2016,330.58,USD,299.22
23/08/2012 06:19,BYCFCIQP93175090,Stocks,DGTY64,FGVK43,1247400.0,USD,30000,21/10/2016,41.58,USD,49.08
23/08/2012 06:19,OSNWQYNJ57270583,Reflectors,OPET16,VIMV38,299160.0,USD,400,20/04/2014,747.9,USD,684.38
23/08/2012 06:20,MHKMYYST34440456,Stocks,AGBH66,TBVE46,442620.0,USD,3000,07/03/2013,147.54,USD,127.92
23/08/2012 06:20,DCRCLYTE85509924,Stocks,OPET16,SHXQ48,32718.07,CRC,300,31/08/2015,172.57,NZD,114.36
23/08/2012 06:20,KRSCVKJJ19196023,Scooby Snacks,QCRG59,YCZA59,34846.0,USD,200,23/05/2013,174.23,USD,166.11
23/08/2012 06:20,PRHJGGXC11483824,Stocks,HHOA99,MKHA46,136981005.44,SDG,80000,23/06/2017,214.58,USD,1811.97
23/08/2012 06:21,LSZCSFGW59540798,Rift Crackers,LAUA80,LKPN86,176003.33,MXN,200,14/10/2017,129.58,USD,877.64
23/08/2012 06:21,CSGSGXQH46589315,Stocks,PNFK78,ZNQA84,20600.75,PEN,900,13/06/2016,106.02,USD,26.36
23/08/2012 06:21,DHKBTIJA71906305,PROBLEMs,IJPI82,CMZC67,712323.14,BTN,300,19/08/2015,314.8,USD,2248.19
23/08/2012 06:21,HSVDJXFZ25337515,Stocks,XHYN07,QBAP68,505874.6,AUD,400,23/08/2016,13.66,USD,1431.71
23/08/2012 06:22,NTCFSQCW26889595,Stocks,UEVD88,RQGG65,129240.0,USD,2000,01/11/2016,64.62,USD,55.66
23/08/2012 06:22,TLRJNEEI97789858,Finnests,EDYH00,TGZI54,82208.0,USD,700,15/10/2016,117.44,USD,127.31
23/08/2012 06:23,ZACUGHRG23241744,Master Balls,TRFG21,DOGG07,96911.79,ZWD,200,10/11/2013,105.94,USD,398.33
23/08/2012 06:23,HSDKSGKY71358372,Ultra Nanotech,WVHK10,KKGY69,1835700.0,USD,30000,20/11/2017,61.19,USD,56.15
23/08/2012 06:24,OVSUDGKG85668082,Orbs of Agamotto,SBUT62,DGTY64,170672.66,KHR,500,31/05/2017,138.04,USD,370.9
23/08/2012 06:25,AFZVBYVT82435511,Magic Whistles,NFAH30,PJKH65,3037375.46,RUB,900,30/12/2017,192.21,USD,2867.12
23/08/2012 06:25,XGUHFKRA62917149,Naknadan Shrines,UACN81,ZBIO05,2657340.0,USD,6000,28/12/2014,12760.24,VUV,388.46
23/08/2012 06:25,DGQEOAMX33638343,Stocks,TKVF94,QHXJ50,171486.78,SBD,200,17/12/2017,90.26,USD,810.11
23/08/2012 06:25,CPJJISNR95274674,Amulets of ESP,LAUA80,PIFN94,705600.0,USD,70000,25/04/2014,10.08,USD,8.52
23/08/2012 06:26,LULCOMCD26148570,Stocks,CMOI26,QWOA67,430470.0,USD,3000,26/11/2016,143.49,USD,173.86
23/08/2012 06:27,XLOZXCLH34854022,Aether Tanks,OPET16,TVQQ54,157680.0,USD,6000,31/03/2014,26.28,USD,21.88
23/08/2012 06:27,KEZHBSHT74233254,Felix Felicis,GIWG34,ISWT83,144332.0,USD,400,26/07/2013,360.83,USD,306.27
23/08/2012 06:27,UZMNKYMC53599174,Wide Lenses,RQGG65,NGBA40,529470.0,USD,9000,21/02/2016,58.83,USD,65.92
23/08/2012 06:28,MXPRETTH48688994,Stocks,ITTS26,RJUD59,9051.0,USD,700,06/09/2016,12.93,USD,12.12
23/08/2012 06:28,WNZSJMAC09648558,Stocks,RJUD59,EWUY52,16655.0,USD,100,26/07/2016,166.55,USD,187.08
23/08/2012 06:29,HARKZKLH65578715,Big Roots,HWJF09,MFZY76,294860.0,USD,1000,16/01/2016,294.86,USD,313.54
23/08/2012 06:29,OUAVDMAX23795067,Stocks,SAAM06,QBAP68,409800.0,USD,30000,23/08/2016,13.66,USD,12.02
23/08/2012 06:29,FLLSPXTR96485904,Scrolls of Seals,RJCA92,WWNS72,526710.0,USD,3000,23/08/2014,175.57,USD,157.87
23/08/2012 06:31,MXPDWGLO79748863,Loadstones,LBKT00,TYAE14,89687548.08,BTN,90000,22/03/2015,132.12,USD,937.47
23/08/2012 06:31,KLHNRFCP71639380,Sausages inna bun,UIKN63,CMOI26,63900.0,USD,6000,25/09/2016,10.65,USD,9.81
23/08/2012 06:32,HPTFDWBK81590776,Kamidogus,HSWX88,EWUY52,191866.99,AZN,200,26/05/2016,150.22,USD,1034.59
23/08/2012 06:32,KXIGEBIX01858074,Stocks,SHXQ48,LBKT00,83900.0,USD,10000,19/07/2017,12.45,VEB,7.6
23/08/2012 06:32,DTAWWKEV78089381,Holy Grails,BPLN25,RLZK87,1533700.0,USD,5000,27/05/2014,306.74,USD,308.73
23/08/2012 06:32,IMQHXPCR93853087,Stocks,UEVD88,ZXVX98,1218700.0,USD,10000,27/05/2014,121.87,USD,124.82
23/08/2012 06:33,VDOSNOFA73413603,String of Beads,NQJL85,FTFI87,472780.24,KGS,20000,28/04/2015,3.13,USD,27.15
23/08/2012 06:33,PUWZUBUU36388004,Garu Disks,YOQG45,KUWI70,1256500.0,USD,50000,16/09/2015,6.09,KRW,24.52
23/08/2012 06:33,ZJNJGEVG10462018,Stocks,GSTD71,FJOI82,44688.0,USD,400,25/05/2013,999.44,BDT,119.96
23/08/2012 06:34,ZRXUQKBS77619152,Stocks,DJNE62,QXFF29,3452400.0,USD,90000,19/05/2015,44.77,BMD,41.55
23/08/2012 06:34,HHITMGYL71085284,Stocks,PQSW95,AGBH66,76299.69,SZL,100,14/07/2017,576.41,BHD,927.17
23/08/2012 06:34,XAMHSIUD61384928,Pulse Rifles,DJNE62,PKBF70,10048.0,USD,400,27/10/2015,25.12,USD,24.6
23/08/2012 06:34,KGOSWEOV64898230,Stocks,PQSW95,YFAM59,184258.76,CRC,2000,21/03/2017,72.1,USD,82.86
23/08/2012 06:35,BRZZTFRC57859719,Stocks,TQSJ85,TFLS35,1303800.0,USD,60000,28/08/2016,21.73,USD,20.62
23/08/2012 06:36,KHEKFOUF96341288,Stocks,CVMG22,SZRJ90,1550269.35,RSD,7000,18/10/2014,210.5,USD,203.87
23/08/2012 06:36,KTWEQCET83026891,Stocks,LIIS96,SZRJ90,1473500.0,USD,7000,07/05/2014,2406.5,GBP,217.16
23/08/2012 06:36,DEZDYVQK13219441,Stocks,KKGI60,FGVK43,29106.0,USD,700,09/03/2015,41.58,USD,47.78
23/08/2012 06:36,PHGYTXGD27560732,Stocks,BBJG05,CQPJ57,10028.0,USD,200,13/07/2013,50.14,USD,47.66
23/08/2012 06:37,HBVIDQSY47850861,Stocks,AMBT33,MEOQ86,118200.0,USD,20000,28/09/2017,5.91,USD,6.48
23/08/2012 06:37,DMGMOAVA26216201,Dragon Eggs,YFAM59,YCZA59,1788450.0,USD,3000,24/08/2014,596.15,USD,700.28
23/08/2012 06:37,QYBLZBGT33577187,Stocks,JCWS17,KTLA69,19133537.28,KHR,60000,16/07/2017,128.96,USD,299.35
23/08/2012 06:37,CGMWNCFP85051067,Eject Buttons,MSHS03,VAHJ53,36966.0,USD,600,08/07/2014,61.61,USD,71.08
23/08/2012 06:37,NOKFZLTX22412021,Stocks,KEVJ11,TKVF94,293580.0,USD,9000,07/11/2014,32.62,USD,27.51
23/08/2012 06:38,PJWCHZBZ93419294,Stocks,HHOA99,UFAY59,486240.0,USD,4000,04/12/2014,121.56,USD,136.27
23/08/2012 06:38,IGTBQQHA70197873,Infinity Stones,EPZN28,SAAM06,4482298.36,MUR,500,02/02/2016,893.83,KMF,8253.31
23/08/2012 06:39,NTYIDDJQ29140820,Rare Candies,CIXF70,PIFN94,689250.0,USD,5000,23/10/2013,137.85,USD,156.91
23/08/2012 06:39,VNCEKHJX32326690,Stocks,ZELV96,WWNS72,199952.0,USD,800,26/03/2017,249.94,USD,272.13
23/08/2012 06:40,XIEQBMXP37863758,Amulets of Shinnok,INIL60,VTKE98,732800.0,USD,20000,25/11/2016,36.64,USD,40.97
23/08/2012 06:40,RLGCUIUQ15913326,Stocks,FGVK43,AWYB85,41473242.16,LAK,80000,09/04/2014,120.19,USD,442.85
23/08/2012 06:40,KSWREJDJ36983078,Stocks,TQSJ85,HHOA99,601600.0,USD,40000,27/08/2015,15.04,USD,17.08
23/08/2012 06:41,BICUSMQO81189274,Faerie Tonics,KKGY69,QOKP03,3002130.0,USD,9000,25/07/2015,333.57,USD,284.92
23/08/2012 06:41,XAHLFAGP81044326,Moranth Crackers,GSTD71,KEVJ11,115185.0,USD,700,17/02/2013,164.55,USD,185.87
23/08/2012 06:41,WKHJJGGY09038683,Stocks,OKYS51,CMOI26,156494120.16,ETB,80000,13/01/2015,211.02,USD,1775.74
23/08/2012 06:42,NYOXUORC32173719,Millennium Rings,VIMV38,NCYN50,5020.0,USD,400,20/04/2016,12.55,USD,14.28
23/08/2012 06:42,MEHDOQWO67218201,Stocks,ZELV96,HHFP66,501930.0,USD,3000,30/11/2013,167.31,USD,181.0
23/08/2012 06:43,GFJPBWEF16739462,Flying Carpets,DJNE62,IJPI82,26185.91,GTQ,200,04/07/2014,228.14,USD,114.36
23/08/2012 06:43,CDAOPRDL24013623,Stocks,VKMV12,NCYN50,10570.0,USD,700,30/11/2014,24.24,DKK,16.44
23/08/2012 06:44,XSQJUTTE84435867,Stocks,SZRJ90,ITTS26,474450.0,USD,3000,09/07/2017,158.15,USD,144.05
23/08/2012 06:44,IBQTYUQT15707122,Pokeballs,ZBIO05,OUNH49,236175.85,CVE,200,11/05/2014,108.27,USD,1304.13
23/08/2012 06:44,RJNDFVHR24621358,Adrenaline Orbs,AWYB85,MKHA46,2138100.0,USD,10000,18/08/2013,213.81,USD,182.61
23/08/2012 06:45,IRRHNLXB16805625,Protect Drinks,YWMD69,YTAI13,101320.0,USD,500,16/04/2017,202.64,USD,218.55
23/08/2012 06:45,OZOXFGJN83691937,Stocks,OPET16,PIFN94,347016.0,USD,800,26/05/2016,433.77,USD,421.44
23/08/2012 06:45,QLHCQUCM77272627,Shining Coins,QHXJ50,NCCX02,112672286.52,PYG,30000,02/07/2013,420.92,USD,4150.85
23/08/2012 06:46,EIZORBRO81900204,Stocks,OUNH49,CMOI26,1688160.0,USD,8000,20/04/2015,211.02,USD,196.59
23/08/2012 06:46,BLZOAGRU54716106,Stocks,IBLA29,HWJF09,446580.0,USD,2000,27/04/2014,223.29,USD,199.5
23/08/2012 06:47,CIYLOAIB36789088,Stocks,YLGZ72,HPTP65,187928.0,USD,800,01/06/2014,234.91,USD,245.56
23/08/2012 06:47,DIHLCODA14330799,Stocks,CAVR54,SAAM06,10242000.0,USD,90000,03/10/2014,113.8,USD,127.7
23/08/2012 06:47,WJLOXLXZ02744080,Duff,THJF58,WIZJ73,5439206.18,MAD,7000,24/09/2015,299.03,USD,856.77
23/08/2012 06:47,VERORTDD26859728,Stocks,DGTY64,FDWI64,10650.75,NOK,400,18/08/2016,22.4,USD,28.06
23/08/2012 06:48,JYSLSMQW49548165,Stocks,AYIH50,QOKP03,240102.0,USD,600,09/11/2016,400.17,USD,451.06
23/08/2012 06:48,LZIRXMDQ65600406,Valars,OPZI26,KKGY69,171507.0,USD,700,12/04/2016,245.01,USD,241.68
23/08/2012 06:48,NDGTRGFA77509889,Focus Bands,QMZU44,AMBT33,92696.0,USD,200,24/03/2016,463.48,USD,509.4
23/08/2012 06:49,REMSYJME04255113,Stocks,XRBV61,KKGI60,461028.94,SYP,800,25/07/2013,132.44,USD,556.66
23/08/2012 06:49,FJYSFQBX88010668,Dust Cannisters,DBCS17,DNIL23,225236.0,USD,400,18/07/2017,563.09,USD,458.03
23/08/2012 06:49,NSWGTPTX75857532,Stocks,MYXF05,QODV38,99824.0,USD,800,29/08/2015,124.78,USD,136.16
23/08/2012 06:49,QBCYUFFW94555838,Stocks,RFZG50,QOKP03,160068.0,USD,400,02/05/2014,400.17,USD,341.99
23/08/2012 06:50,CKWQZYIK82417419,Stocks,DGTY64,CUVZ50,47691.0,USD,700,15/06/2015,68.13,USD,63.16
23/08/2012 06:50,PTKSITEK09476033,Stocks,EKXA24,XRBV61,276018.23,PLN,7000,29/06/2014,1130.81,KES,43.34
23/08/2012 06:50,VNUAIHLW31876775,Stocks,XRBV61,BMRZ75,29380.0,USD,100,09/01/2015,293.8,USD,346.01
23/08/2012 06:51,RMHJHWTF89080698,Stocks,FTFI87,FGVK43,124740.0,USD,3000,22/10/2015,41.58,USD,45.54
23/08/2012 06:51,JLZFUQDZ62460116,Stocks,SXTM39,TQSJ85,623436.2,LRD,800,13/01/2014,199.13,USD,802.38
23/08/2012 06:51,ZMFSAKZZ93056764,Stocks,RLZK87,VESX21,4167680.98,KES,5000,16/04/2015,1314.59,GHS,899.01
23/08/2012 06:52,HTMDXTOX56019292,Stocks,HHFP66,SEKK26,87820.0,USD,1000,23/02/2013,658.99,FKP,95.46
23/08/2012 06:54,GXLARFNT90046013,Tortures,RLZK87,DVVB31,621600.0,USD,10000,27/09/2015,62.16,USD,62.71
23/08/2012 06:54,AROYIFDY88239501,Stocks,DVVB31,TFLS35,10865.0,USD,500,25/06/2017,21.73,USD,23.28
23/08/2012 06:54,PEKSCYGK20596744,Djinns,TYAE14,BDBU00,732120.0,USD,4000,09/04/2015,183.03,USD,154.46
23/08/2012 06:55,NRCENUCX26242784,Stocks,SXHU74,SHXQ48,853500.0,USD,10000,18/12/2015,85.35,USD,96.63
23/08/2012 06:55,LIWQBIIW40945008,Phials of Galadriel,QCRG59,WIZJ73,73434.0,USD,300,23/03/2016,244.78,USD,283.26
23/08/2012 06:56,LHXUVEYY68054812,Stocks,UIKN63,MEOQ86,2364.0,USD,400,13/05/2014,5.91,USD,6.68
23/08/2012 06:56,VDQFMZLB25969127,Gauntlets of Power,MKHA46,NFAH30,164525.0,USD,500,03/11/2017,329.05,USD,292.3
23/08/2012 06:56,YGKXRDQI67864836,Stocks,RJUD59,EIWJ22,1817.88,PEN,100,10/12/2014,84.2,USD,21.38
23/08/2012 06:56,LQZPAHQD41397622,Amulets of Strangulation,ZEHM52,ERHJ34,581340.0,USD,6000,08/04/2014,96.89,USD,106.58
23/08/2012 06:58,RGOAOCMV97090162,Pensieves,WVHK10,OPZI26,12536.0,USD,200,26/02/2013,62.68,USD,70.62
23/08/2012 06:58,YORUQXHA35383756,Red Shells,DBCS17,THJF58,10193.36,MNT,800,13/12/2016,80.44,USD,13.84
23/08/2012 06:58,TSDIUMTQ95561752,Stocks,UHOG52,FDWI64,20160.0,USD,900,06/03/2016,22.4,USD,22.89
23/08/2012 06:58,PGDXCBJC21198400,Gadgetrons,WWNS72,SHXQ48,55994.08,KHR,900,05/03/2017,274.42,CVE,52.77
23/08/2012 06:59,ALJOFRPN11245355,Stocks,UWUK72,YTAI13,475600.0,USD,4000,21/04/2016,118.9,USD,132.9
23/08/2012 06:59,EUCCPNEE94485419,Stocks,VVBY18,IIZF28,85656.0,USD,800,19/05/2014,107.07,USD,120.06
23/08/2012 07:00,PRZITGGP34232116,Stocks,FAWI50,LBKT00,75510.0,USD,9000,10/01/2016,8.39,USD,6.66
23/08/2012 07:00,PUSUPIHG82916897,Daenarians,VXSM31,BBAX06,82297.08,NAD,500,08/09/2014,65.16,USD,190.35
23/08/2012 07:00,IHIFQZXH49696924,Stocks,WIZJ73,RFZG50,1743000.0,USD,30000,19/08/2014,58.1,USD,53.07
23/08/2012 07:00,KHPRSWPH10369948,Levitation Boots,ZXVX98,FAWI50,1922600.0,USD,20000,05/08/2017,96.13,USD,106.1
23/08/2012 07:01,SDFZEESM18149606,Zanpakutos,KRRO64,UIKN63,3868.91,TRY,500,02/01/2013,10.04,USD,8.55
23/08/2012 07:01,PKLYLZJS93081956,Stocks,FJOI82,YTAI13,23780.0,USD,200,11/01/2016,118.9,USD,104.4
23/08/2012 07:01,GABPYFAI51886435,Stocks,ZDAI73,FTFI87,666331.84,VND,500,28/08/2013,217.34,USD,1562.44
23/08/2012 07:01,UKTEZPNU13984680,Stocks,ZEHM52,HWHS51,83348.0,USD,400,17/04/2014,208.37,USD,223.73
23/08/2012 07:02,ZIVQBHGK05681104,Decepticons,RJCA92,SXHU74,239835.61,MKD,900,03/08/2017,69.7,USD,296.91
23/08/2012 07:02,JXRZAPMA11414873,Exorcism Slips,MFZY76,GSTD71,51789.0,USD,300,01/11/2017,172.63,USD,191.17
23/08/2012 07:03,UBHOUVRB45605993,Magic Flute,OKYS51,AHMZ79,85692.29,THB,400,22/11/2017,313.34,RON,219.53
23/08/2012 07:04,GGAHQTAD68342125,Philosopher Stones,BBAX06,IJPI82,177179840.76,UAH,60000,20/10/2014,108.38,USD,2389.06
23/08/2012 07:04,SXBSTWWP35721654,Helms of Brilliance,AHMZ79,UFAY59,207475.0,USD,500,01/11/2017,414.95,USD,362.78
23/08/2012 07:04,KBBBUWGI35988053,Stocks,ZSXF19,NCXS33,1609470.0,USD,9000,01/01/2015,178.83,USD,154.62
23/08/2012 07:04,IKJDGNUW73291931,Agents,NQJL85,GSTD71,2801600.0,USD,20000,24/12/2017,140.08,USD,149.41
23/08/2012 07:05,YRLSFOAA74200797,Stocks,KEVJ11,SRYE59,17820.0,USD,6000,24/05/2013,2.97,USD,3.03
23/08/2012 07:05,GSBSHAVB92079375,Focus Sashes,OCQF34,SZRJ90,12650.81,BHD,100,17/04/2013,345.84,PKR,143.82
23/08/2012 07:06,PCTRZZDZ05885084,Absorbing Eyes,VTKE98,HYSJ42,32380.0,USD,1000,20/07/2014,32.38,USD,30.01
23/08/2012 07:06,CETSIXLV00068237,Stocks,VVBY18,FDWI64,156800.0,USD,7000,08/03/2017,22.4,USD,19.64
23/08/2012 07:06,NYXOUVIS91170530,Stocks,HYSJ42,TQSJ85,1393292.7,CUP,3000,04/04/2016,254.45,CRC,502.58
23/08/2012 07:07,OGZWPXEG13637472,Turbo Ethers,JVHD93,VPTI00,11943.0,USD,300,18/10/2013,39.81,USD,43.15
23/08/2012 07:07,MLJVPUON81737300,Omnigaskets,JZTC69,CBOX52,310928.0,USD,800,30/05/2017,388.66,USD,363.17
23/08/2012 07:08,OHYPVYJR74040413,Mithril Bars,PBFW95,EIWJ22,178200.0,USD,60000,03/06/2016,2.97,USD,2.72
23/08/2012 07:08,RKMYQDQT26817206,Full Faces,OHKH76,QLCE04,2044003.96,BDT,500,21/05/2015,4438.09,PKR,3757.82
23/08/2012 07:09,UQRJGMXL79454284,Alchemy Smocks,QCRG59,GSTD71,102725894.56,GYD,80000,11/10/2013,362.62,USD,1459.39
23/08/2012 07:09,PZQWFTSK60177880,Bottled Faeries,NGBA40,HHOA99,113550.0,USD,600,28/12/2016,189.25,USD,205.3
23/08/2012 07:09,SMPFNTYD23535333,Chainsaws,QODV38,VESX21,495520.0,USD,8000,15/07/2013,61.94,USD,61.85
23/08/2012 07:10,YFBBWBTO71682302,B-4s,FGVK43,ESPL27,25340.0,USD,700,19/12/2013,36.2,USD,38.46
23/08/2012 07:10,AHJBHKKW99285371,Nanotech Crates,OPZI26,EDYH00,4466921.4,BIF,6000,01/11/2013,449.0,USD,801.78
23/08/2012 07:10,FSLMPQKI71265538,Vilyas,FGVK43,IIZF28,1886250.0,USD,5000,07/09/2015,377.25,USD,408.88
23/08/2012 07:11,AGKMRRZD73069746,Stocks,SHXQ48,FORM54,9048.0,USD,400,10/04/2016,22.62,USD,24.22
23/08/2012 07:11,MVRZLUKE88433948,Stocks,DVVB31,FORM54,203580.0,USD,9000,07/12/2016,22.62,USD,21.69
23/08/2012 07:12,PVNLKRVR22804155,Gadgebot Upgrade Chips,MYXF05,SEKK26,1269000.0,USD,9000,01/07/2013,141.0,USD,149.84
23/08/2012 07:12,TACPCVHC97390174,Iron Balls,AMBT33,RJCA92,957510.0,USD,3000,14/08/2016,319.17,USD,341.85
23/08/2012 07:12,CTFPAGAH22828977,Stocks,MFZY76,FDWI64,8960.0,USD,400,03/06/2015,22.4,USD,19.87
23/08/2012 07:13,YYHQYJBJ42381543,Stocks,UACN81,CBOX52,120715.0,USD,500,27/12/2015,241.43,USD,223.31
23/08/2012 07:14,SHGZCRCM12185791,Golden Fleeces,TYAE14,SWGF93,90275.0,USD,500,24/01/2013,1226.17,MXN,158.23
23/08/2012 07:14,GASGPYGJ83126760,Stocks,HWHS51,SMYT95,3436424.04,XCD,700,16/06/2015,148.85,USD,4439.98
23/08/2012 07:14,TFICIWJH13423476,Stocks,YTAI13,IZTD25,167300.29,SDG,200,02/06/2014,104.83,USD,960.64
23/08/2012 07:14,PTFUTJQO01896421,Stocks,ESPL27,GSTD71,62664.0,USD,600,30/04/2016,104.44,USD,94.14
23/08/2012 07:14,UKUVYJHA11707450,Octiron Bars,ZEHM52,SRYE59,10560602.4,NPR,40000,16/02/2015,199.86,USD,253.54
23/08/2012 07:14,YELMDRXU70501531,Stocks,VESX21,SZRJ90,53172.3,NAD,100,05/04/2015,210.5,USD,509.06
23/08/2012 07:15,KHXHKJJA46720466,Butterflys,ORQH73,SBUT62,805110.0,USD,3000,12/01/2014,268.37,USD,304.53
23/08/2012 07:15,ILEKWMVZ98818552,Stocks,SUOX82,QOKP03,20008500.0,USD,50000,19/09/2014,400.17,USD,444.51
23/08/2012 07:16,UJFJLKXC34851398,Amulets of Unchanging,SRYE59,FGVK43,134201.87,DJF,100,16/04/2016,160.22,USD,1466.98
23/08/2012 07:17,GLMPSFEF60797413,Mystic Keys,VLJL11,RFZG50,604003.57,SBD,600,02/05/2013,105.97,USD,1108.3
23/08/2012 07:17,JFAGWEFY80264101,Slurm,FDWI64,TRFG21,7696800.0,USD,60000,23/06/2015,128.28,USD,116.66
23/08/2012 07:17,XKZNFGSU21999755,Scouters,CAVR54,GGLV00,32425.0,USD,500,21/01/2015,64.85,USD,58.9
23/08/2012 07:18,QCANPYWS70340257,Millennium Keys,DDIB11,JXGF57,11086334.77,SLL,7000,26/11/2016,474.82,USD,1646.96
23/08/2012 07:18,VBOCLEFI23986583,Stocks,PIFN94,VPTI00,32770.0,USD,500,24/07/2014,65.54,USD,76.74
23/08/2012 07:18,PZSCNYBG01010916,Stocks,QOKP03,UACN81,9324.0,USD,700,24/05/2014,13.32,USD,12.95
23/08/2012 07:18,BZGVNFWQ30580460,Stocks,HSWX88,PKBF70,15057493.68,NZD,40000,03/08/2013,186.18,USD,389.34
23/08/2012 07:19,VVDOHPDI95302892,Veritaserums,OCQF34,AWYB85,3988110.0,USD,7000,22/06/2014,569.73,USD,538.62
23/08/2012 07:20,DPSFPMBB95172525,Stocks,RNZB01,AHMZ79,1366480.0,USD,8000,09/03/2016,170.81,USD,165.7
23/08/2012 07:20,WXVWEFYG62928530,Stocks,YOQG45,MDEQ10,24357.0,USD,300,23/03/2013,81.19,USD,92.98
23/08/2012 07:20,UBWESVWT03943159,Stocks,JXGF57,VXSM31,84114.0,USD,900,28/09/2017,534.71,KES,82.86
23/08/2012 07:20,VPBSTOZW63606030,Thief Gloves,MKHA46,GZED20,377280.0,USD,800,30/07/2014,471.6,USD,405.53
23/08/2012 07:21,NTRYBFNW77286341,Amulet Coins,YSSR29,ESPL27,56074.0,USD,200,26/10/2014,280.37,USD,263.48
23/08/2012 07:22,ENLJALPM07803843,Energon Cubes,QXFF29,VESX21,2644800.0,USD,5000,27/06/2017,528.96,USD,581.48
23/08/2012 07:23,UOAMJLLD69627773,Stocks,CMZC67,SMYT95,89310.0,USD,600,23/06/2014,148.85,USD,162.75
23/08/2012 07:23,WTRYMQTT95375264,Stocks,OQXV70,ITTS26,790750.0,USD,5000,08/01/2015,158.15,USD,148.13
23/08/2012 07:23,JPUZMLOC69561428,Stocks,FJOI82,ZNQA84,42408.0,USD,400,20/04/2015,106.02,USD,95.59
23/08/2012 07:23,JWLNRQSY63839037,Lavenders,BPLN25,KTLA69,161270.0,USD,500,11/08/2017,322.54,USD,292.74
23/08/2012 07:24,MAWSYFBU53056228,Rings of Hunger,GZED20,ITTS26,18098100.0,USD,90000,28/01/2013,201.09,USD,169.94
23/08/2012 07:24,WSZORNFA80346407,Stocks,GBEZ65,GZED20,4171600.0,USD,20000,05/07/2016,208.58,USD,191.73
23/08/2012 07:24,FTTCGTTN48159997,Stocks,ZNQA84,AMBT33,11563.02,PLN,4000,20/02/2016,14.49,USD,3.19
23/08/2012 07:25,XVDZJJPK94460023,Rift Crackers,IZLM67,LKPN86,51832.0,USD,400,03/10/2017,609.36,SZL,133.41
23/08/2012 07:25,FBGLTZUR26645652,Stocks,SWGF93,AMBT33,130410.0,USD,9000,15/10/2015,14.49,USD,12.77
23/08/2012 07:26,LNLMICYD53797332,Stocks,MEOQ86,UIKN63,60020.0,USD,400,08/01/2014,150.05,USD,127.53
23/08/2012 07:26,SIZPABVO76479046,Stocks,FGQR22,PJKH65,186434.0,KRW,40000,19/05/2015,19.22,USD,5.33
23/08/2012 07:26,CFCZCINI45158294,Koins,FGVK43,IZLM67,4373155.6,EGP,8000,01/08/2013,125.81,USD,492.63
23/08/2012 07:26,HCIJBOYN03319473,Stocks,KTLA69,FGQR22,12000.0,USD,800,03/06/2013,15.0,USD,13.88
23/08/2012 07:27,HQLTZXZF68483849,Potions of Sickness,ITTS26,DREA89,191412.0,USD,900,06/11/2015,212.68,USD,182.37
23/08/2012 07:27,GLUOEJQG07637669,Noisy Crickets,NCXS33,MSHS03,69676.0,USD,400,15/10/2014,174.19,USD,148.43
23/08/2012 07:27,CHISPMON44344010,Stocks,LWGE44,QBVN33,604880.0,USD,8000,24/02/2016,75.61,USD,79.39
23/08/2012 07:28,EUPVWQSC43692330,Millennium Puzzles,HSWX88,XHYN07,79200.0,USD,5000,12/05/2015,15.84,USD,12.91
23/08/2012 07:28,UQQCRVGH76950828,Stocks,SBUT62,QBAP68,9562.0,USD,700,11/08/2013,13.66,USD,12.85
23/08/2012 07:28,ISJQNIMF08993684,Golden Fleeces,UEVD88,SWGF93,144440.0,USD,800,05/02/2014,11386.62,PHP,185.54
23/08/2012 07:28,QWEOCIVJ29155847,Energon Cubes,YWMD69,VESX21,429190738.56,AMD,60000,11/01/2015,528.96,USD,7550.15
23/08/2012 07:29,GCYEQCMA67596784,Silver Apples,FAWI50,KUWI70,2110080.0,USD,7000,25/11/2017,301.44,USD,276.86
23/08/2012 07:29,DMHIOVUJ20148886,Stocks,EPZN28,QLMY86,824000.0,USD,4000,17/07/2017,206.0,USD,239.57
23/08/2012 07:29,UMMTMXCV77632668,Amulets of Life Saving,DJNE62,RDBE21,223685.0,USD,700,16/06/2016,319.55,USD,279.54
23/08/2012 07:30,TSPADSVN43640174,Blue Fire Powder,SFEO61,CIXF70,254190.0,USD,3000,05/11/2015,84.73,USD,77.78
23/08/2012 07:30,SLMRGPCV56433952,Falco Disks,HFLM11,CBOX52,424127.21,XOF,400,07/08/2014,195.88,USD,1178.33
23/08/2012 07:30,HMWGVDUQ45558411,Stocks,HFLM11,KKGI60,105952.0,USD,800,14/12/2015,132.44,USD,143.45
23/08/2012 07:30,GNKOODLI65150470,Stocks,WVHK10,VESX21,1165520.0,USD,8000,24/04/2014,145.69,USD,133.53
23/08/2012 07:30,WPCQBEMP62648951,Moranth Shapers,SWGF93,ERHJ34,55182.0,USD,600,01/11/2016,91.97,USD,103.77
23/08/2012 07:30,FLIXTOMP04919052,Deku Sticks,HNLV68,HFLM11,100769877.85,ZWD,50000,20/01/2014,440.63,USD,2109.36
23/08/2012 07:30,JEJSMVPQ99220189,Stocks,DBCS17,FGVK43,124740.0,USD,3000,22/02/2017,41.58,USD,45.08
23/08/2012 07:31,QTJHJHXU83063824,Stocks,QCRG59,LWGE44,896.0,USD,100,05/12/2017,8.96,USD,8.18
23/08/2012 07:32,XWNFFRTE20840642,Stocks,ZEHM52,NCCX02,1109340.0,USD,6000,11/02/2016,184.89,USD,207.24
23/08/2012 07:32,BSXQGKQP34427181,Stocks,MHFC34,RJCA92,166320.0,USD,8000,10/03/2013,20.79,USD,18.96
23/08/2012 07:33,ZZSMABKY85019126,Stocks,INIL60,VXSM31,28038.0,USD,300,17/04/2017,93.46,USD,96.27
23/08/2012 07:33,RFXYLYVT24894593,Tachyons,HWHS51,PNFK78,435124.25,ZWD,400,27/08/2017,237.83,USD,1007.79
23/08/2012 07:33,OBGRQFVH71118008,Stocks,VVXA11,AMRO66,14127750.9,ZMK,50000,17/01/2013,53.63,USD,321.19
23/08/2012 07:33,GWXRZMFB62524332,Doors of Durin,AMBT33,ZSXF19,4169186.74,ARS,2000,15/02/2014,776.51,BTN,1925.84
23/08/2012 07:34,TLJIAGKA71365774,Stocks,CVMG22,DILF10,1392361.22,NZD,4000,15/02/2017,172.16,USD,380.0
23/08/2012 07:34,TJLFIHXJ34656344,Stocks,QMZU44,ZEHM52,51885.0,USD,500,13/09/2014,103.77,USD,97.06
23/08/2012 07:34,YDWTAUEK89045078,Stocks,NCXS33,IBLA29,100088.16,GTQ,400,27/12/2016,436.0,USD,229.35
23/08/2012 07:35,OGVZKHHR23751959,Ultra Nanotech,RQGG65,KKGY69,428489.09,BMD,6000,18/07/2013,61.19,USD,63.32
23/08/2012 07:35,FJSVJPPW81389061,Thief Gloves,GBEZ65,GZED20,1070409.38,BYR,300,02/06/2013,471.6,USD,3980.77
23/08/2012 07:36,PPDPVXFL18271519,Stocks,INIL60,TQSJ85,99565.0,USD,500,05/01/2017,199.13,USD,187.67
23/08/2012 07:36,EFUTKAER01114514,Clank Model Robots,VPTI00,QETH27,20938.0,USD,200,22/06/2016,104.69,USD,116.33
23/08/2012 07:36,GGBEBTIT21645657,Limit Break Manuals,LWGE44,HSWX88,64026.0,USD,600,19/08/2016,106.71,USD,117.4
23/08/2012 07:36,NTBVZSIT67394342,Phoenix Downs,HYSJ42,ORQH73,1902.0,USD,100,05/03/2017,110.14,MZN,20.11
23/08/2012 07:36,DQWFOKRF05552210,Magic Whistles,WVEI17,PJKH65,7461534.54,LAK,9000,02/04/2017,192.21,USD,890.5
23/08/2012 07:37,PWUQMXXP58276079,White Herbs,WVHK10,NCXS33,8098649.06,BHD,6000,16/02/2016,379.94,USD,1595.83
23/08/2012 07:37,QLLWOIQX50736532,Arm Nanoblades,HYSJ42,OHKH76,401856.0,USD,800,19/02/2015,502.32,USD,459.57
23/08/2012 07:37,QXJLYFNF26534296,Stocks,ZEHM52,NXTO39,4401158.9,SLL,9000,16/01/2015,146.61,USD,441.03
23/08/2012 07:38,XOPIWQHU92768928,Stocks,FDWI64,KKGI60,119196.0,USD,900,20/06/2013,132.44,USD,137.82
23/08/2012 07:38,FPYFHJEJ58569093,Stocks,VAHJ53,EDYH00,2657084.16,SHP,9000,25/10/2015,77.09,USD,268.24
23/08/2012 07:39,LZVQEFTR00132863,BFG 9000s,EMNK67,QCRG59,999630.0,USD,9000,06/04/2014,111.07,USD,128.78
23/08/2012 07:39,QEDLLHSH53211921,Pixie Disks,DOGG07,UFAY59,176280.0,USD,500,23/06/2014,1274.72,TMM,381.95
23/08/2012 07:39,EDKXXBHA28019607,Stocks,DGTY64,IBLA29,348800.0,USD,800,08/09/2017,436.0,USD,485.83
23/08/2012 07:40,IJJGCLAJ10641873,Stocks,QBAP68,EMNK67,637020.0,USD,3000,17/05/2015,212.34,USD,185.29
23/08/2012 07:40,XRAMNOZW46066395,Potora Earrings,YCZA59,RQGG65,22203.03,OMR,500,17/07/2013,10.36,USD,41.78
23/08/2012 07:40,ABBKYEZA07157322,Stocks,VLJL11,MFJJ99,344000.0,USD,5000,15/01/2014,68.8,USD,71.23
23/08/2012 07:41,DNXSJTDZ67794738,Mr. Zerkons,VVXA11,IZTD25,27192.0,USD,200,26/04/2017,980.29,YER,105.02
23/08/2012 07:41,MMFLRMOR23482243,Stocks,TFLS35,AMRO66,3754100.0,USD,70000,23/08/2016,53.63,USD,41.59
23/08/2012 07:41,IHVUAHRR64996202,Stocks,HHOA99,TKVF94,6524.0,USD,200,07/05/2017,32.62,USD,33.38
23/08/2012 07:42,GYDSTNIV30155871,Stocks,WVEI17,QMZU44,758608.34,GEL,1000,15/02/2014,180.72,USD,900.46
23/08/2012 07:42,QHVBUXGP85566154,Stoles,SEKK26,DJNE62,576394.91,LAK,400,05/09/2013,334.08,USD,1596.54
23/08/2012 07:43,OIGFHUAB52815961,Hexagonal Crystals,TGZI54,BBJG05,910520.0,USD,4000,24/09/2013,70.75,XPF,212.67
23/08/2012 07:43,VOOTXHGG93929356,Nitro Powder Blocks,ERHJ34,LWGE44,18476.21,CDF,400,02/04/2015,214.64,USD,55.93
23/08/2012 07:43,WTYZAFSG48677051,Noisy Crickets,EDYH00,MSHS03,951690.55,RWF,800,03/06/2015,2371.27,PAB,1009.32
23/08/2012 07:43,GEKQRIJZ95319923,Stocks,ZNQA84,DOGG07,23149.0,USD,700,11/02/2016,33.07,USD,37.15
23/08/2012 07:44,XCXDQLXN60027048,Decepticons,DVVB31,SXHU74,62730.0,USD,900,14/06/2017,69.7,USD,57.83
23/08/2012 07:44,JAIIEKRK19378099,Orbs of Agamotto,ZFHD93,DGTY64,133312.13,LSL,500,25/08/2017,138.04,USD,244.01
23/08/2012 07:45,FVKMBLJK28378071,Butterflys,LWGE44,SBUT62,187859.0,USD,700,01/05/2013,268.37,USD,298.91
23/08/2012 07:45,QWDRMVWD63497302,Titan Horns,LIIS96,MRAH32,1202553.55,KGS,600,04/07/2015,265.38,USD,2333.66
23/08/2012 07:45,MFMQSNWV67311527,Nanotech Crates,NQJL85,EDYH00,40410000.0,USD,90000,17/06/2017,449.0,USD,498.71
23/08/2012 07:46,TRWBODEU67475754,Triforces,CUVZ50,SFEO61,157959.0,USD,900,05/07/2015,175.51,USD,158.85
23/08/2012 07:46,MBSAGCVK04644035,Horns of Plenty,OQXV70,ZNQA84,85377.0,USD,300,28/12/2017,284.59,USD,313.98
23/08/2012 07:47,BWRFYIFP13892610,Sending Stones,NCYN50,ZEHM52,11339200.0,USD,20000,15/02/2015,566.96,USD,547.34
23/08/2012 07:47,BXORVJZO19755616,Magic Whistles,MFJJ99,PJKH65,1398327.75,KRW,30000,19/01/2017,192.21,USD,39.89
23/08/2012 07:47,USOJQKOP70071028,Amulets of ESP,PVAZ61,PIFN94,33173.78,MDL,500,29/12/2015,10.08,USD,57.56
23/08/2012 07:47,YXFUEUET13894708,Shell Bells,OPZI26,TRFG21,395276.0,USD,700,21/01/2016,564.68,USD,494.39
23/08/2012 07:48,JBJBKQFJ07148946,Water Tablets,VCSF07,CVMG22,577010.0,USD,7000,23/09/2016,82.43,USD,73.59
23/08/2012 07:48,OWFGNWKF78158765,Nails of Helena,TFLS35,JVHD93,2041550.0,USD,5000,22/09/2015,408.31,USD,341.37
23/08/2012 07:48,LISYFOQQ80755429,Deck of Dragons,QLCE04,OKYS51,16347000.0,USD,60000,23/05/2015,272.45,USD,237.29
23/08/2012 07:48,QXUJEBKG67003405,Stocks,RJUD59,DBCS17,445100.0,USD,5000,05/10/2017,89.02,USD,81.25
23/08/2012 07:49,VUPZWHWK49342765,Fusion Loaders,KEVJ11,HHOA99,56727.48,PGK,100,13/05/2013,213.84,USD,646.54
23/08/2012 07:49,SVVZQBWZ43569131,Stocks,QBVN33,GSTD71,626640.0,USD,6000,17/11/2014,104.44,USD,87.38
23/08/2012 07:50,GXWVZDXU43980117,Stocks,SFZS08,FDWI64,4480.0,USD,200,01/11/2014,22.4,USD,22.93
23/08/2012 07:50,RUVOFOBH95055238,Stocks,SFZS08,EDYH00,693810.0,USD,9000,08/05/2015,77.09,USD,70.12
23/08/2012 07:50,VCCBIFEJ53114194,Stocks,SFEO61,FJOI82,6703200.0,USD,60000,26/04/2013,111.72,USD,119.73
23/08/2012 07:50,DYBTNROD17548528,Stocks,HWJF09,NXTO39,772927.92,BSD,800,22/09/2015,146.61,USD,838.26
23/08/2012 07:50,SZQPXXOC30273077,Dragon Balls,ISWT83,RFZG50,44585.0,USD,500,16/05/2016,89.17,USD,82.37
23/08/2012 07:51,MLMZLIOO15674297,Wings of Icarus,HSWX88,CVMG22,42752.0,USD,400,15/06/2013,351.69,HUF,124.47
23/08/2012 07:51,ZFGLZELU13128602,Float Stones,FAWI50,SXTM39,61046.0,USD,200,01/09/2016,305.23,USD,335.97
23/08/2012 07:52,BDODQFEK08895441,Venom Canisters,FYYD57,DOGG07,353087.09,SVC,500,13/02/2015,151.16,USD,604.48
23/08/2012 07:52,PFKVBEEN74839447,Tricorders,MEOQ86,FGQR22,466263428.36,COP,40000,18/08/2016,139.69,USD,12585.08
23/08/2012 07:53,WACEVDTE21701977,Millennium Necklaces,QLCE04,ZXVX98,131640.95,TRY,700,12/08/2015,109510.96,TWD,180.51
23/08/2012 07:53,TWMTLTLU12282662,Stocks,SFEO61,SUOX82,16642.0,USD,100,27/11/2017,166.42,USD,166.09
23/08/2012 07:54,DOZAUYTS60345611,Stocks,KRRO64,RJCA92,83160.0,USD,4000,17/06/2014,20.79,USD,22.36
23/08/2012 07:54,ILULVOFX11898633,Stocks,FYYD57,QMZU44,90360.0,USD,500,11/02/2014,180.72,USD,162.52
23/08/2012 07:54,GANZYPOA54626885,Stocks,BDBU00,RQGG65,38772.0,USD,600,21/07/2017,64.62,USD,73.18
23/08/2012 07:54,PBCLRKSW37492417,Stocks,YOQG45,FTFI87,434680.0,USD,2000,30/09/2014,217.34,USD,228.31
23/08/2012 07:55,RVBGHOGA72898516,Stocks,YCZA59,KRRO64,229500.0,USD,1000,19/01/2017,229.5,USD,226.09
23/08/2012 07:55,CYQKWMVV21290180,Stocks,YCZA59,MFJJ99,27520.0,USD,400,23/02/2015,68.8,USD,55.46
23/08/2012 07:55,SPQXPVWJ35431564,Rings of Gain Constitution,OCQF34,YSSR29,720091.94,KYD,600,27/02/2015,155.42,USD,1266.05
23/08/2012 07:56,RZIFKFQT26977768,Stocks,HXDA52,UWUK72,12106.0,USD,100,16/02/2014,121.06,USD,110.58
23/08/2012 07:56,SDIHEQUV14018324,Stocks,SAAM06,DDIB11,30320.0,USD,2000,20/07/2017,15.16,USD,15.69
23/08/2012 07:58,YMRDTMTB84508574,Stocks,FYYD57,GYWU23,1295700.0,USD,70000,31/01/2017,18.51,USD,19.87
23/08/2012 07:58,GDYYAGBP89047655,Stocks,TFLS35,WVHK10,33005.43,RSD,300,06/10/2015,104.57,USD,100.57
23/08/2012 07:58,KZYURCPN07653493,Stocks,TFLS35,QXFF29,38360.0,USD,1000,14/11/2017,38.36,USD,33.41
23/08/2012 07:58,EDQMHXXU27738743,Gargantua Space Stations,FTFI87,FYYD57,25560.0,USD,2000,24/09/2015,12.78,USD,13.26
23/08/2012 07:58,CQYYEPRD50521886,Sending Stones,JCWS17,ZEHM52,3968720.0,USD,7000,14/03/2017,566.96,USD,622.19
23/08/2012 07:58,BCJVCHHL77767995,Stocks,WWNS72,CUVZ50,20439.0,USD,300,12/11/2014,68.13,USD,71.74
23/08/2012 07:58,FBQPWADT25979136,Stocks,RNZB01,RJCA92,10395.0,USD,500,08/07/2014,20.79,USD,20.25
23/08/2012 07:58,DNDJEBHP87736771,Barrier Tags,SAAM06,TBVE46,13159600.0,USD,40000,16/05/2015,328.99,USD,364.73
23/08/2012 07:59,NFUIFBVQ65923914,Stocks,VESX21,AYIH50,423080.0,USD,4000,16/07/2017,105.77,USD,100.74
23/08/2012 07:59,OUUYNQBU92589454,Treasure Mappers,CIXF70,EMNK67,1783080.0,USD,9000,29/11/2013,198.12,USD,190.67
23/08/2012 08:00,KTYWCQZV59800957,Lavenders,HFLM11,KTLA69,1544244.11,SDG,600,09/02/2015,322.54,USD,2941.22
23/08/2012 08:00,IOORNWEM29823339,Stocks,BPLN25,SMYT95,297700.0,USD,2000,17/03/2013,148.85,USD,149.98
23/08/2012 08:01,QIJMNURY28049256,Triforces,AMRO66,SFEO61,17551.0,USD,100,06/04/2013,175.51,USD,150.06
23/08/2012 08:01,GFTJZJVK91495805,Potions of Acid,QAZT26,RJCA92,2126481.1,LYD,900,22/09/2017,222.53,USD,2101.37
23/08/2012 08:01,GQOXXYAE08537170,Gravity Guns,YLGZ72,MEOQ86,6771800.0,USD,70000,05/03/2017,96.74,USD,87.84
23/08/2012 08:01,EEFWWJVG38125788,Destiny Knots,IIZF28,XRBV61,750672.28,BOB,600,18/03/2016,29.07,USD,1167.69
23/08/2012 08:02,NOKNPLDF19151748,Mr. Zerkons,ZNQA84,IZTD25,1087680.0,USD,8000,27/09/2016,135.96,USD,128.69
23/08/2012 08:02,HZUROXNS78637617,Absorbing Eyes,PNFK78,HYSJ42,19428.0,USD,600,22/06/2015,101.1,BWP,35.57
23/08/2012 08:03,ROXIVAYN51469893,Chunin Headband,OCQF34,EIWJ22,56268.0,USD,400,07/10/2017,140.67,USD,123.57
23/08/2012 08:03,AVNSVOSM95052311,Stocks,DVVB31,AYIH50,30350.7,GTQ,500,24/09/2016,105.77,USD,67.45
23/08/2012 08:03,HBCTMYYR55650383,Stocks,ZMLP81,GSTD71,20888.0,USD,200,18/07/2014,104.44,USD,98.33
23/08/2012 08:03,QFARSWHM41896039,Stickers,ORQH73,WWNS72,2510900.0,USD,10000,10/02/2014,251.09,USD,280.18
23/08/2012 08:04,AQXHMUWL84813988,L-Viruses,WWNS72,MHFC34,152380.0,USD,1000,22/06/2014,152.38,USD,132.3
23/08/2012 08:04,WGPACINK78454591,Soma Drops,KKZA87,OCQF34,111933.0,USD,900,07/12/2014,486.72,LRD,106.88
23/08/2012 08:04,JACIAZPG03378514,Rings of Polymorph Control,GSTD71,SMYT95,348780.0,USD,2000,22/03/2016,1319.4,BYR,184.91
23/08/2012 08:04,DGYJLJJN26794315,Stocks,LIJW00,OPZI26,175300.0,USD,5000,19/04/2014,35.06,USD,41.39
23/08/2012 08:05,QPMPHCER71494505,Raiden Disks,SXTM39,KRRO64,238350.0,USD,7000,12/11/2016,34.05,USD,30.15
23/08/2012 08:05,YLDUHRQN58287788,Stocks,IBLA29,GIWG34,1590.0,USD,500,22/02/2015,3.18,USD,3.56
23/08/2012 08:05,VXYXSBMZ88850433,Rings of Hunger,HXDA52,ITTS26,20109.0,USD,100,01/07/2013,201.09,USD,183.49
23/08/2012 08:05,UERJZMFE25671982,Stocks,SZRJ90,DGTY64,59863.22,MZN,600,21/04/2014,17.23,USD,88.65
23/08/2012 08:05,ECWVNLYP31505070,Samehadas,IBLA29,ZMLP81,25974.0,USD,100,26/09/2016,259.74,USD,223.75
23/08/2012 08:06,PPIIUJLU71151560,Stocks,KUWI70,OKYS51,33564.98,TTD,500,12/01/2017,12.98,USD,75.59
23/08/2012 08:06,GMWKRLHG33062458,Stocks,HWHS51,THJF58,147840.0,USD,6000,27/06/2014,24.64,USD,26.67
23/08/2012 08:06,YYDQCDKM67665596,Stocks,ZXVX98,KRXZ15,112387.44,SZL,100,05/05/2017,74.28,XPF,953.71
23/08/2012 08:06,SWLVMJEB23678043,DigiBytes,TVQQ54,PBFW95,25664.0,USD,100,05/12/2014,256.64,USD,273.26
23/08/2012 08:07,KQLAMHSF40181091,Capes of Fujin,TGZI54,EWUY52,61176.0,USD,400,31/05/2015,152.94,USD,163.05
23/08/2012 08:07,YSWFITAG64314830,Stocks,OKYS51,HYSJ42,2673000.0,USD,10000,06/11/2016,267.3,USD,255.16
23/08/2012 08:08,CJECQSZS79569228,Holy Bones,UACN81,IIZF28,36293.0,USD,100,29/06/2017,362.93,USD,376.36
23/08/2012 08:08,BVGKEREX64429457,Sending Stones,KEVJ11,ZEHM52,566960.0,USD,1000,18/02/2015,566.96,USD,604.09
23/08/2012 08:09,WNLGKNVS47375970,Tachyons,SFEO61,PNFK78,23783.0,USD,100,28/01/2017,237.83,USD,270.11
23/08/2012 08:10,ZQSLTKEN86449342,Badgers,DREA89,GGLV00,176133.0,USD,300,23/07/2013,587.11,USD,630.65
23/08/2012 08:10,MHWKFBBP57684075,Stocks,MFJJ99,FAWI50,1307800.0,USD,5000,11/02/2017,2058.01,ILS,298.91
23/08/2012 08:11,FSUONBQA00516204,Stocks,KKGI60,TQSJ85,99565.0,USD,500,02/06/2013,199.13,USD,172.61
23/08/2012 08:11,WULCXIBQ52047122,Stocks,NQJL85,HWHS51,833480.0,USD,4000,28/09/2016,208.37,USD,232.93
23/08/2012 08:11,CXAWWJIJ55985837,Stocks,WWNS72,MFJJ99,206400.0,USD,3000,16/05/2013,68.8,USD,62.13
23/08/2012 08:12,VORYRSOF81777042,Flying Brooms,KRRO64,WVEI17,30492428.16,INR,80000,05/05/2013,10.73,USD,325.96
23/08/2012 08:12,JKFHLUTL67665120,Ninja Info Cards,PJKH65,EKXA24,379782.0,USD,900,06/11/2017,421.98,USD,504.69
23/08/2012 08:12,GYKVIHIJ22244176,Ethers,KEVJ11,PQSW95,11452000.0,USD,80000,29/03/2013,143.15,USD,135.71
23/08/2012 08:13,CATCNIPQ32155345,Stocks,DBCS17,QXFF29,3836.0,USD,100,30/12/2015,38.36,USD,43.63
23/08/2012 08:13,IKNTDIMN84477195,Shrouds of Turin,JZTC69,QODV38,293040.0,USD,1000,07/02/2013,293.04,USD,341.74
23/08/2012 08:13,GDWPNMGM88058530,Krytonite Ore,GSTD71,HFLM11,13233000.0,USD,50000,09/05/2013,264.66,USD,239.13
23/08/2012 08:13,QWYKCYZM92873665,Stocks,TFLS35,PQSW95,20700.0,USD,900,23/08/2015,48.64,HNL,24.05
23/08/2012 08:13,GETZNSQY23799849,Zoom Lens,VAHJ53,CMOI26,201472.0,USD,800,29/09/2017,251.84,USD,228.44
23/08/2012 08:14,XYYDPVJS32641038,Stocks,RDBE21,VTKE98,1932300.0,USD,30000,16/06/2016,64.41,USD,55.26
23/08/2012 08:14,XXYHNTGJ14047481,Stocks,OUNH49,HNLV68,161520.0,USD,3000,25/02/2017,53.84,USD,61.76
23/08/2012 08:14,TLCOGCNW28685789,Bolt Papers,RNZB01,UHOG52,202150.0,USD,1000,14/02/2015,202.15,USD,171.38
23/08/2012 08:15,FKFRMWHM89253885,Gold Dust,CAVR54,QBVN33,930725.07,RUB,800,01/08/2014,66.26,USD,949.04
23/08/2012 08:16,AZYYKHKA08300833,Stocks,MSHS03,UEVD88,260387.16,EGP,300,09/09/2016,199.76,USD,816.9
23/08/2012 08:16,JLIULBJX80701284,Vagyrisk Claws,CMZC67,SHXQ48,1732500.0,USD,50000,09/11/2015,34.65,USD,31.71
23/08/2012 08:16,BGCAUNAY75275438,Time Turners,CAVR54,DJNE62,1293900.0,USD,3000,26/11/2014,431.3,USD,374.05
23/08/2012 08:16,NHXOYWOQ54761331,Stocks,EDYH00,DNIL23,1469510.0,USD,7000,19/04/2013,209.93,USD,204.96
23/08/2012 08:16,LVLPGYKK07022612,Stocks,HHFP66,MRAH32,768540.32,MVR,1000,01/11/2016,97.46,USD,826.07
23/08/2012 08:16,ORLNGJYS00364904,White Herbs,MDEQ10,NCXS33,341946.0,USD,900,30/03/2015,379.94,USD,325.38
23/08/2012 08:16,LPXQLWYD48216992,Snowballs,SMYT95,YSSR29,299350.0,USD,5000,28/04/2017,59.87,USD,58.17
23/08/2012 08:16,YGNYEUPO21300195,Stocks,ZELV96,PVAZ61,80195.0,USD,500,30/12/2015,160.39,USD,177.72
23/08/2012 08:16,TWDCKOBC83875943,Stocks,RQGG65,EPZN28,268800.0,USD,6000,11/07/2017,44.8,USD,49.51
23/08/2012 08:17,VCMMHCSX22272838,Stocks,CUVZ50,DGTY64,1206100.0,USD,70000,21/08/2015,17.23,USD,19.49
23/08/2012 08:17,ONRGSCXQ20169661,Exorcism Slips,AMRO66,GSTD71,86315.0,USD,500,04/09/2014,172.63,USD,139.75
23/08/2012 08:18,KBYQCJXL28041666,Stocks,QETH27,HPTP65,1409460.0,USD,6000,25/08/2014,234.91,USD,220.67
23/08/2012 08:18,WYYPCSOX39178258,Stocks,RQGG65,RNZB01,4064.45,AED,500,13/05/2013,7.14,USD,8.75
23/08/2012 08:18,OCNJHHUA65678919,Turbo Ethers,IZLM67,VPTI00,514005.22,BOB,300,11/11/2013,39.81,USD,1544.59
23/08/2012 08:18,STGIBAFC16767271,Stocks,MEOQ86,UEVD88,1198560.0,USD,6000,22/12/2016,199.76,USD,215.52
23/08/2012 08:18,WZNRUBAG41412993,Coldblood Dews,GBEZ65,VIMV38,294208.0,USD,800,25/10/2013,367.76,USD,413.59
23/08/2012 08:18,RHAPAIRE91585066,Spears of Destiny,SEKK26,YLGZ72,37514.22,MKD,400,28/04/2016,220.35,GMD,82.43
23/08/2012 08:19,FNTFITJT74843292,Stocks,TQSJ85,HYSJ42,18711000.0,USD,70000,25/10/2016,267.3,USD,299.82
23/08/2012 08:19,UMRQRYAI60517378,Stocks,IBLA29,FAWI50,20924800.0,USD,80000,20/01/2017,261.56,USD,255.32
23/08/2012 08:19,ZLDTVLDK57703108,Master Swords,VPTI00,ZVEN26,29920.0,USD,1000,06/01/2014,168.5,CUC,33.68
23/08/2012 08:19,LIFHFDSC08816735,Venom Canisters,RJUD59,DOGG07,604640.0,USD,4000,13/02/2015,151.16,USD,162.06
23/08/2012 08:20,LTLGVJOP94162615,Stocks,DDIB11,NCYN50,15100.0,USD,1000,29/03/2017,15.1,USD,14.34
23/08/2012 08:20,BPNCDINI95987306,Stocks,TQSJ85,CMOI26,42204.0,USD,200,30/11/2016,211.02,USD,217.48
23/08/2012 08:20,ZSCTQMBD28167294,Stocks,UACN81,JXGF57,102033.0,USD,900,10/09/2014,113.37,USD,99.32
23/08/2012 08:21,GCIKBKIH35188938,Fire Papers,HSWX88,HHFP66,307779.28,IQD,100,30/11/2013,287.33,USD,3121.86
23/08/2012 08:21,OJHLFROA06345647,Box Basher 2000s,ZDAI73,LWGE44,28975500.0,USD,90000,01/09/2014,321.95,USD,360.45
23/08/2012 08:21,LULWSAJY38025646,Stocks,PQSW95,OKYS51,1781076.66,ZWD,30000,14/01/2015,12.98,USD,54.26
23/08/2012 08:21,GYWAXXVT20790043,Stocks,KKGI60,GIWG34,12720.0,USD,4000,20/07/2014,3.18,USD,3.74
23/08/2012 08:21,CKCOXWNO89626205,Moloko Plus,ZEHM52,BPLN25,3520169.7,CVE,5000,22/06/2015,64.55,USD,760.53
23/08/2012 08:22,NDKFBCKM57792672,Stocks,PKBF70,YSSR29,161310.99,CZK,700,08/12/2013,50.41,USD,191.16
23/08/2012 08:24,ZTJTVGQJ44109847,V-Tamer Taags,MSHS03,RDBE21,3471000.0,USD,30000,23/09/2017,115.7,USD,101.45
23/08/2012 08:24,TIMQDUZB26974673,Icy Rocks,FGVK43,MFJJ99,2263800.0,USD,7000,12/10/2014,323.4,USD,358.36
23/08/2012 08:24,BTQQTQLB21493378,Spider Silks,INIL60,VTKE98,2259630.0,USD,9000,03/12/2014,251.07,USD,260.63
23/08/2012 08:25,EVEZPJCA72665488,V-Tamer Taags,MDEQ10,RDBE21,925600.0,USD,8000,20/03/2014,1035.04,BDT,127.63
23/08/2012 08:25,XUXTXZCP02893857,Gadgebot Upgrade Chips,GIWG34,SEKK26,4230000.0,USD,30000,27/03/2015,141.0,USD,125.8
23/08/2012 08:25,DGJNDVCY45723187,Stocks,IZTD25,YLGZ72,319024.41,SDG,500,10/06/2016,79.96,USD,565.67
23/08/2012 08:26,YVBCLOCT97177996,Stocks,ORQH73,GBEZ65,439869.17,AWG,700,23/10/2014,66.37,USD,684.63
23/08/2012 08:26,GQJYWWXM23379521,Stocks,RNZB01,YCZA59,25395627.04,TWD,600,13/09/2013,94.31,USD,42312.51
23/08/2012 08:26,HDJDIMLQ03179388,Mocchi Disks,HFLM11,VVBY18,43425.0,USD,500,06/08/2017,86.85,USD,99.39
23/08/2012 08:26,JJJSUBHO59374184,Wood Mats,UFAY59,QMZU44,2488828.62,PAB,900,03/04/2016,203.14,USD,3044.43
23/08/2012 08:26,CGECATJF09528058,Holy Rings,ZFHD93,WYFO79,23409.0,USD,900,17/12/2016,26.01,USD,26.95
23/08/2012 08:28,REGMHIWM71012047,Ent-draught,YLGZ72,LIJW00,170400.0,USD,5000,14/06/2015,34.08,USD,31.36
23/08/2012 08:29,HLPKZKHF73230023,Stocks,DBCS17,LKPN86,470960.0,USD,8000,16/08/2015,58.87,USD,66.4
23/08/2012 08:29,CBOXONIR93570219,Quicksilver Bullets,SRYE59,QMZU44,121840.0,USD,800,14/08/2017,152.3,USD,131.69
23/08/2012 08:29,KUORJLBT67817996,Stocks,NQJL85,AMBT33,8884.83,VND,100,22/07/2013,14.49,USD,94.79
23/08/2012 08:29,BTBPTPHV32887890,Cranium Inflolinks,QHXJ50,ZVEN26,224889.86,QAR,400,30/03/2017,149.5,USD,524.58
23/08/2012 08:29,NPDLSFAP10446929,Gauntlets of Zeus,JXGF57,FDWI64,28521.0,USD,300,19/04/2015,95.07,USD,86.56
23/08/2012 08:29,IPXQFOZZ05649597,Spyders,KKZA87,ZDAI73,63680.0,USD,400,19/04/2014,159.2,USD,142.45
23/08/2012 08:30,KCEGLLCJ42293609,Stocks,VKMV12,LAUA80,144400.0,USD,800,08/09/2013,180.5,USD,183.54
23/08/2012 08:30,CACCZIPL72559786,Stocks,KKGY69,CVMG22,58640.0,USD,800,06/10/2013,73.3,USD,65.94
23/08/2012 08:30,EWJKALIN22217438,Crests,LIJW00,BMRZ75,30868800.0,USD,60000,11/02/2017,514.48,USD,427.9
23/08/2012 08:30,ALHYCUKI86409553,Stocks,HWHS51,UIKN63,30010.0,USD,200,02/01/2016,150.05,USD,162.22
23/08/2012 08:31,DNVHFWBJ82368334,Stocks,AGBH66,UFAY59,6078000.0,USD,50000,18/02/2016,121.56,USD,135.74
23/08/2012 08:31,IMVCIEWZ19003002,Water Tablets,BMRZ75,CVMG22,565700.6,DZD,2000,31/10/2016,82.43,USD,230.62
23/08/2012 08:31,AMETILWF84784812,Psychic Seeds,WIZJ73,SZRJ90,15307.0,USD,100,13/11/2017,153.07,USD,142.67
23/08/2012 08:31,MPIYZQMT43865797,Lavenders,PBFW95,KTLA69,225778.0,USD,700,26/01/2015,2599.19,CLP,362.98
23/08/2012 08:32,CGAZZGEU03852205,Stocks,HYSJ42,ESPL27,307944.71,MXN,800,15/04/2015,56.68,USD,408.07
23/08/2012 08:34,ABGCSCXJ02908637,Stocks,NQJL85,CBOX52,482860.0,USD,2000,20/01/2016,241.43,USD,230.39
23/08/2012 08:34,WQTKCWUW91200506,Stocks,AMRO66,UIKN63,1050350.0,USD,7000,18/04/2014,150.05,USD,162.09
23/08/2012 08:34,MNTBMOEM04176426,Horns of Gondor,CMZC67,JZTC69,18578320.57,LYD,5000,10/05/2014,349.95,USD,3131.17
23/08/2012 08:35,QROVWPCW49723810,X-genes,PQSW95,YFAM59,6802.0,USD,100,04/03/2015,68.02,USD,59.81
23/08/2012 08:35,EKZMYZOE02824248,Palantiris,HWJF09,GIWG34,176576.0,USD,400,11/02/2016,441.44,USD,401.53
23/08/2012 08:35,KQHFAFOR87483569,Berserk Genes,SXHU74,CVMG22,220061.19,MGA,700,21/08/2013,71.86,USD,366.11
23/08/2012 08:35,EONGAVSZ75274566,Frost Horns,DILF10,BBJG05,1064320.0,USD,4000,05/07/2014,266.08,USD,244.79
23/08/2012 08:36,JHWIXNPN13928705,Stocks,SZRJ90,AWYB85,139198.05,WST,500,30/03/2015,120.19,USD,285.67
23/08/2012 08:36,ARRSIVGY18348824,Zoni Vessels,TGZI54,WVEI17,169551.0,USD,900,06/05/2017,188.39,USD,172.91
23/08/2012 08:37,COEGTLNQ38252305,Stocks,SUOX82,KKZA87,321840.0,USD,9000,24/02/2017,35.76,USD,30.51
23/08/2012 08:37,BPVEMQVN94625782,Strongest Potions,CBOX52,VVXA11,150060.0,USD,2000,07/07/2016,75.03,USD,82.89
23/08/2012 08:37,MJTVHENG80394786,Gadgebot Upgrade Chips,VTKE98,SEKK26,42300.0,USD,300,24/09/2016,342.49,KPW,157.75
23/08/2012 08:38,LMQICJLV35869863,Moranth Smokers,NCYN50,IIZF28,59190.0,USD,600,29/07/2015,98.65,USD,107.3
23/08/2012 08:38,FGXPEDLX94650534,Stocks,LIJW00,MRAH32,791336.22,XAF,2000,06/09/2016,97.46,USD,417.97
23/08/2012 08:38,XEAWQPZE73792964,Stocks,JXGF57,INIL60,1064.8,XPF,100,19/11/2017,34.26,USD,9.45
23/08/2012 08:38,MNENMCEA22564039,Eject Buttons,RLZK87,VAHJ53,554490.0,USD,9000,08/03/2017,61.61,USD,68.25
23/08/2012 08:39,KOYOADYE95572269,Megacorp Helmets,VTKE98,AHMZ79,16328.0,USD,200,07/08/2016,81.64,USD,66.7
23/08/2012 08:39,OKIAAWYQ06317485,Stocks,FYYD57,FDWI64,134400.0,USD,6000,26/11/2017,22.4,USD,25.66
23/08/2012 08:40,LISEGPTX30066989,Gold Needles,VTKE98,PKBF70,482634.0,USD,900,25/11/2013,536.26,USD,619.59
23/08/2012 08:41,XDSPFWWA19756607,Stocks,MFJJ99,SXTM39,1256400.0,USD,9000,21/08/2016,139.6,USD,150.55
23/08/2012 08:41,EWTZQPBV40840026,Lagging Tails,VGYT30,YOQG45,6332598.16,KZT,8000,02/02/2016,194.18,USD,767.32
23/08/2012 08:42,GTNTQSZM21173401,Inkfinity Stones,MDEQ10,SXTM39,235553.94,GEL,900,15/07/2013,62.35,USD,214.2
23/08/2012 08:42,AZIVGJEJ18101353,Holy Grails,YOQG45,RLZK87,1141901.0,SGD,500,06/01/2014,306.74,USD,2282.54
23/08/2012 08:42,HNANDTPH53343309,Stocks,GIWG34,BPLN25,123020.0,USD,1000,27/02/2016,123.02,USD,114.64
23/08/2012 08:42,IEJODFHC95706751,Zoni Vessels,UWUK72,WVEI17,150712.0,USD,800,21/12/2017,188.39,USD,194.6
23/08/2012 08:42,GPDCUCSM26721061,Stocks,TRFG21,PVAZ61,3939194.44,CHF,3000,02/02/2017,160.39,USD,1092.29
23/08/2012 08:43,DOMMOPQL56281615,Stocks,ZFHD93,LIJW00,739869.5,ZMK,1000,11/09/2013,140.43,USD,655.2
23/08/2012 08:43,UDSNOZHR01772549,Stocks,SXHU74,QMZU44,7228800.0,USD,40000,22/04/2014,180.72,USD,159.73
23/08/2012 08:43,GIBMASSJ03220764,Stocks,QBAP68,QAZT26,225072.0,USD,800,24/01/2015,281.34,USD,290.43
23/08/2012 08:44,FCXEFUXP13484991,B-4s,KKGI60,ESPL27,724000.0,USD,20000,08/01/2015,36.2,USD,31.22
23/08/2012 08:44,PWZJAHAT52412070,Stocks,VPTI00,SBUT62,20740.0,USD,400,08/05/2013,51.85,USD,48.17
23/08/2012 08:44,NCFAOWFK94617420,Stocks,RNZB01,KUWI70,627900.0,USD,70000,23/06/2013,8.97,USD,9.17
23/08/2012 08:45,SXHCTNJX31345181,Stocks,EPZN28,FJOI82,55860.0,USD,500,01/12/2014,111.72,USD,119.58
23/08/2012 08:45,YCJFLZRZ25674570,Lightning Barrels,MFZY76,JXGF57,14205.0,USD,300,17/04/2013,47.35,USD,37.65
23/08/2012 08:45,JQDDULCL54479576,Vagyrisk Claws,FJOI82,SHXQ48,6930.0,USD,200,22/02/2013,328.06,AWG,29.85
23/08/2012 08:45,ESRNGXHJ70977497,Stocks,NCYN50,CUVZ50,76737.54,CUC,200,21/04/2016,68.13,USD,325.24
23/08/2012 08:46,CZJWZODB61565276,Silver Apples,KRRO64,KUWI70,3014400.0,USD,10000,11/05/2015,301.44,USD,312.9
23/08/2012 08:46,WECOQSUU99136530,Golden Lucky Cats,FORM54,KRRO64,20853000.0,USD,60000,24/11/2017,347.55,USD,299.38
23/08/2012 08:47,MMQKMWAW70647536,Stocks,MFJJ99,VIMV38,49446.0,USD,300,15/10/2015,1299.72,MVR,169.33
23/08/2012 08:47,BVSVZKWS52401368,King Rocks,DGTY64,AYIH50,93699.0,USD,300,24/11/2017,2121.13,MXN,332.03
23/08/2012 08:47,GFNQJPMM25160418,Helms of Opposite Alignment,NCCX02,EMNK67,202626.0,USD,900,14/12/2014,1698.14,BTN,246.46
23/08/2012 08:48,ZMUYVFRR90202852,PP Ups,TGZI54,OPZI26,43810.37,XPF,400,15/05/2015,352.4,USD,105.01
23/08/2012 08:48,RKFKXAPC57333931,Stocks,NCXS33,YCZA59,2829300.0,USD,30000,25/05/2017,94.31,USD,92.26
23/08/2012 08:49,UIOXKYWZ03356926,Stocks,EIWJ22,VGYT30,1040465.39,MAD,3000,10/12/2013,21.54,NGN,306.0
23/08/2012 08:49,DTDWPAIJ26489529,Atium Bars,OUNH49,YTAI13,23954.0,USD,200,10/01/2015,119.77,USD,124.66
23/08/2012 08:49,UCKJLKWW30299087,Cloaks of Levitation,QBVN33,NFAH30,97318.0,USD,200,27/12/2015,486.59,USD,526.2
23/08/2012 08:49,ZBHDDCOT57492616,Stocks,RLZK87,DNIL23,167944.0,USD,800,25/04/2013,209.93,USD,188.41
23/08/2012 08:49,OCEUTNBC76021056,SMILEs,PIFN94,WVHK10,87255.0,USD,300,17/06/2016,290.85,USD,317.05
23/08/2012 08:50,URQQANEK95135939,Stocks,ZFHD93,IZTD25,419834.72,KES,700,14/04/2015,104.83,USD,509.86
23/08/2012 08:50,BILBYVUK65589569,Stringers,BPLN25,ZELV96,43641500.0,USD,70000,26/03/2013,623.45,USD,621.11
23/08/2012 08:50,XPMTTRBV48224537,Gauntlets of Zeus,EIWJ22,FDWI64,380280.0,USD,4000,17/06/2016,413.68,SYP,107.24
23/08/2012 08:50,QUECVRHD95602142,Stocks,CBOX52,QLMY86,61800.0,USD,300,21/01/2015,206.0,USD,192.94
23/08/2012 08:50,FJVIMDLR40995269,Stocks,VXSM31,FDWI64,165043.87,CHF,900,24/11/2015,147.44,MDL,169.22
23/08/2012 08:51,NUHQXQFT79017518,Jumbonium Atoms,DBCS17,MYXF05,14670325.06,COP,900,19/07/2013,195.34,USD,18473.47
23/08/2012 08:51,RXCBZDMD83391854,Cloaks of Levitation,CVMG22,NFAH30,1946360.0,USD,4000,10/04/2016,486.59,USD,434.83
23/08/2012 08:53,VDJIMAZG49195090,Lightsabres,VXSM31,LKPN86,123507.5,PKR,900,27/11/2015,14.13,USD,156.72
23/08/2012 08:53,TRZMATRY48261874,Beams,VGYT30,UEVD88,17322.0,USD,600,15/09/2017,28.87,USD,27.32
23/08/2012 08:53,STFIWQTW72208079,Stocks,BDBU00,RFZG50,4067000.0,USD,70000,24/12/2013,58.1,USD,63.83
23/08/2012 08:53,CYGTRSOE76861208,Stocks,JZTC69,EWUY52,149895.0,USD,900,05/04/2014,166.55,USD,160.02
23/08/2012 08:53,OIGEPPYB83163900,Iron Sands,HWJF09,YTAI13,79950.0,USD,200,19/03/2013,399.75,USD,436.19
23/08/2012 08:53,YXJNJXGC27442201,Treasure Mappers,UFAY59,EMNK67,99060.0,USD,500,18/12/2014,2229.74,AFN,225.55
23/08/2012 08:54,PQFIJZXE13934781,Gadgetrons,DVVB31,SHXQ48,125800.0,USD,5000,15/05/2017,25.16,USD,23.23
23/08/2012 08:54,YYVFNDAY62921062,Stocks,UIKN63,ITTS26,112795.74,NOK,600,10/05/2014,158.15,USD,197.76
23/08/2012 08:54,TYQWLTWT44017031,Stocks,VGYT30,KRXZ15,191192.0,USD,800,19/04/2013,238.99,USD,267.21
23/08/2012 08:55,TGEYVVIY38933895,Stocks,ZXVX98,SAAM06,10242000.0,USD,90000,06/01/2016,113.8,USD,132.64
23/08/2012 08:55,DHHNAZLH11210704,Stocks,ZFHD93,JXGF57,80290.9,GYD,200,09/07/2017,113.37,USD,442.09
23/08/2012 08:55,QJPKNYHH13235838,Duff,KKZA87,WIZJ73,2093210.0,USD,7000,15/01/2016,299.03,USD,347.65
23/08/2012 08:55,PQAGEGEU93759977,Stocks,WVHK10,YOQG45,4512.0,USD,200,12/11/2016,22.56,USD,24.25
23/08/2012 08:56,WBQEHYXE84634089,Stocks,ZSXF19,PKBF70,1303260.0,USD,7000,19/06/2015,186.18,USD,210.58
23/08/2012 08:56,LVGTXPTO07021677,Stocks,VGYT30,UACN81,93240.0,USD,7000,08/05/2016,13.32,USD,15.43
23/08/2012 08:57,PEQKQSEA50135654,Sigils,PKBF70,DDIB11,33465.2,RSD,200,26/03/2014,1043.59,CNY,184.41
23/08/2012 08:57,YZGKYBRX74813841,Tonsil Stones,KRRO64,LAUA80,1102200.0,USD,4000,13/11/2013,275.55,USD,243.34
23/08/2012 08:58,EBCRHMCM63864246,Monster Cells,JZTC69,AGBH66,3822800.0,USD,20000,07/02/2017,3356.07,RUB,173.26
23/08/2012 08:58,HAKFMSSQ87814968,Hare Disks,CUVZ50,LIIS96,7133100.0,USD,30000,27/02/2013,723.25,ISK,227.22
23/08/2012 08:58,WYZCGJYZ93880248,Cloaks of Invisibility,KEVJ11,HPTP65,46435.34,DOP,200,08/11/2013,34.69,USD,235.4
23/08/2012 08:59,XYCHJDIA77826351,Horcuxes,RFZG50,LBKT00,163800.0,USD,700,19/11/2017,234.0,USD,250.2
23/08/2012 08:59,HDFPAHTY47434486,Stocks,SFZS08,UEVD88,79164.89,NPR,300,19/05/2017,199.76,USD,305.86
23/08/2012 08:59,AJTSDZMF15385737,Stocks,LKPN86,AHMZ79,68324.0,USD,400,01/08/2015,170.81,USD,163.04
23/08/2012 08:59,VLXRXXUG15584558,Stocks,HNLV68,QBAP68,13660.0,USD,1000,27/11/2016,13.66,USD,12.17
23/08/2012 09:00,YYBLVXEQ12004748,Ring Targets,FORM54,MYXF05,9432300.0,USD,30000,07/08/2016,314.41,USD,328.17
23/08/2012 09:00,XQQELWFV80431713,Cloaks of Levitation,MDEQ10,NFAH30,437931.0,USD,900,07/10/2016,486.59,USD,525.62
23/08/2012 09:00,IINVWPCC30699112,Stocks,AHMZ79,QCRG59,100814018.22,PYG,60000,20/10/2014,1502.64,SDG,1512.09
23/08/2012 09:00,ADMVTAFX36775696,Stocks,MEOQ86,TQSJ85,159304.0,USD,800,28/11/2013,199.13,USD,207.67
23/08/2012 09:01,ETWUOTPH71007137,Stocks,QMZU44,CMOI26,908192.1,BOB,100,14/04/2014,211.02,USD,7997.08
23/08/2012 09:01,XNNFBVAF71636748,Valars,JXGF57,KKGY69,4900200.0,USD,20000,18/02/2017,245.01,USD,227.13
23/08/2012 09:01,FWDCJMPD04428074,Assault Vests,RFZG50,LIIS96,14806000.0,USD,40000,27/06/2015,370.15,USD,342.1
23/08/2012 09:02,ROVMMRDF34109344,Armour Magnetizers,UIKN63,CUVZ50,179893.0,USD,700,03/09/2015,256.99,USD,225.91
23/08/2012 09:02,EMKLJTFB09438724,Eyes of Agamotto,EIWJ22,BPLN25,10810968.48,KES,5000,11/04/2016,377.92,USD,1787.97
23/08/2012 09:02,AEQSUFHU76144102,Nemesis Whips,MDEQ10,ORQH73,40392.0,USD,900,17/12/2015,44.88,USD,50.99
23/08/2012 09:02,WYFVYLEO83212995,Stocks,OKYS51,KRRO64,459000.0,USD,2000,17/01/2015,229.5,USD,245.93
23/08/2012 09:03,MBLJIFFR48328059,Stocks,QLMY86,UFAY59,109404.0,USD,900,18/04/2015,121.56,USD,106.23
23/08/2012 09:04,OJWZHWPD84929007,Stocks,KRXZ15,HFLM11,44547.0,USD,300,20/01/2013,640.48,LAK,161.29
23/08/2012 09:04,DKYAKSMZ41269603,Stocks,OPET16,VGYT30,66735.0,USD,500,19/11/2016,133.47,USD,113.89
23/08/2012 09:05,CCCBSHXU61256398,Red Jewelled Brooches,PVAZ61,YOQG45,3526833.0,FKP,8000,10/07/2015,58.75,USD,345.54
23/08/2012 09:05,EWAGQMIE20545385,Stocks,FORM54,BBJG05,101230.0,USD,500,11/03/2017,202.46,USD,186.16
23/08/2012 09:05,XYQQQDHJ13542189,Rings of Searching,SBUT62,IZLM67,28624.0,USD,800,21/06/2013,35.78,USD,33.29
23/08/2012 09:05,NGKYVBYI06987292,Golem Disks,AGBH66,PJKH65,141129.0,USD,900,23/11/2013,156.81,USD,178.12
23/08/2012 09:06,MQGMOFLW66534658,Focus Sashes,YTAI13,SZRJ90,1068300.0,USD,30000,15/06/2014,35.61,USD,31.5
23/08/2012 09:06,LKGWNVEN94451321,Stocks,NCXS33,FGQR22,12000.0,USD,800,13/01/2016,945.99,PHP,14.49
23/08/2012 09:07,RHEKOHQU69972597,Naryas,SWGF93,ISWT83,1032672.41,SAR,800,31/07/2013,181.87,USD,1127.61
23/08/2012 09:07,YSEOUOKN22896731,L-Viruses,SXHU74,MHFC34,6095200.0,USD,40000,15/03/2017,451.3,MMK,139.95
23/08/2012 09:08,JRIUUMOE62779966,Lead Elixirs,VTKE98,NGBA40,557200.0,USD,4000,12/09/2014,139.3,USD,119.09
23/08/2012 09:08,TXSJAYCO03399240,Stocks,DJNE62,AHMZ79,68324.0,USD,400,18/12/2016,170.81,USD,175.81
23/08/2012 09:08,WSEQGBNO51697497,Angainors,VVXA11,KRRO64,1404240.0,USD,4000,11/10/2014,351.06,USD,405.53
23/08/2012 09:08,AZOIIQGF74781502,Stoles,XHYN07,DJNE62,300672.0,USD,900,30/04/2013,334.08,USD,290.06
23/08/2012 09:09,PRUNBQZA85480604,Stocks,HWHS51,LAUA80,1355581894.5,COP,90000,08/02/2014,180.5,USD,16176.24
23/08/2012 09:09,VCDRXXSV73684954,Stocks,UACN81,FDWI64,13030.75,TND,100,21/08/2015,22.4,USD,124.22
23/08/2012 09:09,ACXMMFUN50852328,Stocks,LIJW00,PJKH65,801917.02,COP,500,02/06/2017,19.22,USD,1396.69
23/08/2012 09:09,OHMTKORX68433034,Flying Brooms,DILF10,WVEI17,121227.54,NGN,70000,02/05/2016,10.73,USD,1.61
23/08/2012 09:09,BQHRKQVZ61213081,Blood Dregs,MRAH32,MDEQ10,171670.0,USD,1000,05/03/2017,171.67,USD,151.76
23/08/2012 09:09,GWVKQZZR56542291,Stocks,TVQQ54,AWYB85,6009500.0,USD,50000,23/08/2015,120.19,USD,129.13
23/08/2012 09:10,YJMLIXYT02018396,Spears of Destiny,QOKP03,YLGZ72,19624.0,USD,800,23/08/2013,24.53,USD,25.49
23/08/2012 09:10,YFGMSJIZ29454174,Kunais,ZMLP81,SUOX82,6168400.0,USD,20000,31/01/2016,308.42,USD,320.0
23/08/2012 09:10,BWUEVVYA08034306,Stocks,TQSJ85,ITTS26,94890.0,USD,600,17/04/2014,158.15,USD,135.29
23/08/2012 09:10,KTOMYTZQ01990038,K-9s,UHOG52,IBLA29,5011800.0,USD,30000,22/09/2017,167.06,USD,172.82
23/08/2012 09:12,KJGMXGPI63913806,Arc Reactors,SFEO61,DOGG07,266284.0,USD,400,04/07/2015,665.71,USD,527.02
23/08/2012 09:12,BXUSEHFG19567537,Stocks,CAVR54,PQSW95,284372.0,KHR,5000,28/04/2014,23.0,USD,64.71
23/08/2012 09:12,IJRQRNWZ76811827,Stocks,VGYT30,OQXV70,3205.0,USD,500,15/03/2016,6.41,USD,5.88
23/08/2012 09:12,OYYJIEAA81798541,Stocks,AHMZ79,TFLS35,173840.0,USD,8000,02/01/2016,21.73,USD,18.57
23/08/2012 09:13,MDKAGMDY09871437,Vestiges,CBOX52,SZRJ90,154708.0,USD,400,20/04/2016,8637.08,HTG,335.23
23/08/2012 09:13,SXFWFUOP20459806,Stocks,FAWI50,HHFP66,133848.0,USD,800,09/11/2013,167.31,USD,184.25
23/08/2012 09:13,VJDSFJPT40203124,Dragon Scales,QAZT26,KTLA69,919959.49,PKR,400,25/10/2016,236.81,USD,2656.38
23/08/2012 09:13,DIGXFTLO50313521,Focus Sashes,OUNH49,SZRJ90,67972.72,KWD,300,08/08/2015,35.61,USD,204.11
23/08/2012 09:13,OYRXTYJD00138446,Arrowhead Disks,TFLS35,DJNE62,4514480.54,MRO,6000,20/03/2015,275.68,USD,888.58
23/08/2012 09:13,SXPXNDQM99011817,Stocks,HXDA52,DVVB31,16510900.0,USD,70000,20/09/2016,235.87,USD,264.94
23/08/2012 09:13,LMUFCDGU08965994,Stocks,MSHS03,DILF10,3443200.0,USD,20000,30/09/2014,5677.96,XCD,187.15
23/08/2012 09:14,QFEYEGLB95182268,Orcish Ring Mail,ZFHD93,VLJL11,102170.0,USD,1000,28/06/2014,102.17,USD,113.35
23/08/2012 09:14,WOKWJXIZ71084292,Stocks,UIKN63,LWGE44,537600.0,USD,60000,22/01/2013,8.96,USD,8.15
23/08/2012 09:15,SFRUSRRN83723432,Clank Model Robots,FGVK43,QETH27,8375200.0,USD,80000,26/04/2015,104.69,USD,92.64
23/08/2012 09:15,QKYDKBYO09783005,Stocks,AHMZ79,QBAP68,109280.0,USD,8000,14/01/2013,153.74,AFN,11.45
23/08/2012 09:15,DAUOACUF56974149,3D Maneuver Gears,DGTY64,NXTO39,1204.0,USD,400,03/01/2014,3.01,USD,2.5
23/08/2012 09:16,XPLYXKLD68364301,Stocks,NCYN50,AGBH66,50063.86,JMD,400,13/06/2017,162.25,USD,110.97
23/08/2012 09:16,ZYEZOSYD35697841,Nanomachines,YOQG45,MDEQ10,386458.53,ALL,800,07/01/2017,216.79,USD,401.11
23/08/2012 09:16,USRPUMLR42437802,Stocks,VPTI00,EIWJ22,361702.99,SRD,600,18/09/2017,84.2,USD,640.24
23/08/2012 09:17,ZCDPXPDE40247845,Stocks,ITTS26,ZNQA84,63612.0,USD,600,24/06/2013,106.02,USD,100.55
23/08/2012 09:17,TMTCOJBE41869229,Stocks,VIMV38,DILF10,172160.0,USD,1000,12/09/2013,172.16,USD,188.62
23/08/2012 09:17,WFKRHYAC92646967,Stocks,CBOX52,UHOG52,14665.0,USD,500,18/02/2015,29.33,USD,32.79
23/08/2012 09:17,XQKYHLNQ16285552,Golden Fleeces,ZEHM52,SWGF93,1083300.0,USD,6000,06/08/2016,180.55,USD,161.27
23/08/2012 09:18,RDHYCYUV88668210,Soma Drops,MFJJ99,OCQF34,31770067.76,AZN,40000,02/04/2017,124.37,USD,857.41
23/08/2012 09:18,FBRAWRXC49075655,Stocks,SWGF93,GIWG34,2544.0,USD,800,13/08/2014,3.18,USD,3.73
23/08/2012 09:18,QUFTYIET03897256,Stocks,QETH27,BBJG05,1012300.0,USD,5000,06/08/2016,202.46,USD,219.69
23/08/2012 09:19,NGKMLXIO04038426,Golem Disks,QAZT26,PJKH65,3701437.33,ILS,3000,24/10/2017,156.81,USD,1131.01
23/08/2012 09:19,QCMTQTED93056136,Stocks,UIKN63,CMOI26,1683855.19,SDG,1000,21/02/2014,211.02,USD,1532.17
23/08/2012 09:19,PGCRRCAK34680753,Iron Sands,TBVE46,YTAI13,1599000.0,USD,4000,18/08/2017,399.75,USD,355.22
23/08/2012 09:19,GNSISOJH34395928,Stocks,EPZN28,DOGG07,132280.0,USD,4000,13/11/2014,33.07,USD,30.6
23/08/2012 09:19,GCCBTOBY73421922,Cornuthaums,VESX21,FGQR22,96256.0,USD,800,02/07/2015,3278.32,UAH,102.49
23/08/2012 09:19,YSYUELAW43790365,Beatas Disks,JZTC69,KRXZ15,726320.0,USD,4000,09/12/2015,181.58,USD,211.63
23/08/2012 09:20,RAJNXTJE84464031,Stocks,RJUD59,OCQF34,138861.56,BMD,900,31/10/2013,132.2,USD,142.21
23/08/2012 09:20,OPQZJSAB49029863,Stocks,FTFI87,EMNK67,1486380.0,USD,7000,16/03/2014,212.34,USD,227.7
23/08/2012 09:20,IZWBHKCK18700137,Stocks,TKVF94,NXTO39,5864400.0,USD,40000,02/04/2014,146.61,USD,150.72
23/08/2012 09:20,VTWQPLJG44186054,Stocks,PJKH65,NFAH30,1477250.0,USD,5000,04/06/2015,295.45,USD,330.18
23/08/2012 09:20,GHTCVNHT07693617,Stocks,MFJJ99,CMZC67,2899288.53,GMD,4000,02/01/2017,80.69,USD,811.78
23/08/2012 09:21,AJSODIDJ24515598,Stocks,CVMG22,TFLS35,10809.15,BIF,300,21/07/2015,21.73,USD,34.31
23/08/2012 09:21,QIUPFBOH12248938,Stocks,LBKT00,OKYS51,10384.0,USD,800,20/12/2016,12.98,USD,16.06
23/08/2012 09:22,EFVRJFGP51829029,Stocks,NCCX02,XRBV61,790600.0,USD,4000,26/08/2013,197.65,USD,171.58
23/08/2012 09:22,CCLKGKRD98895099,Rings of Sustain Ability,VAHJ53,HNLV68,125088.0,USD,800,30/11/2013,970.03,IDR,162.42
23/08/2012 09:23,HPQCQGPQ47898923,Neuralizers,ORQH73,IBLA29,16187500.0,USD,70000,09/01/2015,231.25,USD,254.88
23/08/2012 09:23,WWMWZICW20057998,Loadstones,GSTD71,TYAE14,396360.0,USD,3000,11/08/2014,132.12,USD,129.02
23/08/2012 09:23,OMUNCLJO21760546,Stocks,ESPL27,NCXS33,848126.31,ZAR,900,14/02/2015,178.83,USD,1023.42
23/08/2012 09:24,ICBECDAR31271616,Dino Disks,HYSJ42,MHFC34,29152.0,USD,800,04/07/2014,36.44,USD,38.96
23/08/2012 09:24,JJUNHXFV38380979,Stocks,DJNE62,VLJL11,24186400.0,USD,80000,06/05/2016,302.33,USD,256.68
23/08/2012 09:24,MSUZQDLN47142946,Stocks,UFAY59,VTKE98,15213899.64,BZD,40000,17/11/2017,64.41,USD,354.72
23/08/2012 09:24,GSZSJQGP09038617,Iron Spiders,OHKH76,ZFHD93,22676.05,CDF,400,17/05/2015,263.43,USD,61.33
23/08/2012 09:24,FPMYTMYJ16069930,Stocks,QLCE04,KKGI60,6622000.0,USD,50000,31/12/2017,132.44,USD,125.49
23/08/2012 09:24,HZJHPJLU35369238,Holy Bones,ZMLP81,IIZF28,10887900.0,USD,30000,14/07/2015,362.93,USD,404.04
23/08/2012 09:25,YACUQVIN25709490,Dunce Caps,RLZK87,HWJF09,84546.0,USD,600,31/05/2014,140.91,USD,124.36
23/08/2012 09:25,YXRWXITA77844559,Stocks,EWUY52,RDBE21,186204.33,LRD,2000,06/04/2015,23.79,USD,93.76
23/08/2012 09:25,MUWHDELV38077460,SMILEs,RLZK87,WVHK10,214299152.55,CHF,90000,23/09/2016,290.85,USD,2123.24
23/08/2012 09:25,ISNGXOZU70116453,Lunar Curtains,NCXS33,EPZN28,865090.28,GHS,300,23/12/2014,319.58,USD,2596.7
23/08/2012 09:26,QDCYZHSQ52910120,Magic Harps,WIZJ73,LIJW00,472250.0,USD,5000,16/11/2017,94.45,USD,106.1
23/08/2012 09:26,LIOFFDOV25246064,Stocks,GSTD71,BDBU00,3117600.0,USD,20000,25/11/2014,155.88,USD,179.32
23/08/2012 09:26,YGGQLWPN91581173,Clank Model Robots,SMYT95,QETH27,5234500.0,USD,50000,01/02/2015,104.69,USD,82.22
23/08/2012 09:26,ATYMHWSR59344371,Fusion Loaders,TGZI54,HHOA99,8553600.0,USD,40000,15/08/2015,213.84,USD,196.81
23/08/2012 09:27,VBEBXWDT88214747,Stocks,ITTS26,SMYT95,979581.85,HUF,2000,23/08/2014,148.85,USD,533.52
23/08/2012 09:27,ETEGPWLJ02613796,Amulets Versus Poison,KKZA87,PJKH65,33470.0,USD,500,14/05/2013,66.94,USD,78.19
23/08/2012 09:28,WRXRTZKO66259478,Stocks,IBLA29,HXDA52,1323910.0,USD,7000,24/04/2015,189.13,USD,170.47
23/08/2012 09:28,PQKMYXQH83171106,Stocks,GYWU23,CVMG22,513100.0,USD,7000,17/12/2015,73.3,USD,77.15
23/08/2012 09:28,DMWRCBPI23723103,Stocks,DVVB31,DILF10,13772800.0,USD,80000,29/03/2013,172.16,USD,183.74
23/08/2012 09:29,FYNNXQWE29451080,Stocks,QBAP68,VTKE98,322050.0,USD,5000,03/11/2016,64.41,USD,62.86
23/08/2012 09:30,LEOSKCRN27415531,Stocks,RLZK87,SBUT62,222550.05,VND,700,21/09/2017,51.85,USD,311.6
23/08/2012 09:30,WUSTNCHS38161222,Raritanium Ore,LKPN86,GIWG34,3930850.0,USD,7000,11/09/2014,561.55,USD,521.49
23/08/2012 09:31,YLWBMGXS71691069,Power Pluses,IZLM67,TBVE46,111275.0,USD,500,02/04/2017,222.55,USD,198.57
23/08/2012 09:31,KJTFCMEA83980312,Stocks,INIL60,TVQQ54,461600.0,USD,5000,28/03/2017,92.32,USD,84.66
23/08/2012 09:31,TQTOFBUF15693776,Doors of Durin,MFJJ99,ZSXF19,580735.8,CLP,700,23/01/2017,102.95,USD,754.31
23/08/2012 09:31,KPLUWXAT11078559,Stocks,SZRJ90,VPTI00,58986.0,USD,900,01/07/2014,65.54,USD,70.52
23/08/2012 09:31,TDXZSOXS98263624,Krytonite Ore,OQXV70,HFLM11,185262.0,USD,700,13/03/2014,264.66,USD,290.37
23/08/2012 09:32,QKACNIEF06192354,Badgers,WVEI17,GGLV00,587110.0,USD,1000,25/11/2015,3987.24,MXN,516.27
23/08/2012 09:32,TNQFPKJR09535081,Stocks,OCQF34,SFEO61,33040.0,USD,7000,14/10/2013,4.72,USD,4.41
23/08/2012 09:32,FMOWPHQS55236963,Blades of Chaos,GGLV00,VAHJ53,538560.0,USD,4000,29/05/2014,134.64,USD,147.35
23/08/2012 09:32,XGQKFCGP04578046,Magic Markers,AHMZ79,WWNS72,30396707.4,ISK,50000,10/06/2017,199.86,USD,700.36
23/08/2012 09:32,MLTZLDII58481163,Pressures,LBKT00,SWGF93,398398.0,USD,700,09/06/2017,569.14,USD,483.58
23/08/2012 09:33,OUCWFCIA55292589,Stocks,UACN81,OKYS51,908600.0,USD,70000,20/07/2015,12.98,USD,11.17
23/08/2012 09:33,EMXWKHRK02408157,Full Faces,ZELV96,QLCE04,11994914.14,MGA,6000,28/10/2015,456.97,USD,2240.08
23/08/2012 09:33,HEUDBEPK94617619,Stocks,QWOA67,YFAM59,144200.0,USD,2000,25/10/2017,72.1,USD,78.49
23/08/2012 09:33,YJZPEPAS48131789,Wise Glasses,SXHU74,AYIH50,650489.83,GIP,400,06/04/2016,224.12,THB,1609.13
23/08/2012 09:33,KSYSWOSF77427955,Moranth Shapers,KKGI60,ERHJ34,614810.25,ALL,3000,07/10/2014,91.97,USD,234.24
23/08/2012 09:33,DEVYTOZI35301550,Stocks,RJCA92,CMOI26,764939.06,FJD,400,28/05/2016,211.02,USD,1673.77
23/08/2012 09:34,GYVZGDIT81827349,Goliath Serum,YTAI13,ESPL27,63621.0,USD,300,31/05/2016,212.07,USD,197.42
23/08/2012 09:34,KSOCZBIU96003301,Stocks,MDEQ10,ZDAI73,12234600.0,USD,70000,29/11/2013,174.78,USD,194.22
23/08/2012 09:34,YXAJHBRW15954206,Behelits,HYSJ42,QCRG59,48763898.13,COP,800,23/04/2013,6517.76,PYG,48120.25
23/08/2012 09:34,SSOSJFVM50312589,Bright Powders,ZBIO05,FORM54,16613100.0,USD,70000,22/10/2013,237.33,USD,209.84
23/08/2012 09:35,WHQKOHQJ28756945,Stocks,MHFC34,DDIB11,7580.0,USD,500,17/05/2014,15.16,USD,12.79
23/08/2012 09:35,XOLQLBRC09441589,Stocks,FTFI87,PVAZ61,16039.0,USD,100,16/02/2013,160.39,USD,134.16
23/08/2012 09:35,XITMRHLY26703346,Titan Horns,UACN81,MRAH32,1612072.04,ARS,300,09/03/2013,265.38,USD,5879.29
23/08/2012 09:35,YZVSLJHR42324201,Behelits,THJF58,QCRG59,5843760.0,USD,8000,01/06/2017,730.47,USD,718.35
23/08/2012 09:35,ZNEBYECO45562182,Wood Mats,FTFI87,QMZU44,142198.0,USD,700,15/10/2014,203.14,USD,201.01
23/08/2012 09:36,IOBJZNKL27844147,Stocks,AYIH50,JXGF57,259932.47,SEK,600,08/03/2016,113.37,USD,403.39
23/08/2012 09:36,VTXRSZPJ25893593,Stocks,CVMG22,VKMV12,56161.0,USD,700,29/01/2017,640.2,SDG,74.54
23/08/2012 09:36,TAGCYQFT71329162,Stocks,TVQQ54,PBFW95,161597.09,ILS,100,18/12/2014,205.38,USD,1307.87
23/08/2012 09:37,LIOTHIBW94335075,Smoke Balls,CBOX52,QODV38,394247.0,USD,700,23/05/2016,563.21,USD,509.0
23/08/2012 09:37,GJXRIWMQ94168443,Stocks,RFZG50,DJNE62,606646.12,FJD,700,02/03/2016,95.63,USD,837.26
23/08/2012 09:37,QXXYFZVG50083238,Stocks,GIWG34,TFLS35,108650.0,USD,5000,11/02/2017,21.73,USD,20.9
23/08/2012 09:37,FYHTIRBP11693753,Key of Kings,FGVK43,KKZA87,7543500.0,USD,50000,04/08/2014,150.87,USD,161.22
23/08/2012 09:37,TNGMGBSR04659578,Old Hunter Bells,PBFW95,WYFO79,157369.12,GTQ,1000,14/03/2017,274.21,USD,152.4
23/08/2012 09:37,BHPZKCTF31042438,Stocks,AMBT33,SAAM06,161300347.6,ARS,70000,23/04/2015,113.8,USD,2721.17
23/08/2012 09:38,CCFECPKT56540821,Books of Cagliostro,UWUK72,MSHS03,3684400.0,USD,20000,23/11/2017,184.22,USD,191.38
23/08/2012 09:38,YBNFCQES08465177,Stocks,ITTS26,BBJG05,121476.0,USD,600,27/06/2015,202.46,USD,185.71
23/08/2012 09:38,IIZXJBOR38669113,Turbo Ethers,UHOG52,VPTI00,27867.0,USD,700,22/11/2017,39.81,USD,47.04
23/08/2012 09:38,AEMAAFBU58959034,Decks of Many Things,VIMV38,UFAY59,101155477.14,KWD,60000,05/08/2016,264.97,USD,1482.29
23/08/2012 09:39,UOWPITXH86094532,Stocks,PIFN94,QWOA67,14349.0,USD,100,12/05/2017,143.49,USD,158.66
23/08/2012 09:40,RFZGFUIB31406310,Stocks,DDIB11,ISWT83,1661710.23,CNY,2000,20/08/2013,126.62,USD,719.44
23/08/2012 09:40,XQTRMCJG30007643,Stocks,HNLV68,TVQQ54,18464.0,USD,200,15/09/2015,92.32,USD,97.24
23/08/2012 09:40,WOBPBKUV66401813,Stocks,HHFP66,KKZA87,67265.99,SZL,400,09/06/2013,227.53,KWD,150.57
23/08/2012 09:40,QZHCJPFC26214627,Primordial Flames,FGVK43,HSWX88,2269273.03,RWF,9000,27/06/2017,36.92,USD,228.78
23/08/2012 09:40,DZEETUBL25447358,Stocks,EPZN28,SXTM39,83760.0,USD,600,15/07/2017,178.38,CRC,130.6
23/08/2012 09:40,UQHILYAX93124450,Stocks,SUOX82,ZBIO05,74098.25,ISK,1000,05/01/2017,24.36,USD,74.2
23/08/2012 09:40,TKWEIQCB44568991,Stocks,EMNK67,DNIL23,125958.0,USD,600,26/03/2015,209.93,USD,192.41
23/08/2012 09:41,CXZUXFFU90187058,Turbo Ethers,YTAI13,VPTI00,39810.0,USD,1000,25/06/2016,39.81,USD,42.87
23/08/2012 09:41,DMTTDNCJ98182724,Stocks,EIWJ22,KEVJ11,112320.0,USD,9000,08/12/2016,54.3,SYP,15.16
23/08/2012 09:41,CMZNIUGH58763597,Stocks,TVQQ54,CBOX52,7242900.0,USD,30000,13/11/2015,241.43,USD,283.59
23/08/2012 09:42,NTDYLTFE94614161,Stocks,RLZK87,IIZF28,4282800.0,USD,40000,22/03/2014,107.07,USD,110.55
23/08/2012 09:42,XTYJONAA96917345,Argonaughts,THJF58,GYWU23,238932.0,USD,900,13/03/2013,265.48,USD,226.65
23/08/2012 09:42,MGQJJNPG11978892,Stocks,DREA89,PVAZ61,64784295.75,TWD,900,03/05/2013,160.39,USD,61586.72
23/08/2012 09:42,MKAXIQHB07667611,Stocks,AWYB85,DOGG07,1984200.0,USD,60000,13/02/2016,217.67,MDL,29.87
23/08/2012 09:43,PUMPRTLB20248986,Goldy Charms,TVQQ54,UEVD88,80550.0,USD,3000,06/03/2014,26.85,USD,27.64
23/08/2012 09:43,SLLAGFCG30955879,Stocks,FAWI50,ISWT83,253240.0,USD,2000,13/07/2015,126.62,USD,129.15
23/08/2012 09:43,XVHUCWXY94630639,Stocks,LIJW00,XRBV61,1185900.0,USD,6000,23/04/2013,756.94,SHP,173.31
23/08/2012 09:44,NYYLIAFZ35388113,Stocks,YTAI13,BPLN25,615100.0,USD,5000,16/02/2016,410.33,SLL,104.73
23/08/2012 09:44,BLAJSMPB41001511,Stocks,MEOQ86,MRAH32,1949200.0,USD,20000,31/12/2014,97.46,USD,118.35
23/08/2012 09:44,JKYMADFW22866819,Soma Drops,FDWI64,OCQF34,12437.0,USD,100,26/09/2013,124.37,USD,128.01
23/08/2012 09:45,IZQBCQBM75492879,Stocks,VKMV12,KKZA87,286080.0,USD,8000,15/03/2014,35.76,USD,31.55
23/08/2012 09:45,MTHXOLNU61023140,King Rocks,MFZY76,AYIH50,156165.0,USD,500,09/10/2015,312.33,USD,325.6
23/08/2012 09:46,LNJQXXHU86265797,Stocks,PIFN94,FORM54,1228953.65,MXN,8000,12/04/2013,22.62,USD,156.04
23/08/2012 09:46,HSEXQVHM83232187,Weakness Policies,QOKP03,ZBIO05,29458951.66,GNF,900,27/11/2016,264.26,USD,38764.5
23/08/2012 09:47,VBZOCKIE82627465,Stocks,WYFO79,VGYT30,266940.0,USD,2000,12/09/2017,133.47,USD,116.39
23/08/2012 09:47,OESDHSNW42337974,Stocks,ZBIO05,DDIB11,142.81,JPY,200,02/05/2016,15.16,USD,0.77
23/08/2012 09:48,YORTHMHD66818824,Teeth of the Dragon,HXDA52,HWJF09,63617.0,USD,100,05/11/2015,3352.36,ZAR,606.99
23/08/2012 09:48,XYILJEJE33318959,Golden Peaches,MEOQ86,HPTP65,1368760.0,USD,4000,21/12/2017,342.19,USD,373.1
23/08/2012 09:48,UGNOEIBU35379370,Old Hunter Bells,DILF10,WYFO79,1371050.0,USD,5000,29/04/2016,274.21,USD,303.36
23/08/2012 09:48,ICTYHVBB00786904,Crystal Balls,VVXA11,QETH27,291235.0,USD,700,17/08/2014,416.05,USD,398.11
23/08/2012 09:49,WQISHGQD07845039,Stocks,GYWU23,KTLA69,2579200.0,USD,20000,04/10/2013,128.96,USD,140.14
23/08/2012 09:50,NGHPUEKR37710997,Orcish Ring Mail,SBUT62,VLJL11,204340.0,USD,2000,28/05/2016,102.17,USD,93.84
23/08/2012 09:50,OQNNFBBB37139620,Stocks,QWOA67,SXHU74,10359900.0,USD,90000,27/06/2013,115.11,USD,106.1
23/08/2012 09:50,CGIIPCHH15114198,Vibranium Bars,QETH27,MSHS03,4770500.0,USD,10000,07/02/2014,477.05,USD,504.82
23/08/2012 09:51,UOZTSTWR67164451,X-genes,BDBU00,YFAM59,6802.0,USD,100,24/09/2015,68.02,USD,61.11
23/08/2012 09:51,JRFZDBTY34028892,Marvins,FAWI50,WHPS18,14654.0,USD,200,03/05/2017,73.27,USD,77.71
23/08/2012 09:51,ZOCPIZUI99900408,Sorceror Stones,DBCS17,QBVN33,9775.0,USD,500,20/08/2016,33.38,NIO,16.79
23/08/2012 09:52,YIVBSSUL15085240,Red Jewelled Brooches,EIWJ22,YOQG45,528750.0,USD,9000,01/01/2013,224.5,SEK,68.31
23/08/2012 09:52,CWJRVZFH75658660,Terrain Extenders,TRFG21,IJPI82,291590.0,USD,1000,14/12/2016,291.59,USD,313.81
23/08/2012 09:52,BAXGHIUY35159742,Stocks,KEVJ11,VGYT30,13347.0,USD,100,11/05/2017,133.47,USD,119.27
23/08/2012 09:52,RXMPJRRQ39842976,Silver Apples,VVBY18,KUWI70,12057600.0,USD,40000,26/02/2013,301.44,USD,264.06
23/08/2012 09:53,POSZAVHW58963513,Heart Containers,OHKH76,OCQF34,16659600.0,USD,40000,12/02/2014,416.49,USD,453.64
23/08/2012 09:53,DLVIUSFG49855966,Stocks,KKGI60,NCXS33,8941500.0,USD,50000,07/05/2013,178.83,USD,203.09
23/08/2012 09:54,BRZRFMEN34875731,Stocks,KKGI60,JCWS17,4376448.63,MOP,30000,18/06/2015,179.37,USD,158.6
23/08/2012 09:54,GWOTYKUN34484665,Stocks,ZSXF19,LWGE44,3584.0,USD,400,28/02/2013,8.96,USD,8.34
23/08/2012 09:54,ORSDIBMO94535135,Dilithium Crystals,VCSF07,IZTD25,222288.0,USD,600,23/03/2014,370.48,USD,296.38
23/08/2012 09:54,AXIEMYMP09286275,Stocks,PVAZ61,GYWU23,1851.0,USD,100,01/07/2015,121.46,CNY,21.23
23/08/2012 09:54,GWQWPMLG77952132,Keys of the Ram,TRFG21,BBAX06,158885.0,USD,500,21/06/2015,317.77,USD,354.39
23/08/2012 09:54,DDAXIQMU56583970,Bold Hunter's Marks,PQSW95,MFJJ99,9716.0,USD,100,28/11/2017,97.16,USD,86.25
23/08/2012 09:55,RICITDAK20634910,Stocks,WHPS18,HPTP65,14094600.0,USD,60000,01/02/2015,234.91,USD,269.72
23/08/2012 09:55,RUVSMWFV26441360,Razor-rimmed Hats,OPET16,THJF58,97590.0,USD,500,09/06/2017,195.18,USD,213.98
23/08/2012 09:55,USYQTDAI78943128,Stocks,DNIL23,TKVF94,88811.86,PAB,200,06/03/2015,32.62,USD,469.06
23/08/2012 09:55,IIMRROYO40938445,Luckstones,ITTS26,VKMV12,20091.0,USD,100,25/04/2017,200.91,USD,223.37
23/08/2012 09:56,BYONVZLH46912084,Stocks,OKYS51,AGBH66,9735000.0,USD,60000,13/09/2015,162.25,USD,137.75
23/08/2012 09:56,WGUORLDC19376356,Stocks,DVVB31,VIMV38,659280.0,USD,4000,24/01/2017,164.82,USD,174.64
23/08/2012 09:56,PXNPIUOE89357381,Blank Spellbooks,TGZI54,ISWT83,915960.0,USD,4000,04/02/2015,228.99,USD,265.2
23/08/2012 09:56,XUCWBQZK60115289,Rupees,YTAI13,EDYH00,1817820.0,USD,6000,26/09/2015,302.97,USD,271.92
23/08/2012 09:57,LLNVTITT71080590,Stocks,DNIL23,TYAE14,70368.0,USD,800,20/10/2016,87.96,USD,94.44
23/08/2012 09:57,LWHEBXWI68732651,Shooters,ZNQA84,LBKT00,32295.47,NIO,500,20/12/2013,37.83,USD,58.24
23/08/2012 09:58,OTMQBDQR41048427,Horns of Plenty,CBOX52,ZNQA84,186742.27,CNY,100,13/03/2013,284.59,USD,1695.42
23/08/2012 09:58,QXOWMHMZ85875937,Stocks,ZXVX98,UWUK72,654842.59,AMD,400,13/11/2017,121.06,USD,1660.57
23/08/2012 09:58,UNKRAQSQ93010973,Stocks,NXTO39,AHMZ79,119567.0,USD,700,31/07/2015,170.81,USD,192.44
23/08/2012 09:58,HAHHSUGG95769194,Infiltrators,LIJW00,BDBU00,4046701.69,SOS,3000,27/10/2015,496.54,USD,1385.05
23/08/2012 09:59,CJNGAZLE09427955,Rings of Hunger,ZEHM52,ITTS26,40218.0,USD,200,01/01/2016,201.09,USD,187.43
23/08/2012 09:59,OHCLSRVD49505296,X-12s,DREA89,UWUK72,49114800.0,USD,90000,02/03/2017,545.72,USD,614.25
23/08/2012 09:59,LFHBZORN07952115,Bablefish,GZED20,TFLS35,498960.0,USD,4000,05/05/2017,124.74,USD,122.19
23/08/2012 09:59,ZNRQAJET91516877,Devil Fruits,DBCS17,TGZI54,1655150.0,USD,7000,11/08/2014,236.45,USD,263.64
23/08/2012 09:59,GFLDKQYG42880652,Lagging Tails,HNLV68,YOQG45,11650800.0,USD,60000,05/07/2016,194.18,USD,208.19
23/08/2012 09:59,PLIJWFNQ93057125,Teeth of the Dragon,QHXJ50,HWJF09,1272340.0,USD,2000,18/11/2016,636.17,USD,541.46
23/08/2012 10:00,PJZMOHGI86985265,Stocks,SUOX82,CUVZ50,6813.0,USD,100,03/07/2015,68.13,USD,75.68
23/08/2012 10:00,EWACMIJF63570328,Orcarinas of Time,OHKH76,PIFN94,413400555.75,UAH,50000,21/10/2014,2030.96,DOP,7364.4
23/08/2012 10:00,XVFDGOZC80885774,Dilithium Crystals,EWUY52,IZTD25,333432.0,USD,900,13/05/2013,370.48,USD,323.51
23/08/2012 10:01,SRXHDJUI90077513,Stocks,CBOX52,YOQG45,1804800.0,USD,80000,12/12/2017,22.56,USD,21.12
23/08/2012 10:01,AOCBZJVR99939042,Dire Rat Tails,RDBE21,QXFF29,64269.0,USD,100,20/03/2016,642.69,USD,664.86
23/08/2012 10:01,CJJYCEMH52767329,Stocks,DJNE62,LKPN86,35322.0,USD,600,24/09/2016,9.33,MNT,48.04
23/08/2012 10:02,IUVEEZCI45042451,Stocks,LIIS96,QOKP03,360153.0,USD,900,19/07/2013,400.17,USD,446.31
23/08/2012 10:02,WDBSLAZO43025999,Stocks,NXTO39,TGZI54,183702.0,USD,600,06/09/2013,306.17,USD,267.02
23/08/2012 10:02,YKCGXUTZ89159373,Holodecks,EIWJ22,GBEZ65,149592.0,USD,800,04/12/2014,186.99,USD,194.96
23/08/2012 10:02,NLABXEZR86585342,Stocks,VCSF07,GSTD71,104440.0,USD,1000,14/11/2017,104.44,USD,110.13
23/08/2012 10:03,LLDCTKNG15608338,Pixie Disks,KTLA69,UFAY59,211536.0,USD,600,04/05/2016,352.56,USD,312.55
23/08/2012 10:03,VGTMZTTJ70022949,Mirrors of Hope,SHXQ48,QLCE04,54751656.53,LYD,8000,15/04/2013,644.58,USD,6154.45
23/08/2012 10:03,AKDAITQY11230918,Stocks,DNIL23,VKMV12,256081.32,SDG,400,26/04/2013,80.23,USD,558.96
23/08/2012 10:04,RIKONIRH75775752,Stocks,WHPS18,DILF10,1205120.0,USD,7000,06/01/2015,172.16,USD,193.71
23/08/2012 10:04,TVONRKVT69648192,Meow Meow Beans,BBAX06,UEVD88,905430.0,USD,3000,08/12/2017,301.81,USD,339.28
23/08/2012 10:05,FUJWKWYR95557069,Stocks,XRBV61,OPET16,2215.31,DKK,200,23/01/2016,6.9,USD,10.22
23/08/2012 10:05,UIWQARTF07741482,Amulets of Change,QETH27,CQPJ57,26061300.0,USD,90000,19/01/2015,289.57,USD,318.09
23/08/2012 10:06,LFIKOXYS83544896,Stocks,YCZA59,IZLM67,130840.0,USD,2000,20/08/2014,65.42,USD,76.72
23/08/2012 10:06,LVCHSDMD69022940,Dazers,QCRG59,MRAH32,274832.0,USD,800,03/08/2013,343.54,USD,304.8
23/08/2012 10:06,SZKMKQHE39207209,Soma Drops,HWHS51,OCQF34,111933.0,USD,900,02/02/2014,124.37,USD,145.73
23/08/2012 10:07,JPVBUFAL31477951,Stocks,IZLM67,IZTD25,943470.0,USD,9000,09/07/2017,104.83,USD,81.37
23/08/2012 10:07,DZCHKFOS88032561,Stocks,FORM54,IZTD25,62898.0,USD,600,14/10/2017,104.83,USD,88.75
23/08/2012 10:07,GDZXLRDR92996225,Omnigaskets,LIJW00,CBOX52,3497940.0,USD,9000,11/11/2013,388.66,USD,434.88
23/08/2012 10:07,UPZPWYKR44726497,Stocks,YWMD69,IIZF28,535350.0,USD,5000,29/05/2017,107.07,USD,113.81
23/08/2012 10:08,YUSZQMCL58873612,Stocks,JCWS17,HXDA52,1513040.0,USD,8000,23/12/2014,2162.19,GBP,224.37
23/08/2012 10:08,SJKSFJFI20969949,Symbiotes,IZLM67,KKGI60,1309700.0,USD,7000,16/03/2014,187.1,USD,195.7
23/08/2012 10:08,UFPUBEYS61490088,Stocks,SXHU74,AYIH50,2115400.0,USD,20000,31/03/2016,105.77,USD,104.16
23/08/2012 10:08,WPWHLYJN22947739,Stocks,QLMY86,PVAZ61,1100724.49,DZD,2000,29/01/2017,160.39,USD,503.92
23/08/2012 10:09,BURAGOSZ87638220,Stocks,TVQQ54,VXSM31,202748.39,TMM,600,20/04/2013,93.46,USD,364.88
23/08/2012 10:09,QSYCBFWU52980297,Grip Claws,OUNH49,LBKT00,39142.0,USD,100,10/07/2014,391.42,USD,368.64
23/08/2012 10:09,SHSKLPRN07969316,Stocks,AWYB85,FYYD57,56600.0,USD,400,08/11/2014,141.5,USD,152.82
23/08/2012 10:09,LBLRVZIV95678214,Potions of Booze,QCRG59,YWMD69,30260.0,USD,500,30/10/2017,284.6,SZL,63.4
23/08/2012 10:09,SBLSIJCI38904496,Stocks,PJKH65,WVEI17,837520.0,USD,8000,23/10/2013,104.69,USD,116.9
23/08/2012 10:09,GOPLLBGN27048701,Stocks,LBKT00,EKXA24,35030.0,USD,500,11/01/2016,541.0,KYD,62.53
23/08/2012 10:09,HYECHPOW77856997,Stocks,AGBH66,JVHD93,12100.0,USD,2000,30/07/2015,48.28,SDG,6.65
23/08/2012 10:10,SZNJYVMR60116279,Blue Shells,SHXQ48,QBAP68,1435426.54,SVC,600,06/06/2015,512.1,USD,2762.14
23/08/2012 10:10,EHFZACGE49950606,Stocks,YLGZ72,JVHD93,3872.24,LKR,400,07/12/2014,6.05,USD,10.64
23/08/2012 10:12,AOZLCISS15494120,Stocks,QWOA67,MYXF05,9198.0,USD,600,29/06/2015,15.33,USD,14.31
23/08/2012 10:12,IRBJBOLH21319426,Barrier Tags,WVEI17,TBVE46,328990.0,USD,1000,01/11/2017,328.99,USD,369.21
23/08/2012 10:13,UJGHDYES19328043,Baku Disks,NCCX02,QWOA67,30996.0,USD,900,26/01/2013,34.44,USD,31.79
23/08/2012 10:13,LJJHMQNH47873565,Alchemy Smocks,UACN81,GSTD71,253834.0,USD,700,02/04/2013,362.62,USD,409.23
23/08/2012 10:13,EJEURCLA68740178,Metal Knight Units,XHYN07,FTFI87,8613.0,USD,900,15/05/2017,9.57,USD,7.99
23/08/2012 10:13,LQXFQHIJ84805561,Stocks,KRRO64,TGZI54,153085.0,USD,500,09/03/2015,306.17,USD,278.23
23/08/2012 10:13,VSPUCEYI23252699,Stocks,NCCX02,TKVF94,9786.0,USD,300,21/02/2017,32.62,USD,34.21
23/08/2012 10:13,AICHAJIP43573889,Learning Beds,LKPN86,OCQF34,448480.05,FJD,800,28/06/2017,61.86,USD,608.43
23/08/2012 10:13,HFPWICAR88249394,Curiel Greens,BPLN25,VPTI00,364230.0,USD,900,06/08/2015,404.7,USD,382.62
23/08/2012 10:14,SNBJGZPP14312884,Stocks,KRRO64,VLJL11,90699.0,USD,300,10/03/2016,302.33,USD,287.96
23/08/2012 10:14,YHUNVABF04750828,Stocks,RJCA92,NFAH30,182977355.38,GNF,5000,08/04/2016,295.45,USD,33507.89
23/08/2012 10:14,DXECUIHY79362495,Stocks,CAVR54,GYWU23,5553.0,USD,300,12/11/2017,18.51,USD,20.95
23/08/2012 10:14,MLKIKHOQ14201958,Persuaders,FGQR22,FDWI64,1069530.0,USD,3000,12/01/2017,356.51,USD,312.43
23/08/2012 10:14,OXSJYWYX06294386,Stocks,VESX21,MFJJ99,6192000.0,USD,90000,30/03/2015,68.8,USD,77.88
23/08/2012 10:14,ERJVFWNX50345949,Stocks,LKPN86,QXFF29,82211.23,OMR,500,04/09/2015,38.36,USD,167.04
23/08/2012 10:15,BKNPFFHK98394778,Rift Crackers,FJOI82,LKPN86,38874.0,USD,300,22/07/2013,129.58,USD,116.46
23/08/2012 10:15,VTRYCTTA37744025,Stocks,QBAP68,LAUA80,162450.0,USD,900,04/09/2013,180.5,USD,156.9
23/08/2012 10:15,GZYJCMDS38061933,Stocks,AHMZ79,EWUY52,3331000.0,USD,20000,18/05/2016,166.55,USD,134.88
23/08/2012 10:15,JTRHXMBP35864675,Dazers,FORM54,MRAH32,30918600.0,USD,90000,27/11/2017,343.54,USD,309.05
23/08/2012 10:16,JUESYIXT18312117,Stocks,OUNH49,RNZB01,214200.0,USD,30000,18/05/2017,7.14,USD,6.43
23/08/2012 10:16,ECJOJUAA56815156,Stocks,FDWI64,KKGI60,38003.66,GTQ,500,14/11/2017,132.44,USD,61.86
23/08/2012 10:17,ICHFXJRW98590235,Stocks,MRAH32,SZRJ90,105250.0,USD,500,10/02/2017,210.5,USD,191.28
23/08/2012 10:17,BMOJDKET33252009,Decks of Many Things,UHOG52,UFAY59,105988.0,USD,400,02/09/2016,264.97,USD,303.79
23/08/2012 10:18,NYNMCBTK51728826,Horns of Plenty,WVEI17,ZNQA84,85377.0,USD,300,20/03/2014,284.59,USD,273.17
23/08/2012 10:18,PAVISUWK05561746,Stocks,PIFN94,YFAM59,2265418.05,TZS,3000,11/04/2013,72.1,USD,590.73
23/08/2012 10:19,GIIFGVLN55403669,Blue Elixirs,UACN81,QLMY86,12084061.18,SBD,3000,28/08/2013,424.02,USD,4325.25
23/08/2012 10:19,IUPRCYLT91921603,Rings of Sustain Ability,UEVD88,HNLV68,514708.98,SZL,700,22/08/2015,156.36,USD,654.7
23/08/2012 10:19,XVAJEXIB12098913,Stocks,FYYD57,MDEQ10,64952.0,USD,800,29/09/2017,81.19,USD,77.15
23/08/2012 10:19,PMNFRTWE27282845,Scrolls of Blank Paper,UFAY59,EPZN28,22457600.0,USD,80000,10/11/2014,280.72,USD,249.45
23/08/2012 10:20,UBLGVJJY93610250,Stocks,TYAE14,RJCA92,166320.0,USD,8000,19/04/2016,20.79,USD,19.08
23/08/2012 10:20,CJOSLVOH99425421,Ent-draught,TGZI54,LIJW00,1041839.23,SEK,8000,02/02/2013,34.08,USD,148.96
23/08/2012 10:20,JCUVCZOX95079686,Jumping Boots,MHFC34,SFEO61,7648200.0,USD,70000,02/07/2014,109.26,USD,114.15
23/08/2012 10:20,PWFOLDAJ23310086,Devil Fruits,QXFF29,TGZI54,141870.0,USD,600,18/10/2015,236.45,USD,237.75
23/08/2012 10:20,VEOKBUXJ80292080,Meat Rings,SRYE59,FAWI50,688160.0,USD,8000,03/03/2014,86.02,USD,85.67
23/08/2012 10:20,IYGOUGHT72585222,Metal Knight Units,RLZK87,FTFI87,57420.0,USD,6000,04/06/2015,9.57,USD,10.11
23/08/2012 10:21,OIMNQTZB99116951,Dino Disks,VLJL11,MHFC34,29152.0,USD,800,27/08/2013,36.44,USD,34.99
23/08/2012 10:21,GLSLCFMX91656467,Dragon Balls,WIZJ73,RFZG50,2571698.47,YER,4000,12/09/2014,89.17,USD,678.87
23/08/2012 10:21,FMQDJRXO92772043,Stocks,IIZF28,DREA89,2074500.0,USD,30000,06/10/2015,69.15,USD,63.68
23/08/2012 10:22,MEWWEFSY60860448,Stocks,CVMG22,LAUA80,90250.0,USD,500,13/08/2015,180.5,USD,194.54
23/08/2012 10:22,YQGVNYWI91121818,Stocks,QCRG59,TRFG21,156000.0,USD,50000,25/09/2015,4.63,VEB,2.88
23/08/2012 10:22,QNUODKUS19066012,Spider Silks,HNLV68,VTKE98,2008560.0,USD,8000,14/04/2016,251.07,USD,282.24
23/08/2012 10:22,UZGGCTXN78850046,Stocks,UWUK72,MDEQ10,649520.0,USD,8000,10/04/2014,81.19,USD,72.41
23/08/2012 10:22,THZFIAME76833819,Stocks,HFLM11,ZVEN26,279440.0,USD,7000,22/04/2013,39.92,USD,43.43
23/08/2012 10:23,VZMPLYRB58747005,Stocks,EIWJ22,RNZB01,4239.73,VEB,400,09/04/2017,7.14,USD,8.17
23/08/2012 10:23,OQQGRETJ66072671,Fridays,RJUD59,SEKK26,27915.0,USD,300,16/07/2016,93.05,USD,103.92
23/08/2012 10:23,JLVUUMYE43006740,Golden Lucky Cats,GSTD71,KRRO64,1776397.56,CRC,4000,28/09/2015,347.55,USD,378.52
23/08/2012 10:23,UMAZVUOJ63989928,Cell Cells,NCCX02,AGBH66,1973100.0,USD,30000,12/05/2013,65.77,USD,64.46
23/08/2012 10:23,NYSXHZOJ41569512,Stocks,DGTY64,DJNE62,860670.0,USD,9000,24/01/2016,95.63,USD,88.85
23/08/2012 10:24,YMBXAKSX70431438,Stocks,RJUD59,FORM54,87810.16,LAK,900,04/04/2014,22.62,USD,104.36
23/08/2012 10:25,ZOBIJQAJ42384163,Badgers,EKXA24,GGLV00,293555.0,USD,500,06/08/2017,587.11,USD,651.68
23/08/2012 10:26,ILARAQQX91699288,Stocks,SAAM06,WVHK10,1045700.0,USD,10000,25/04/2014,104.57,USD,97.45
23/08/2012 10:26,NAYJRLJB88856206,Stocks,GSTD71,QAZT26,112536.0,USD,400,30/01/2013,281.34,USD,298.8
23/08/2012 10:26,BVGEVSYS89372031,Red Cards,GSTD71,JVHD93,12241500.0,USD,30000,16/08/2017,408.05,USD,461.62
23/08/2012 10:26,PDZABLES29627993,Amulets of Life Saving,ERHJ34,RDBE21,255640.0,USD,800,05/06/2013,319.55,USD,369.4
23/08/2012 10:27,KJHVQBUV60776253,Leftovers,MDEQ10,NXTO39,8594400.0,USD,30000,19/06/2016,286.48,USD,246.46
23/08/2012 10:27,ADRVHKHO66864947,Stocks,UIKN63,ZFHD93,933600.0,USD,10000,27/08/2016,1035.26,BRL,83.21
23/08/2012 10:28,UGZERMVC01579614,Water Walking Boots,QLMY86,BMRZ75,12987000.0,USD,50000,02/06/2013,259.74,USD,242.79
23/08/2012 10:28,VGMBKMXQ67134915,Thousand Sunnys,OQXV70,WVHK10,492165.7,BND,6000,15/10/2017,1003.7,CZK,73.93
23/08/2012 10:29,PFQXKXNX61519382,Stocks,HSWX88,SFZS08,95385.0,USD,500,22/06/2017,190.77,USD,174.06
23/08/2012 10:29,RIQQNRZS82986630,Noisy Crickets,BMRZ75,MSHS03,379971.1,CVE,200,22/03/2014,174.19,USD,1668.6
23/08/2012 10:29,UXFDSRGW90163613,Moloko Plus,YSSR29,BPLN25,150779.12,SVC,500,18/07/2013,64.55,USD,359.01
23/08/2012 10:30,QMPDDFDE89092575,Pensieves,QWOA67,OPZI26,188040.0,USD,3000,11/09/2017,62.68,USD,57.48
23/08/2012 10:30,CJMLCUCU63231351,Stocks,VPTI00,QBAP68,109280.0,USD,8000,10/11/2013,13.66,USD,16.38
23/08/2012 10:31,EZCBZWDX24971718,Stocks,NGBA40,CBOX52,239234918.44,GNF,8000,15/05/2014,1541.82,AZN,28359.6
23/08/2012 10:31,YSJDZTDY61886118,Stocks,SBUT62,QHXJ50,63182.0,USD,700,28/01/2016,1015.83,AFN,86.05
23/08/2012 10:31,YWKSVJFM20151333,Thermal Regulation Suppositories,LIJW00,ZVEN26,273501.0,USD,900,15/09/2014,303.89,USD,252.94
23/08/2012 10:31,XAJNGBXM76964789,Stocks,FYYD57,BDBU00,4270254.66,LRD,7000,29/04/2017,155.88,USD,702.39
23/08/2012 10:32,WYEZITPF13034608,Fumbles,INIL60,JXGF57,61246.0,USD,200,05/12/2016,306.23,USD,283.79
23/08/2012 10:33,ISTPSIRC37595447,Stocks,TYAE14,OHKH76,1605100.0,USD,70000,11/07/2017,22.93,USD,19.51
23/08/2012 10:33,RACQKJAW33172687,Dragon Disks,QMZU44,OUNH49,89685.0,USD,300,03/01/2016,298.95,USD,278.03
23/08/2012 10:34,SXLWNHLM96218871,Beatas Disks,IBLA29,KRXZ15,181580.0,USD,1000,06/07/2017,181.58,USD,172.79
23/08/2012 10:35,LQTJSIYL65523339,Simarils,KRXZ15,TVQQ54,22560.0,USD,200,14/07/2013,112.8,USD,129.15
23/08/2012 10:35,JPXRHBHM20638354,Stocks,MDEQ10,MFZY76,13317300.0,USD,90000,19/10/2017,147.97,USD,137.63
23/08/2012 10:37,WKDYNTNM34063279,Sensu Beans,OHKH76,MFJJ99,4606984.07,IRR,1000,24/05/2015,411.18,USD,5343.52
23/08/2012 10:37,LHQTOHDZ54717557,I-Suits,QCRG59,BBJG05,246670.0,USD,500,09/12/2015,493.34,USD,550.49
23/08/2012 10:37,KOGPZKPV02313678,Stocks,HXDA52,KRRO64,2295000.0,USD,10000,17/09/2015,229.5,USD,208.34
23/08/2012 10:37,PKTDKTKU70448535,Metal Knight Units,VXSM31,FTFI87,3828.0,USD,400,31/08/2013,9.57,USD,8.5
23/08/2012 10:37,SRDUUXYE24582472,Amulets of Strangulation,TRFG21,ERHJ34,9689.0,USD,100,16/02/2014,96.89,USD,106.61
23/08/2012 10:39,ZIBIIPOC96907666,Stocks,ESPL27,YTAI13,23780.0,USD,200,19/02/2015,118.9,USD,127.44
23/08/2012 10:39,CRROZHSC51370650,Don Gero Masks,QLCE04,TFLS35,1166800.0,USD,5000,10/10/2015,233.36,USD,218.89
23/08/2012 10:39,KFGUREUB04722325,Stocks,QLCE04,WHPS18,226162.06,NOK,6000,24/11/2013,31.71,USD,31.14
23/08/2012 10:39,GUXLZPYT33077145,Pensieves,MDEQ10,OPZI26,5641200.0,USD,90000,14/05/2016,62.68,USD,66.39
23/08/2012 10:39,HEMNKXDO25134116,Stocks,PJKH65,HHFP66,117117.0,USD,700,10/12/2016,167.31,USD,136.31
23/08/2012 10:39,JICTMQMG68998698,Stocks,DJNE62,ZFHD93,93360.0,USD,1000,09/11/2013,217.74,CUP,88.36
23/08/2012 10:40,CQGZOGAK17688587,Gold Needles,ITTS26,PKBF70,42900800.0,USD,80000,07/11/2014,536.26,USD,610.47
23/08/2012 10:40,YSFFZWGW72617055,Digivices,RJCA92,HWJF09,546363.72,BSD,900,16/06/2015,92.12,USD,540.92
23/08/2012 10:40,CPRWZXKG00109496,Stocks,LIJW00,DOGG07,198420.0,USD,6000,21/11/2016,33.07,USD,31.1
23/08/2012 10:40,REHVVOTA64412793,Stocks,EKXA24,QAZT26,196938.0,USD,700,11/01/2015,281.34,USD,292.82
23/08/2012 10:41,IWEHRUZI76415089,Stocks,WVHK10,CIXF70,32000.0,USD,500,28/01/2014,64.0,USD,57.18
23/08/2012 10:41,YLRXYAON73829444,Doodle Disks,NXTO39,QWOA67,696175.2,PLN,30000,19/03/2017,116.32,USD,24.55
23/08/2012 10:41,BIJFCXKT52132886,Stocks,MFJJ99,HSWX88,4282.05,RSD,200,15/07/2013,20.35,USD,20.68
23/08/2012 10:41,RBGZWHJG50588316,Stocks,PVAZ61,OPZI26,24542.0,USD,700,06/08/2017,35.06,USD,31.66
23/08/2012 10:41,INTWIPHX18761829,Pan-Galactic Gargle Blaster,QODV38,AYIH50,246428.0,USD,400,10/06/2016,10817.08,RUB,669.31
23/08/2012 10:42,NVZPVHTW17957634,Stocks,NGBA40,DOGG07,9921.0,USD,300,31/07/2013,33.07,USD,36.19
23/08/2012 10:42,VGDNLWSC14260125,Golden Peaches,ITTS26,HPTP65,363518.7,GYD,300,18/10/2013,342.19,USD,1053.22
23/08/2012 10:42,HMLIMAVE61497681,Arm Nanoblades,FDWI64,OHKH76,40185600.0,USD,80000,03/07/2014,1487.72,MMK,432.08
23/08/2012 10:43,MDZPFEKJ25254883,Beams,HYSJ42,UEVD88,2020900.0,USD,70000,22/05/2014,28.87,USD,28.17
23/08/2012 10:43,RQHEVUYO46455478,Choice Scarfs,EIWJ22,PVAZ61,466980.0,USD,6000,20/02/2017,77.83,USD,64.68
23/08/2012 10:43,VMLJIUWZ82259703,Stations,ZMLP81,YFAM59,990713.75,MZN,600,26/10/2015,285.15,USD,1522.53
23/08/2012 10:43,SWASPDGH42535151,Stocks,JVHD93,TKVF94,97860.0,USD,3000,18/12/2016,32.62,USD,29.21
23/08/2012 10:44,JCOUNHCT56816134,Stocks,SWGF93,MRAH32,19492.0,USD,200,18/01/2015,1020.75,TZS,109.58
23/08/2012 10:44,JKTBGUJW78073498,Mirrors of Hope,WVHK10,QLCE04,386748.0,USD,600,30/09/2017,644.58,USD,730.39
23/08/2012 10:45,PVYXTOOW62353815,Bags of Holding,JCWS17,KKGY69,12751176.34,TTD,8000,10/03/2014,308.19,USD,1413.75
23/08/2012 10:45,SIGOMYIA02551656,Stocks,JXGF57,DILF10,68864.0,USD,400,05/12/2013,172.16,USD,164.51
23/08/2012 10:45,FZRXHGRQ67284902,Stocks,HSWX88,JVHD93,5445.0,USD,900,18/08/2016,6.05,USD,5.54
23/08/2012 10:46,NCRSGTGS28860526,Keys of Orthanc,LIJW00,KRXZ15,21655.36,NGN,900,22/01/2017,149.08,USD,21.49
23/08/2012 10:46,HGVQDGOZ31744038,Portal Guns,UHOG52,MDEQ10,23282000.0,USD,70000,11/06/2016,332.6,USD,326.74
23/08/2012 10:47,MAHYVEBH60840277,Stocks,EIWJ22,RFZG50,116200.0,USD,2000,03/06/2015,58.1,USD,53.46
23/08/2012 10:47,XKWFKDKY92265445,Rings of Stealth,PNFK78,RLZK87,84459.0,USD,300,22/09/2013,281.53,USD,248.67
23/08/2012 10:47,LTHRINMW17567618,Wrath Hammers,VLJL11,IBLA29,173376.67,TRY,8000,17/09/2013,28.12,USD,21.94
23/08/2012 10:47,KYALAPZC93637285,String of Beads,PJKH65,FTFI87,21910.0,USD,7000,22/01/2014,3.13,USD,3.47
23/08/2012 10:48,JGJKQIXQ97956901,Stocks,BMRZ75,KKGI60,2648800.0,USD,20000,02/07/2015,132.44,USD,116.33
23/08/2012 10:48,PELIMHMX38751331,Box Basher 2000s,IZTD25,LWGE44,32195.0,USD,100,05/11/2016,321.95,USD,306.85
23/08/2012 10:48,WNNLLJUH19524795,Stocks,OPZI26,VVBY18,37098.0,USD,900,16/10/2016,41.22,USD,45.21
23/08/2012 10:49,KQQMUHWX63792470,Stocks,TBVE46,ZEHM52,5188500.0,USD,50000,26/11/2015,103.77,USD,87.66
23/08/2012 10:49,YNIDSJTY31979557,Rings of Polymorph Control,HHOA99,SMYT95,1046340.0,USD,6000,21/01/2014,174.39,USD,194.58
23/08/2012 10:49,CDMKKJCJ67033336,Stocks,ISWT83,BMRZ75,205660.0,USD,700,25/01/2017,293.8,USD,272.99
23/08/2012 10:50,SPXQYSPT52158650,Stocks,WWNS72,GZED20,83432.0,USD,400,16/07/2015,208.58,USD,177.66
23/08/2012 10:50,YJGUBUJY32341487,Stocks,PBFW95,ZFHD93,653520.0,USD,7000,02/04/2014,93.36,USD,100.24
23/08/2012 10:50,GYHGCEJX53128092,Stocks,DGTY64,MFZY76,118376.0,USD,800,10/10/2016,147.97,USD,128.67
23/08/2012 10:51,HOPEDORR28236543,Mermaid Coins,KKGY69,FAWI50,8354726.1,RSD,50000,12/03/2014,158.82,USD,177.91
23/08/2012 10:51,CPVIRGWC74547675,Smooth Rocks,SWGF93,VXSM31,326751110.12,BBD,9000,10/03/2015,1721.57,SVC,37381.5
23/08/2012 10:51,BWGEOGWM01206426,Stocks,LBKT00,IJPI82,489000.0,USD,5000,27/10/2014,97.8,USD,88.56
23/08/2012 10:51,CESGLNQS10951008,Stocks,EDYH00,ESPL27,2388993.98,ZMK,8000,28/11/2015,56.68,USD,278.4
23/08/2012 10:52,FXXEZLLP30487167,Electrolyzers,YFAM59,DVVB31,241472.0,USD,700,10/08/2017,344.96,USD,390.15
23/08/2012 10:52,YKGUZZDW70416733,Stocks,QMZU44,ZEHM52,8634597.93,NOK,70000,09/02/2015,103.77,USD,116.02
23/08/2012 10:53,BEKYAKFI51800593,Assault Vests,SHXQ48,LIIS96,3331350.0,USD,9000,09/07/2014,370.15,USD,326.08
23/08/2012 10:53,NSGHSTGA40629958,Black Materia Orbs,VGYT30,VCSF07,27480.0,USD,3000,25/07/2013,9.16,USD,8.51
23/08/2012 10:53,DBNROXQR84857689,Rings of Gain Strength,GYWU23,OQXV70,26424.0,USD,300,23/12/2016,88.08,USD,84.71
23/08/2012 10:53,YOHRGAEI38783559,Meat Sticks,SWGF93,SFZS08,73605.0,USD,300,20/06/2017,392.58,LKR,243.23
23/08/2012 10:53,RERHDWOG80655538,Fire Papers,SUOX82,HHFP66,143665.0,USD,500,18/09/2016,287.33,USD,321.9
23/08/2012 10:54,NPUQPCJY13863526,Luckstones,CVMG22,VKMV12,180819.0,USD,900,12/01/2016,200.91,USD,187.22
23/08/2012 10:54,OBCMWZLK58200722,Pulse Rifles,EWUY52,PKBF70,1507200.0,USD,60000,11/02/2015,96.2,SHP,24.15
23/08/2012 10:55,JITXUKRU79554636,Quicksilver Bullets,WYFO79,QMZU44,17760464.5,CUP,50000,13/07/2016,152.3,USD,383.73
23/08/2012 10:56,QQRMQECC43557384,Gantz Balls,HFLM11,TBVE46,11304600.0,USD,30000,17/08/2016,376.82,USD,348.16
23/08/2012 10:56,CIASNOPP93424570,Stocks,BPLN25,ZNQA84,10602.0,USD,100,28/10/2016,106.02,USD,89.42
23/08/2012 10:57,NYXFGTVQ80924234,Zoni Vessels,QETH27,WVEI17,131873.0,USD,700,10/03/2013,188.39,USD,176.76
23/08/2012 10:57,RSEAPQAJ46717424,Stocks,EMNK67,DBCS17,690993.71,BRL,700,31/03/2013,89.02,USD,1113.82
23/08/2012 10:57,LXMFEOJQ44847892,Cell Batteries,VCSF07,OQXV70,114900.0,USD,3000,14/09/2014,38.3,USD,35.94
23/08/2012 10:57,REJIQPPM85167010,Stocks,VVXA11,KTLA69,12896.0,USD,100,15/05/2013,128.96,USD,135.46
23/08/2012 10:58,PSWMOYVV81485478,Stocks,RJUD59,DJNE62,2725340.24,SBD,3000,01/02/2016,95.63,USD,938.17
23/08/2012 10:58,IBOXJQIP88629265,Eyes of Agamotto,FJOI82,BPLN25,12461745.72,UYU,800,19/01/2017,377.92,USD,14603.69
23/08/2012 10:59,DWKSWYXV39512705,Stocks,THJF58,IZTD25,7338100.0,USD,70000,22/05/2014,104.83,USD,93.11
23/08/2012 10:59,OFFDIPQW03874173,Exorcism Slips,QXFF29,GSTD71,269509.96,BWP,500,25/08/2017,172.63,USD,589.09
23/08/2012 10:59,NWELNZMX82065490,Nitro Powder Blocks,SXHU74,LWGE44,193176.0,USD,900,18/07/2017,214.64,USD,191.15
23/08/2012 11:00,LWMKDELV92071943,Platinum Bolts,QMZU44,GYWU23,162040.0,USD,1000,26/09/2013,956.86,BZD,121.99
23/08/2012 11:00,RGYKOEBC30402810,Stocks,CMOI26,SRYE59,48553.62,UAH,600,20/03/2017,2.97,USD,81.19
23/08/2012 11:00,XLXFDLSE65074548,Stocks,QBVN33,AGBH66,218245.72,KMF,200,20/09/2014,506.61,BWP,1222.73
23/08/2012 11:01,OWKWBNHS07715745,Stocks,SRYE59,HSWX88,27728.91,RON,1000,08/09/2015,20.35,USD,27.88
23/08/2012 11:01,YLCLJKPL74800015,Stocks,YWMD69,IIZF28,214140.0,USD,2000,30/04/2017,107.07,USD,121.93
23/08/2012 11:02,WYANBXNO49666362,Rings of Adornment,UFAY59,VVXA11,9146.0,USD,100,02/06/2013,91.46,USD,84.58
23/08/2012 11:02,MJHHJZVF43759855,Stocks,HWHS51,HXDA52,1134780.0,USD,6000,06/01/2015,189.13,USD,162.68
23/08/2012 11:02,EKEZXJAY02887723,Stocks,TGZI54,ZDAI73,60310285.92,LAK,80000,07/06/2013,174.78,USD,818.99
23/08/2012 11:02,ZPNLVYHJ53773982,Stocks,QETH27,VESX21,145690.0,USD,1000,10/08/2017,145.69,USD,123.47
23/08/2012 11:02,LKCVZRVM09254142,Stocks,TYAE14,PQSW95,14180.88,TRY,800,04/07/2017,23.0,USD,16.95
23/08/2012 11:03,BXJXWPCD02283251,Absorb Bulbs,ZMLP81,ITTS26,9957500.0,USD,50000,03/09/2015,199.15,USD,171.35
23/08/2012 11:03,EISMVFVT83434724,Flying Brooms,CBOX52,WVEI17,64380.0,USD,6000,04/04/2015,10.73,USD,11.74
23/08/2012 11:03,LFWQOWMW77317456,Tear Stones,HWHS51,LIJW00,105656.0,USD,800,26/09/2014,132.07,USD,137.84
23/08/2012 11:04,KEPGIPOQ61491331,Golden Fleeces,DREA89,SWGF93,108330.0,USD,600,27/07/2014,180.55,USD,195.88
23/08/2012 11:04,WXSPKUYW85259754,Stocks,VIMV38,JCWS17,89685.0,USD,500,07/05/2017,179.37,USD,211.6
23/08/2012 11:04,FFUHQCQA44442664,Touchstones,VGYT30,ZFHD93,9449881.65,VEB,30000,04/04/2013,212.19,USD,292.8
23/08/2012 11:04,MJNVKMBS41601648,Stocks,DJNE62,SAAM06,569000.0,USD,5000,02/08/2014,113.8,USD,118.81
23/08/2012 11:04,SCESRRKV79603751,Stocks,QXFF29,SXHU74,8057700.0,USD,70000,04/02/2013,115.11,USD,103.55
23/08/2012 11:05,WXOMASMS30868969,Stocks,PKBF70,IJPI82,29340.0,USD,300,09/08/2017,43.5,BAM,112.33
23/08/2012 11:05,GETAKTYD76962385,Stocks,EMNK67,XRBV61,1509010.31,CVE,700,01/05/2013,197.65,USD,1954.7
23/08/2012 11:05,LFLXYEMC72144492,Stocks,SXTM39,SFEO61,25269.09,PYG,600,02/02/2016,4.72,USD,40.56
23/08/2012 11:06,NOKNLONS23991691,Stocks,QLMY86,QWOA67,1434900.0,USD,10000,16/04/2015,627.74,MGA,169.49
23/08/2012 11:06,GFFYJZUV20847226,Tricorders,CAVR54,FGQR22,558760.0,USD,4000,22/08/2014,139.69,USD,154.3
23/08/2012 11:06,LSCBRAGZ34940916,Flame Orbs,NGBA40,BDBU00,45528.0,USD,300,27/10/2014,151.76,USD,174.82
23/08/2012 11:07,ETCUYMUS26439786,Mocchi Disks,BBJG05,VVBY18,86850.0,USD,1000,15/02/2014,86.85,USD,75.18
23/08/2012 11:07,KGFYIAQN55564708,Sending Stones,AMBT33,ZEHM52,11171402.52,BBD,200,26/11/2015,566.96,USD,47200.23
23/08/2012 11:07,NPRXKHIL85030423,Stocks,NCYN50,KKZA87,35760.0,USD,1000,27/04/2015,35.76,USD,36.17
23/08/2012 11:07,BTGSXEXM06022059,Elder Wands,BPLN25,LKPN86,1845120.0,USD,6000,14/07/2014,307.52,USD,331.2
23/08/2012 11:07,LOYUHTDA39788179,Persuaders,QBVN33,FDWI64,249557.0,USD,700,11/05/2013,356.51,USD,329.33
23/08/2012 11:08,LTSXMZSA06444823,Cornballers,SRYE59,HYSJ42,2194600.0,USD,10000,11/01/2014,219.46,USD,204.95
23/08/2012 11:08,FAAETANP36492990,Ithildins,FAWI50,ZXVX98,2570789.38,LYD,700,06/12/2017,345.89,USD,2945.49
23/08/2012 11:08,ACGSELOS28483351,Cornuthaums,AYIH50,FGQR22,10828800.0,USD,90000,04/07/2015,550.33,ZWD,141.05
23/08/2012 11:09,QFJCLAAC60639098,Stocks,TFLS35,UIKN63,1050350.0,USD,7000,06/04/2014,150.05,USD,168.13
23/08/2012 11:09,ADQWELCV39567789,Companion Cubes,JZTC69,EKXA24,182490.0,USD,3000,04/10/2014,60.83,USD,63.68
23/08/2012 11:09,QENUXMUI97944888,Pym Particles,JZTC69,FORM54,67648.23,KWD,800,20/05/2016,32.28,KPW,74.93
23/08/2012 11:09,JZANSZHE05774271,Hero Association Catalogs,SUOX82,QBAP68,166873.87,LSL,400,26/01/2017,215.99,USD,488.03
23/08/2012 11:09,LEJMONRM49988037,Stocks,IZLM67,VVBY18,247320.0,USD,6000,13/03/2016,41.22,USD,35.34
23/08/2012 11:10,QADETUQG78477388,Stocks,YTAI13,ZBIO05,146160.0,USD,6000,04/01/2016,24.36,USD,23.55
23/08/2012 11:10,MJQFPGKH75355005,Shed Shells,VKMV12,DBCS17,473100.0,USD,6000,24/07/2013,78.85,USD,93.22
23/08/2012 11:10,NCOHMOAH01641074,Infobots,VVXA11,BMRZ75,1561550.0,USD,5000,03/04/2015,312.31,USD,254.05
23/08/2012 11:10,FTASFJFK23592662,Chain Wind Staffs,AMRO66,NCYN50,56916559.98,ETB,20000,20/07/2013,306.99,USD,3236.15
23/08/2012 11:10,SKXCVWHR35244043,Stocks,RFZG50,YWMD69,36978.0,USD,200,23/09/2013,184.89,USD,207.65
23/08/2012 11:11,JLELSGDQ64942268,Stocks,SWGF93,VGYT30,800820.0,USD,6000,11/08/2013,133.47,USD,141.53
23/08/2012 11:11,IIGBFGIR03218871,Rings of Protection from Shape Changers,PKBF70,QCRG59,1449550.0,USD,5000,18/06/2014,289.91,USD,335.48
23/08/2012 11:12,EEBADAVV70366628,Stocks,WVHK10,QLMY86,185400.0,USD,900,27/07/2015,206.0,USD,227.0
23/08/2012 11:12,QYBMDZGF87244618,Stocks,DBCS17,TVQQ54,55392.0,USD,600,12/07/2016,92.32,USD,106.22
23/08/2012 11:12,YAGQTNJT35678099,Duff,KKZA87,WIZJ73,29903.0,USD,100,20/01/2015,299.03,USD,322.38
23/08/2012 11:12,DRBBJTQO82270056,Moranth Shapers,OUNH49,ERHJ34,8277300.0,USD,90000,14/11/2013,91.97,USD,77.98
23/08/2012 11:12,DFOIPYXE83405134,Moranth Melters,RLZK87,VVXA11,110004.0,USD,400,25/08/2015,275.01,USD,241.03
23/08/2012 11:13,SXAJCKID51639152,Stocks,HWJF09,TBVE46,1032780.0,USD,7000,05/11/2014,1653.08,IRR,165.08
23/08/2012 11:13,EUUMTOMU29720172,Stocks,EMNK67,VGYT30,934290.0,USD,7000,10/09/2017,133.47,USD,147.99
23/08/2012 11:13,JTYJCQUH39329090,Marvins,ZFHD93,WHPS18,586160.0,USD,8000,23/03/2016,73.27,USD,68.17
23/08/2012 11:13,OYJIWPHQ02475102,Stocks,IZLM67,INIL60,6852.0,USD,200,30/10/2014,34.26,USD,28.85
23/08/2012 11:13,ZIICLKOS10354551,Stocks,TVQQ54,QHXJ50,81234.0,USD,900,07/06/2016,90.26,USD,100.58
23/08/2012 11:14,LZZTUHOX39088030,Stocks,KKGY69,AMBT33,14490.0,USD,1000,12/04/2013,14.49,USD,12.56
23/08/2012 11:14,GTBRYNUV63622609,Stocks,IZLM67,GSTD71,5222000.0,USD,50000,21/10/2013,104.44,USD,122.6
23/08/2012 11:14,AULYZUAA10317397,Stocks,HNLV68,WIZJ73,7392.0,USD,700,28/04/2017,10.56,USD,11.64
23/08/2012 11:14,ULNMHKMG74376764,Stocks,PQSW95,IZLM67,327100.0,USD,5000,02/07/2016,471.68,YER,74.89
23/08/2012 11:15,XHMDONJV87320616,Stocks,WVHK10,IJPI82,684600.0,USD,7000,04/01/2014,156.49,LKR,113.21
23/08/2012 11:15,QJCIVYYZ59508358,Elven Cloaks,OPET16,MHFC34,12176371.2,BND,80000,30/01/2016,407.4,USD,138.06
23/08/2012 11:16,QHXXUFBA13868610,Stocks,VTKE98,MRAH32,7003709.5,GMD,8000,11/11/2015,97.46,USD,977.71
23/08/2012 11:16,FWLMOVMP18481555,Hexagonal Crystals,VKMV12,BBJG05,45526.0,USD,200,03/04/2017,227.63,USD,256.23
23/08/2012 11:17,TWRNTBPZ77243215,Stocks,CMOI26,OHKH76,68790.0,USD,3000,11/06/2016,22.93,USD,23.04
23/08/2012 11:18,OYTWQGWT49884797,Stocks,KKGY69,ZDAI73,908331.66,MAD,2000,15/03/2015,174.78,USD,391.18
23/08/2012 11:19,KBYYSHMP67833682,Rings of Gain Constitution,OQXV70,YSSR29,1324350.92,AWG,900,19/01/2015,155.42,USD,1566.42
23/08/2012 11:19,WKCAVBSY44951088,Stocks,SUOX82,LIJW00,98301.0,USD,700,11/11/2015,140.43,USD,128.21
23/08/2012 11:19,TPKNKKKH47640227,Rings of Hunger,SUOX82,ITTS26,180981.0,USD,900,15/01/2016,201.09,USD,186.13
23/08/2012 11:19,SYXGCLQX58102374,Stocks,SRYE59,ZFHD93,467894.18,SRD,700,18/10/2016,93.36,USD,714.71
23/08/2012 11:20,LOHBKLRN59813358,Spears of Destiny,VTKE98,YLGZ72,1717100.0,USD,70000,07/03/2013,24.53,USD,27.11
23/08/2012 11:20,DRBHVHPI35855325,Stocks,RDBE21,EPZN28,22400.0,USD,500,07/10/2014,44.8,USD,48.43
23/08/2012 11:20,LUERGPNZ00690115,Fridays,ISWT83,SEKK26,279150.0,USD,3000,02/02/2014,2077.93,HTG,97.18
23/08/2012 11:21,KFRTENAU83317969,Replicants,TFLS35,MFZY76,143840.0,USD,8000,10/08/2014,17.98,USD,15.95
23/08/2012 11:21,AGDDIOBJ12673872,Rings of See Invisible,KRXZ15,DILF10,38396.03,BAM,200,08/08/2016,431.61,USD,208.19
23/08/2012 11:22,NUBFLYCW08876338,Digivices,WIZJ73,HWJF09,6448400.0,USD,70000,04/07/2013,92.12,USD,84.98
23/08/2012 11:22,IQJTINKE57179645,Choice Scarfs,INIL60,PVAZ61,62264.0,USD,800,27/12/2014,77.83,USD,84.46
23/08/2012 11:22,ABMWUDHX53079739,Stocks,RFZG50,INIL60,20556.0,USD,600,27/10/2014,34.26,USD,37.66
23/08/2012 11:22,MUEZULVR68474995,Stars,QLCE04,TRFG21,7006619.8,BSD,2000,01/03/2015,531.61,USD,3146.19
23/08/2012 11:23,OZAESLOB15715216,Stocks,TBVE46,NCXS33,536490.0,USD,3000,20/11/2017,1289.38,YER,204.22
23/08/2012 11:24,TSAZLKAX94520275,Stocks,QLMY86,NGBA40,50515.0,USD,500,16/12/2015,101.03,USD,91.23
23/08/2012 11:24,GAPHPJVL44698572,Curries of Life,ZEHM52,DILF10,3130960.0,USD,8000,16/02/2014,391.37,USD,396.98
23/08/2012 11:24,FYPTOBVU05981303,Box Basher 2000s,QCRG59,LWGE44,216530.69,KMF,100,16/04/2013,321.95,USD,2399.81
23/08/2012 11:24,LKZPGHWG39076718,Life Orbs,DDIB11,QBVN33,6208.0,USD,400,03/02/2013,15.52,USD,14.56
23/08/2012 11:24,MFWVVMCL40247022,Dry Ethers,FJOI82,CMZC67,16312400.0,USD,40000,02/09/2016,407.81,USD,408.38
23/08/2012 11:25,SVGQZDXH12992807,Stocks,VPTI00,YOQG45,157920.0,USD,7000,30/08/2015,22.56,USD,18.78
23/08/2012 11:25,EJKSZMEC17376271,Stocks,RLZK87,FGQR22,105000.0,USD,7000,07/04/2014,15.0,USD,12.8
23/08/2012 11:25,VKFJQSYM16512556,Fire Papers,HXDA52,HHFP66,57466.0,USD,200,20/08/2016,287.33,USD,238.19
23/08/2012 11:25,XOOGFSAX35543162,Venom Canisters,FGQR22,DOGG07,151160.0,USD,1000,28/02/2013,151.16,USD,169.41
23/08/2012 11:25,YLVTGPSL10479566,Shinigami Eyes,GYWU23,GIWG34,523537.48,MOP,7000,15/09/2016,91.96,USD,81.65
23/08/2012 11:26,YDAYBRZF30268072,Stocks,DDIB11,KKGI60,66220.0,USD,500,01/09/2015,132.44,USD,149.06
23/08/2012 11:26,YWBUCGRN30967337,Stocks,XHYN07,SZRJ90,18945000.0,USD,90000,10/12/2016,210.5,USD,244.06
23/08/2012 11:26,KVAAJRIP78424726,Holy Hand Grenades,CMOI26,VLJL11,6072472.45,XCD,900,21/12/2013,204.58,USD,5991.3
23/08/2012 11:26,WBAYMBMN27220797,Stocks,QLCE04,MYXF05,4167797.76,FJD,30000,20/02/2014,104.69,RWF,117.43
23/08/2012 11:27,EZHAZDLW23288312,Vibranium Bars,YOQG45,MSHS03,1473512.04,KYD,400,26/07/2013,477.05,USD,3197.53
23/08/2012 11:27,QBCDHIAQ31213501,Millennium Eyes,MDEQ10,CIXF70,85738.0,USD,200,03/12/2014,428.69,USD,417.32
23/08/2012 11:27,RPUCOTGG53817477,Stocks,QMZU44,NFAH30,790966.92,DOP,400,20/10/2014,295.45,USD,1695.08
23/08/2012 11:27,UQTAQCIO35893036,Excalibers,DVVB31,UWUK72,115386.77,HKD,900,11/05/2013,29.4,USD,115.25
23/08/2012 11:28,YXJMVXGO61971228,Butterflys,PIFN94,SBUT62,241533.0,USD,900,08/03/2013,268.37,USD,283.72
23/08/2012 11:28,CWDCYKMV76748828,Sending Stones,ITTS26,ZEHM52,1133920.0,USD,2000,03/08/2016,566.96,USD,612.23
23/08/2012 11:28,HGJJVRWS02504937,Urns of Power,GGLV00,QLMY86,208917.0,USD,900,10/12/2014,232.13,USD,275.41
23/08/2012 11:29,SILELHIJ04056463,Scent Charms,YFAM59,BPLN25,116880.0,USD,4000,31/07/2014,29.22,USD,25.32
23/08/2012 11:30,UZUOXBIU05693411,Master Swords,ZXVX98,ZVEN26,2992.0,USD,100,29/07/2014,29.92,USD,25.25
23/08/2012 11:30,FAVWJEAB02200491,Light Curtains,JXGF57,YLGZ72,1065810.0,USD,3000,07/06/2017,355.27,USD,383.53
23/08/2012 11:30,WXCNMTIZ25965175,Stocks,TFLS35,ZFHD93,74688.0,USD,800,21/02/2015,93.36,USD,92.83
23/08/2012 11:30,SILJXTHW68734462,Alpha-Omega Bombs,KUWI70,SAAM06,36369200.0,USD,70000,27/12/2017,519.56,USD,527.39
23/08/2012 11:30,BWFBSYVE28731907,Cerebros,GYWU23,AMRO66,307280.0,USD,1000,28/02/2015,307.28,USD,344.36
23/08/2012 11:31,NDUMZINY52577798,Stocks,DVVB31,SZRJ90,84200.0,USD,400,26/11/2016,210.5,USD,233.46
23/08/2012 11:31,JSOEEJJD89989000,Stocks,RNZB01,QAZT26,196938.0,USD,700,20/03/2016,281.34,USD,253.01
23/08/2012 11:31,DNCAPPEY88600062,Argonaughts,YFAM59,GYWU23,106192.0,USD,400,12/03/2014,265.48,USD,245.17
23/08/2012 11:31,QZMKGAPA09857967,Symbiotes,FTFI87,KKGI60,11226000.0,USD,60000,05/12/2014,10631.49,MYR,170.81
23/08/2012 11:31,ICJTKDWD70461179,Stocks,PKBF70,SHXQ48,56607.53,BIF,400,22/02/2016,85.35,USD,129.5
23/08/2012 11:32,WIDSJSCX45948717,Soma Drops,YFAM59,OCQF34,9949600.0,USD,80000,15/08/2013,124.37,USD,108.45
23/08/2012 11:32,YQIHQTSI49694469,Arc Reactors,VAHJ53,DOGG07,20786129.04,BWP,10000,27/06/2014,665.71,USD,2217.51
23/08/2012 11:33,WVARPFSM07610585,Stocks,QLCE04,WHPS18,1902600.0,USD,60000,20/09/2013,31.71,USD,26.64
23/08/2012 11:33,PFRRSJOM54470850,Death Notes,DVVB31,FJOI82,3136950.0,USD,9000,27/02/2014,348.55,USD,322.25
23/08/2012 11:33,TTUORIVU52127011,Hare Disks,VLJL11,LIIS96,713310.0,USD,3000,07/07/2014,237.77,USD,215.78
23/08/2012 11:34,UVZWSUJW99333269,Shell Bells,DREA89,TRFG21,1694040.0,USD,3000,25/08/2017,564.68,USD,622.25
23/08/2012 11:34,BQJBKOLC55933575,Radioactive Spiders,VGYT30,RJCA92,1877450.0,USD,5000,20/08/2017,375.49,USD,397.38
23/08/2012 11:36,CGEGDBAV64383427,Victory Gin,EWUY52,QETH27,15588.0,USD,400,26/11/2013,38.97,USD,36.32
23/08/2012 11:36,YZMOHLQE74187328,Sending Stones,GGLV00,ZEHM52,453568.0,USD,800,17/03/2014,566.96,USD,482.11
23/08/2012 11:36,RUYORBIQ12863429,Drums of Earthquake,AMBT33,DDIB11,9221600.0,USD,80000,01/07/2014,115.27,USD,126.18
23/08/2012 11:36,KKNXAGMR47803764,Stocks,AMBT33,FYYD57,1273500.0,USD,9000,26/12/2015,141.5,USD,157.76
23/08/2012 11:36,JOEGPLIF82203573,Stocks,IBLA29,EDYH00,46254.0,USD,600,29/01/2017,77.09,USD,90.88
23/08/2012 11:36,BQPYAAPI77433106,Replicators,SEKK26,SXTM39,25794.0,USD,300,16/02/2014,85.98,USD,80.04
23/08/2012 11:37,BSRDMCQP01825317,Stocks,ZMLP81,MFZY76,3184181.23,BOB,500,21/10/2017,147.97,USD,5927.93
23/08/2012 11:37,RECRQJWM57205937,Amulets of Yendor,CQPJ57,OPET16,266228.42,ZWD,300,17/11/2015,194.02,USD,1039.26
23/08/2012 11:38,JNPTRBXG06295332,Stocks,KUWI70,TRFG21,18850.79,KGS,800,21/05/2016,3.12,USD,21.48
23/08/2012 11:38,OIGPTVMP77157091,Stocks,QLMY86,SMYT95,297700.0,USD,2000,10/11/2014,148.85,USD,178.35
23/08/2012 11:38,QANYRYOS19112175,Kafel Masks,ZBIO05,LAUA80,1225385.32,ANG,20000,28/08/2013,7.43,USD,56.9
23/08/2012 11:38,UUDQWMOZ60379616,Stocks,YCZA59,CAVR54,589680.0,USD,4000,16/11/2014,147.42,USD,146.88
23/08/2012 11:38,HLFHDJMC44241710,Stocks,RLZK87,QLMY86,185400.0,USD,900,05/05/2017,206.0,USD,168.97
23/08/2012 11:38,XEAGMEON21601025,Stocks,PJKH65,RDBE21,1903200.0,USD,80000,08/02/2014,48.1,NZD,24.54
23/08/2012 11:38,MGUUSOKW57581031,Peace Bells,SAAM06,OKYS51,11308.46,XPF,500,07/06/2013,263.11,TMM,22.04
23/08/2012 11:39,VPFNSTPO11205916,Stocks,YLGZ72,WIZJ73,7392.0,USD,700,14/01/2017,34.75,HUF,9.19
23/08/2012 11:40,WUCEBTRD13860799,Stocks,INIL60,EKXA24,700600.0,USD,10000,06/12/2016,70.06,USD,76.48
23/08/2012 11:40,RMAUNTPD33823150,Stocks,QLCE04,OHKH76,11465.0,USD,500,10/05/2016,22.93,USD,19.05
23/08/2012 11:41,NRMXHDZI59983142,Stocks,OPET16,OKYS51,116820.0,USD,9000,18/11/2016,12.98,USD,12.25
23/08/2012 11:42,HSBGSGKI60948327,Stocks,CBOX52,TYAE14,879600.0,USD,10000,02/08/2014,87.96,USD,95.9
23/08/2012 11:42,EQSMUHSI13535454,Stocks,OCQF34,DVVB31,23587.0,USD,100,09/01/2017,235.87,USD,225.97
23/08/2012 11:42,OXFQQNKX30448469,Go-Pods,SZRJ90,QOKP03,385336.35,BTN,400,04/11/2017,127.72,USD,1179.33
23/08/2012 11:42,SCAXIKHT08891331,Cloaks of Invisibility,CAVR54,HPTP65,17345.0,USD,500,20/07/2016,34.69,USD,37.04
23/08/2012 11:43,XSHNCNMO84103158,Stocks,QOKP03,SRYE59,148500.0,USD,50000,13/03/2015,2.97,USD,2.79
23/08/2012 11:43,DGJZPXYE83879798,Stocks,IZLM67,RJUD59,48826.27,KGS,500,30/05/2016,12.93,USD,114.7
23/08/2012 11:43,MHOEPRFU32383485,Stocks,LAUA80,MDEQ10,73071.0,USD,900,28/11/2016,81.19,USD,78.55
23/08/2012 11:44,SVLQFLZY79284598,Stocks,ZVEN26,DREA89,10333.78,BND,400,13/02/2016,69.15,USD,30.22
23/08/2012 11:44,KNBIVRJN83142391,Stocks,ORQH73,YCZA59,188620.0,USD,2000,23/04/2013,94.31,USD,102.46
23/08/2012 11:45,CEWWDPRA73859701,Companion Cubes,UEVD88,EKXA24,425810.0,USD,7000,12/11/2017,60.83,USD,62.57
23/08/2012 11:45,ESNAJAHB50528308,Stocks,FGQR22,NCYN50,6040.0,USD,400,29/11/2015,15.1,USD,16.26
23/08/2012 11:45,CCSRAUPN81189897,Infinity Gauntlets,EKXA24,AGBH66,8105.0,USD,500,25/09/2016,16.21,USD,14.51
23/08/2012 11:45,YHAWTGCH44413818,Golden Fleeces,DJNE62,SWGF93,90275.0,USD,500,27/01/2014,180.55,USD,189.19
23/08/2012 11:46,UMVLFKXI22121961,Stocks,TQSJ85,WYFO79,316560.0,USD,4000,23/11/2015,79.14,USD,82.53
23/08/2012 11:46,JXRFZRFM65687846,Stocks,LIIS96,SAAM06,796600.0,USD,7000,21/01/2014,113.8,USD,115.09
23/08/2012 11:46,FKHASZEH84252722,Rings of Shock Resistance,OPZI26,RQGG65,2882871.52,ANG,5000,13/02/2016,69.92,USD,626.29
23/08/2012 11:46,THNFWXSC66877726,Stocks,DREA89,VVXA11,2529440.0,USD,8000,26/08/2016,316.18,USD,357.55
23/08/2012 11:47,BNDMKMAM37884755,Dragon Scales,EDYH00,KTLA69,213129.0,USD,900,07/03/2014,236.81,USD,261.51
23/08/2012 11:47,NTBJTJNG25722556,Cornuthaums,SXTM39,FGQR22,261774.21,SYP,500,10/07/2013,120.32,USD,603.84
23/08/2012 11:47,UFMFZIWH74623365,Stocks,SFZS08,DBCS17,26706.0,USD,300,09/11/2017,89.02,USD,90.6
23/08/2012 11:48,ASJCIUSR69238248,Ultra Balls,ISWT83,SAAM06,689200.0,USD,8000,08/12/2015,86.15,USD,94.48
23/08/2012 11:48,MTRMBMBD47438564,Moranth Shapers,XRBV61,ERHJ34,95195.39,LBP,100,02/03/2016,91.97,USD,791.27
23/08/2012 11:48,QJNAHCDI96006437,Palantiris,EMNK67,GIWG34,1324320.0,USD,3000,07/06/2017,441.44,USD,377.62
23/08/2012 11:49,CRJPKRPL42604053,Stocks,ERHJ34,UIKN63,3001000.0,USD,20000,08/01/2013,150.05,USD,164.96
23/08/2012 11:49,NBXCYASA85407810,Rings of Adornment,ZVEN26,VVXA11,599004.47,CHF,800,03/09/2014,91.46,USD,809.81
23/08/2012 11:50,NFKLOLWW48172373,Diverseys,GYWU23,TQSJ85,89040.0,USD,700,05/12/2014,127.2,USD,111.8
23/08/2012 11:51,NMVSOSQL66450982,Choice Scarfs,SMYT95,PVAZ61,5044025.32,AUD,700,12/06/2014,77.83,USD,8286.73
23/08/2012 11:51,LVUEWXJH70561619,Ultra Nanotech,ZNQA84,KKGY69,12238.0,USD,200,31/10/2017,581.28,SBD,63.77
23/08/2012 11:51,FJOMCNDY81116897,Stocks,SRYE59,RNZB01,8754.35,MWK,200,16/01/2016,7.14,USD,50.46
23/08/2012 11:51,LOCJEBMN27419678,Limit Break Manuals,OPET16,HSWX88,2134200.0,USD,20000,12/10/2017,4592.61,BOB,115.03
23/08/2012 11:51,QJXQNXZP72532480,Shell Bells,UHOG52,TRFG21,28234000.0,USD,50000,23/01/2017,564.68,USD,520.37
23/08/2012 11:51,XVNRINVK68016863,Stocks,FTFI87,PJKH65,143100.59,SGD,1000,28/10/2013,19.22,USD,154.5
23/08/2012 11:52,EOFJQPIT15588826,Metronomes,DREA89,YWMD69,4869500.0,USD,50000,27/08/2013,97.39,USD,102.86
23/08/2012 11:52,BZJCAXQU41787258,Stocks,LIIS96,FDWI64,136070.59,ARS,300,05/10/2014,22.4,USD,490.59
23/08/2012 11:52,QRFECMYL55522966,Stocks,PNFK78,GBEZ65,331850.0,USD,5000,01/09/2016,66.37,USD,76.26
23/08/2012 11:52,PPWYZVMC58116373,Stocks,ISWT83,DNIL23,70586.86,BND,900,14/08/2013,209.93,USD,69.47
23/08/2012 11:53,WGIRWLGO91682391,Potions of Fruit Juice,SMYT95,SRYE59,20348.0,USD,200,26/04/2014,101.74,USD,98.69
23/08/2012 11:53,ASGSLNTU39258462,3D Maneuver Gears,LAUA80,NXTO39,2280.98,NAD,300,26/09/2017,3.01,USD,7.02
23/08/2012 11:53,TJVNJQTO33360954,Stocks,ZFHD93,VLJL11,2418640.0,USD,8000,26/02/2015,302.33,USD,263.03
23/08/2012 11:53,EHBAFRXC03740900,Stocks,EIWJ22,TYAE14,17592.0,USD,200,11/08/2016,87.96,USD,88.81
23/08/2012 11:54,XIDKXBFO75644786,Stocks,MFZY76,AGBH66,64900.0,USD,400,12/11/2015,162.25,USD,165.46
23/08/2012 11:54,UKAHAKBK38617067,Z-crystals,RFZG50,QBAP68,254493.0,USD,900,07/03/2016,282.77,USD,313.78
23/08/2012 11:54,JAAWDPSB28604821,Stocks,MDEQ10,WVHK10,20914.0,USD,200,07/09/2017,104.57,USD,119.55
23/08/2012 11:54,TWLABXWS33322275,Stocks,QBAP68,UEVD88,179784.0,USD,900,23/06/2016,199.76,USD,158.76
23/08/2012 11:55,QXYIQFEG44555457,Stocks,DILF10,SZRJ90,189450.0,USD,900,23/05/2013,210.5,USD,236.15
23/08/2012 11:55,HSFLAWUZ69836909,Javelins,ORQH73,QHXJ50,289384.0,USD,800,14/06/2017,361.73,USD,319.23
23/08/2012 11:57,YFFVTKDA03071664,Kicking Boots,QOKP03,SHXQ48,31855445.82,LAK,90000,30/04/2013,82.06,USD,346.01
23/08/2012 11:57,DJKOAYZL46754900,Stocks,KRXZ15,BBJG05,1806489.84,PYG,1000,24/08/2014,202.46,USD,1754.65
23/08/2012 11:57,WYFGAAAZ23697459,Stocks,FGQR22,OUNH49,882720.0,USD,8000,26/01/2017,110.34,USD,98.79
23/08/2012 11:57,GGDOTAIJ70845780,Stocks,MKHA46,NQJL85,765900.0,USD,10000,12/02/2014,76.59,USD,70.84
23/08/2012 11:57,FDLRTRLF38147087,Lawgivers,DJNE62,FDWI64,24312.0,USD,300,01/08/2013,81.04,USD,74.48
23/08/2012 11:57,LWFAQAJJ89248514,Stocks,IJPI82,PVAZ61,96234.0,USD,600,09/12/2017,160.39,USD,193.85
23/08/2012 11:57,PNSYUDJI92780868,Daenarians,CAVR54,BBAX06,13032.0,USD,200,07/09/2017,1259.02,CAD,66.27
23/08/2012 11:58,FTKZKFJF42609320,Holy Hand Grenades,CMOI26,VLJL11,143206.0,USD,700,11/05/2015,204.58,USD,227.65
