dateOfTrade,tradeID,product,buyingParty,sellingParty,notionalAmount,notionalCurrency,quantity,maturityDate,underlyingPrice,underlyingCurrency,strikePrice
11/03/2013 00:00,AUBSHVLA77928810,Stocks,CQPJ57,IZTD25,46935.0,USD,500,29/08/2017,93.87,USD,84.79
11/03/2013 00:01,XKPSOLVF59492791,Adrenaline Orbs,PNFK78,MKHA46,123612.0,USD,600,18/09/2017,206.02,USD,213.71
11/03/2013 00:01,YDFKHUFH77351058,Samehadas,AMRO66,ZMLP81,38155535.2,MRO,50000,17/06/2014,298.16,USD,848.38
11/03/2013 00:01,WXEOUPWV14670009,Astro Boys,ZBIO05,VPTI00,5724721.73,KMF,800,16/06/2016,1029.33,USD,6289.07
11/03/2013 00:02,JSIURMXL67390085,Stocks,FAWI50,CVMG22,15078.7,BND,700,29/12/2016,59.72,USD,24.29
11/03/2013 00:02,SGQKAKPQ45973183,Arrowhead Disks,OHKH76,DJNE62,2061520.0,USD,8000,25/11/2018,257.69,USD,275.79
11/03/2013 00:02,SHLBSHZP75264727,Stocks,NCXS33,OPZI26,411631.54,SOS,4000,25/04/2016,34.69,USD,106.97
11/03/2013 00:02,EOUQEPSG70546128,Stocks,RNZB01,LWGE44,6042.0,USD,600,07/09/2014,10.07,USD,9.89
11/03/2013 00:02,DWSUWZPO02149452,Rejuvenation Tanks,RJCA92,PQSW95,145990.0,USD,200,07/05/2014,875.5,AED,799.5
11/03/2013 00:03,CBOTPNVV00581402,Stamina Pluses,RDBE21,EMNK67,2313.66,KRW,300,11/11/2018,31.01,USD,6.43
11/03/2013 00:03,XUUWDXLY93586553,Stocks,NGBA40,QOKP03,2404860.0,USD,6000,24/05/2017,400.81,USD,455.27
11/03/2013 00:03,GWQQMVBY93078478,Gold Bolts,FORM54,PNFK78,6553800.0,USD,20000,17/03/2018,327.69,USD,362.22
11/03/2013 00:03,HOCOAVTW99097384,Daenarians,CMOI26,BBAX06,49554.0,USD,900,14/01/2018,55.06,USD,57.93
11/03/2013 00:03,HCQCXPZK34314888,Stocks,QBAP68,ZVEN26,284000.0,USD,8000,25/01/2014,35.5,USD,37.27
11/03/2013 00:03,CEIFUAUY94305127,Infobots,SZRJ90,BMRZ75,8351100.0,USD,30000,07/01/2018,278.37,USD,244.32
11/03/2013 00:03,JBKVNDLQ25251030,Energon Cubes,FJOI82,VESX21,318606.0,USD,600,10/09/2015,531.01,USD,496.05
11/03/2013 00:04,ZVCPYYYV78749228,Frost Horns,BDBU00,BBJG05,1539783.45,ETB,500,12/11/2014,331.35,USD,2812.31
11/03/2013 00:04,TZQKUNME74977512,Icy Rocks,HHOA99,MFJJ99,246225.0,USD,700,10/09/2017,351.75,USD,339.03
11/03/2013 00:04,XTUSRXMO37917515,Peace Bells,JZTC69,OKYS51,644490.0,USD,9000,20/09/2018,71.61,USD,71.19
11/03/2013 00:04,IVCUWOXP15318806,Holy Hand Grenades,DGTY64,VLJL11,20937.0,USD,100,24/09/2018,209.37,USD,225.51
11/03/2013 00:05,WYSMEHOP39230013,Cloaks of Levitation,TQSJ85,NFAH30,107343.0,USD,300,25/05/2016,357.81,USD,331.45
11/03/2013 00:05,WCUMEGYO11071121,Rings of Levitation,IZLM67,VGYT30,23477400.0,USD,90000,09/05/2018,260.86,USD,269.42
11/03/2013 00:05,YBJIDQWR68754419,Stocks,INIL60,GSTD71,240431.98,MVR,400,07/07/2017,90.52,USD,542.42
11/03/2013 00:05,MEBRQBQS68723788,Stocks,PJKH65,NCYN50,2364.0,USD,200,25/10/2018,11.82,USD,13.14
11/03/2013 00:05,NEOXFQPF72810319,White Herbs,EDYH00,NCXS33,146588.0,USD,400,05/08/2014,366.47,USD,339.66
11/03/2013 00:05,NDEJAVOE51614532,X-12s,VXSM31,UWUK72,4728360.0,USD,7000,14/01/2015,6367.68,UGX,795.59
11/03/2013 00:05,QNGMGRWX66183234,Amulets of Restful Sleep,FGVK43,VGYT30,2272917.96,CNY,30000,28/10/2014,11.08,USD,73.87
11/03/2013 00:06,ARRBUNON51793784,Sticky Barbs,EKXA24,RQGG65,1416600.0,USD,9000,15/04/2017,157.4,USD,150.34
11/03/2013 00:06,LJUQOSXO66121059,Stocks,VIMV38,CUVZ50,253034.91,ZAR,600,04/08/2015,88.62,USD,457.16
11/03/2013 00:07,TWEVGZMH23374680,Stocks,OCQF34,SFZS08,31266.0,USD,200,11/08/2018,156.33,USD,140.68
11/03/2013 00:07,LNMPYQWB43243200,Stocks,AGBH66,RFZG50,127440.0,USD,2000,19/04/2018,63.72,USD,69.02
11/03/2013 00:07,KDTKORSS85025009,Djinns,AYIH50,BDBU00,779895.13,DJF,500,12/03/2014,178.48,USD,1587.49
11/03/2013 00:07,HNIBTJWZ32716720,Amulets of Strangulation,FDWI64,ERHJ34,69300.0,USD,700,21/05/2015,99.0,USD,87.19
11/03/2013 00:07,EWQGFYBH47201902,Stocks,ZBIO05,DNIL23,2291500.0,USD,10000,05/03/2014,229.15,USD,200.88
11/03/2013 00:07,YDXNNZZX57244598,Stocks,KKGI60,WVHK10,114786.0,USD,900,28/08/2017,127.54,USD,147.14
11/03/2013 00:07,JNTCORAO53261556,Infobots,ZFHD93,BMRZ75,137599404.48,KWD,60000,16/01/2017,278.37,USD,1940.48
11/03/2013 00:08,SNAFJBDX52834878,Gorgon Heads,VTKE98,KKZA87,188253.0,USD,900,01/12/2017,209.17,USD,233.89
11/03/2013 00:08,TXUGBJVJ26028908,Fumbles,IZTD25,JXGF57,1084040.0,USD,4000,10/04/2016,271.01,USD,322.84
11/03/2013 00:08,RFRLDSTR70776942,Stocks,VTKE98,SAAM06,475170.0,USD,3000,11/08/2018,158.39,USD,185.59
11/03/2013 00:08,JVYPWQAZ56322540,Rings of Gain Strength,IJPI82,OQXV70,39588.0,USD,400,30/12/2016,98.97,USD,113.81
11/03/2013 00:08,UKUSEPPX45926489,Stocks,CMOI26,CUVZ50,44310.0,USD,500,02/08/2014,88.62,USD,81.41
11/03/2013 00:09,TZRLULGW96635383,Stocks,BMRZ75,OKYS51,76920.0,USD,6000,31/10/2017,12.82,USD,14.5
11/03/2013 00:09,EETUAPMB86305748,Naryas,BBJG05,ISWT83,22460359.17,VUV,4000,26/02/2014,200.32,USD,6199.08
11/03/2013 00:09,ITAESUGE46038478,Stocks,VXSM31,DILF10,21690.0,USD,100,18/01/2015,216.9,USD,226.43
11/03/2013 00:09,BCJGDADI85165987,Stocks,FJOI82,VTKE98,12126130.77,KES,30000,20/01/2014,701.27,GHS,335.43
11/03/2013 00:10,VIZYWXBD51402591,Megacorp Helmets,SZRJ90,AHMZ79,88713.0,USD,900,06/11/2018,409.9,LAK,86.09
11/03/2013 00:10,UZNQMFNU16459251,Bablefish,LAUA80,TFLS35,128240.0,USD,1000,11/09/2016,128.24,USD,115.63
11/03/2013 00:10,CNURPMFM44339520,Stocks,FTFI87,VVBY18,8604.0,USD,200,28/04/2014,43.02,USD,49.28
11/03/2013 00:10,KPGWVWWN18536159,Stocks,LIIS96,OQXV70,689283.0,ALL,50000,23/01/2016,7.35,USD,15.1
11/03/2013 00:11,VEXXFUQG19878729,Daenarians,ZXVX98,BBAX06,9286287.46,BBD,2000,11/07/2016,55.06,USD,4790.16
11/03/2013 00:11,YAVZKHRG24534429,Phials of Galadriel,HNLV68,WIZJ73,16126206.66,CUP,30000,15/10/2017,212.98,USD,589.14
11/03/2013 00:11,HVIKXLAB26222339,Stocks,YLGZ72,DVVB31,1674640.0,USD,8000,08/09/2014,209.33,USD,222.32
11/03/2013 00:11,TOUNNQBD33390054,Stocks,DILF10,UACN81,170748.57,BRL,900,08/04/2014,17.82,USD,210.58
11/03/2013 00:11,POFDWHUR63955415,Stocks,KRXZ15,KKGY69,22830.0,USD,200,28/09/2014,114.15,USD,116.34
11/03/2013 00:11,KWNWRUTA16619625,Stocks,TVQQ54,SEKK26,83241.0,USD,900,18/05/2015,92.49,USD,87.27
11/03/2013 00:11,ZBTQAEGQ71186161,Dilithium Crystals,PJKH65,IZTD25,203622.0,USD,600,05/01/2018,339.37,USD,371.44
11/03/2013 00:11,VGGMKQAG85087449,Stocks,QBVN33,QOKP03,240486.0,USD,600,05/05/2014,400.81,USD,429.38
11/03/2013 00:11,NUCUEXMA08063437,Catbuses,YTAI13,DREA89,463698.0,USD,600,02/01/2017,772.83,USD,764.53
11/03/2013 00:12,JQBJTPIJ44733867,Stocks,UIKN63,FAWI50,178171.0,USD,700,07/02/2014,254.53,USD,286.54
11/03/2013 00:12,HHODQVBZ31240102,Stocks,TQSJ85,ITTS26,681074.76,KGS,400,15/11/2018,202.52,USD,1762.28
11/03/2013 00:12,KVWNPVSF80873779,Seastone Cuffs,MEOQ86,HXDA52,734040.0,USD,9000,14/05/2014,81.56,USD,73.01
11/03/2013 00:12,KUQSRAHZ53236138,Stocks,RFZG50,SXHU74,8771400.0,USD,90000,27/03/2018,97.46,USD,88.7
11/03/2013 00:12,MDOEZUOP65976759,Jumbonium Atoms,NXTO39,MYXF05,44082.0,USD,200,24/09/2018,220.41,USD,252.92
11/03/2013 00:13,WAMSYOSU59885994,T-1000s,EWUY52,GBEZ65,701840.0,USD,8000,22/01/2018,87.73,USD,76.2
11/03/2013 00:13,MGMEPWMI99847729,Feedbags,ESPL27,SUOX82,73441580.73,TZS,70000,29/09/2018,104.51,USD,1003.2
11/03/2013 00:13,OBABALKX69271696,Stocks,KKZA87,QMZU44,161761.91,ANG,100,07/06/2018,151.05,JMD,1491.79
11/03/2013 00:13,YHHHDETO69462234,Stocks,YLGZ72,MFZY76,11476000.0,USD,80000,18/11/2016,143.45,USD,162.68
11/03/2013 00:14,XJKUNHDC03479918,Stocks,BBJG05,SFEO61,36000.0,USD,8000,09/12/2014,142.71,INR,4.55
11/03/2013 00:14,JOIHZULT07953449,Stocks,HPTP65,SBUT62,276771.01,GEL,900,17/03/2015,67.85,USD,332.69
11/03/2013 00:14,ICIICXCQ71776157,Fumble Boots,ESPL27,QWOA67,304170.0,USD,3000,11/05/2018,101.39,USD,117.77
11/03/2013 00:14,ANHUXEHF54015454,Stocks,GYWU23,QWOA67,85985.0,USD,500,19/11/2018,171.97,USD,196.05
11/03/2013 00:14,YHLUMPPJ37490791,Amulets of Life Saving,ZNQA84,RDBE21,2180240.0,USD,8000,12/03/2018,245.6,BMD,316.5
11/03/2013 00:15,ALDGHFUL33605487,Stocks,UEVD88,CMOI26,1128102.8,BTN,800,29/03/2016,207.5,USD,1562.98
11/03/2013 00:15,TNOHPDZS34002565,Vibranium Bars,VCSF07,MSHS03,169136.0,USD,400,24/12/2017,422.84,USD,448.58
11/03/2013 00:16,NCZOWBNH69216844,Stocks,QBAP68,SWGF93,27210.0,USD,600,20/05/2015,45.35,USD,54.48
11/03/2013 00:16,BMIDHXBV44462353,Stocks,RJCA92,YCZA59,11810.0,USD,100,30/06/2017,11077.32,AUD,108.29
11/03/2013 00:16,POKOXRQO44395104,Chakra Puppets,AGBH66,MKHA46,102738.0,USD,300,24/10/2018,342.46,USD,362.89
11/03/2013 00:16,OOCXDZZA93511677,Stocks,SHXQ48,RFZG50,509760.0,USD,8000,20/10/2018,63.72,USD,70.45
11/03/2013 00:16,VFLNDKSK52444685,Quick Claws,TGZI54,INIL60,33510.0,USD,500,01/07/2016,67.02,USD,63.13
11/03/2013 00:16,OLEFUSUH09886973,Stocks,XHYN07,KRXZ15,2380050.0,USD,9000,08/08/2016,264.45,USD,244.36
11/03/2013 00:16,MQWWEAVK95943772,Stocks,BBJG05,EPZN28,15624.0,USD,400,22/08/2014,39.06,USD,36.5
11/03/2013 00:17,LDUWPVPE68821119,Stocks,CBOX52,MHFC34,7779100.0,USD,70000,27/11/2018,111.13,USD,115.9
11/03/2013 00:17,LAAOWPZZ81253480,Stocks,HYSJ42,LBKT00,2676.0,USD,400,12/08/2015,6.69,USD,7.09
11/03/2013 00:18,KZRCSZEX84638510,Romulan Ale,XHYN07,SMYT95,60570.0,USD,600,08/02/2015,100.95,USD,117.75
11/03/2013 00:19,GVJYUIMQ43484718,Stocks,VXSM31,WYFO79,72131072.58,SDG,90000,29/10/2015,90.11,USD,704.9
11/03/2013 00:19,CBKTKLTX48908416,Stocks,OQXV70,LAUA80,10366120.2,NOK,50000,25/03/2018,178.68,USD,224.8
11/03/2013 00:19,FODMQRWW43230339,Levitators,PKBF70,HWHS51,2850254.82,JOD,10000,11/07/2017,100.03,USD,322.57
11/03/2013 00:19,JLWLSGRF65087190,Stocks,HNLV68,SUOX82,645800.0,USD,4000,19/04/2014,161.45,USD,153.64
11/03/2013 00:19,UVWRUKTX81336776,Stocks,TKVF94,WIZJ73,5982.0,USD,600,03/02/2018,9.97,USD,11.18
11/03/2013 00:19,SZMRPPVE95210563,Stocks,WWNS72,BBJG05,359034.14,SZL,500,05/05/2017,178.11,USD,666.53
11/03/2013 00:20,ZVNAXCBP59477640,Master Balls,YSSR29,DOGG07,44512.9,SZL,100,03/11/2015,110.41,USD,506.6
11/03/2013 00:20,ULIQJHVC38222175,Stocks,ITTS26,AMBT33,40020.0,USD,3000,17/05/2017,13.34,USD,15.01
11/03/2013 00:20,BQSZXZOZ01284463,Mermaid Coins,OKYS51,FAWI50,99386.0,USD,700,28/11/2017,141.98,USD,133.72
11/03/2013 00:20,YBWTCMLP48046627,Dilithium Crystals,FAWI50,IZTD25,26056285.61,FJD,8000,30/06/2016,339.37,USD,3623.17
11/03/2013 00:21,CZYOHQGS27287340,Destiny Knots,DNIL23,XRBV61,190800.0,USD,8000,23/11/2016,23.85,USD,25.23
11/03/2013 00:21,DAHXYNER47489931,Light Clays,NGBA40,NCXS33,34128.78,DKK,400,23/04/2014,61.48,USD,89.98
11/03/2013 00:21,ETWBABEH77556961,Stocks,VKMV12,ZFHD93,75753.0,USD,900,26/07/2014,84.17,USD,87.22
11/03/2013 00:21,BEEJZBMY98561332,Terondais,ZNQA84,QXFF29,10758600.0,USD,60000,01/11/2015,179.31,USD,206.18
11/03/2013 00:21,EBOXFQGB46494149,Stocks,CMOI26,VESX21,864660.0,USD,6000,22/06/2016,144.11,USD,143.68
11/03/2013 00:22,EEPWMASY44938887,Earth Harps,OQXV70,JCWS17,1632200.0,USD,10000,09/07/2016,163.22,USD,209.2
11/03/2013 00:22,CMSXZNTW86593094,Stocks,FYYD57,CVMG22,238880.0,USD,4000,15/06/2017,59.72,USD,56.16
11/03/2013 00:22,JRDKZFLJ72165569,Horcuxes,DVVB31,LBKT00,1531440.0,USD,8000,07/06/2018,191.43,USD,209.45
11/03/2013 00:22,QDFCLIES39088567,Stocks,EPZN28,JVHD93,38460.0,USD,6000,30/07/2014,6.41,USD,6.17
11/03/2013 00:22,NUNTTSLY35507432,Stocks,VVXA11,ORQH73,9735843.84,BMD,40000,21/04/2018,270.08,USD,287.82
11/03/2013 00:22,HASBSSUG68173592,Stocks,CQPJ57,LWGE44,2014.0,USD,200,10/02/2014,10.07,USD,8.82
11/03/2013 00:22,HERQPZIY39830243,Millennium Eyes,DDIB11,CIXF70,2950500.0,USD,7000,20/05/2014,421.5,USD,440.59
11/03/2013 00:22,RVNSEMYY92885968,Stocks,ISWT83,NCXS33,553080.0,USD,4000,04/12/2014,138.27,USD,159.78
11/03/2013 00:23,KWOPITNH66853187,Stocks,LIJW00,TYAE14,6819.0,USD,100,04/09/2017,68.19,USD,74.45
11/03/2013 00:23,GGBBPGAV47426434,Stocks,ZELV96,JVHD93,38460.0,USD,6000,15/12/2017,6.41,USD,6.75
11/03/2013 00:23,OMSQXVCD18605595,Stocks,TBVE46,VIMV38,156712.0,USD,800,08/08/2018,1528.92,SGD,229.11
11/03/2013 00:24,FMIXMIBJ81647570,Metronomes,IJPI82,YWMD69,128793.0,SAR,200,23/04/2016,95.69,USD,711.32
11/03/2013 00:24,GSMIFJSF37418943,Hare Disks,CMOI26,LIIS96,24045.0,USD,100,28/08/2015,2144.5,AWG,214.86
11/03/2013 00:24,TQPGHZOZ84976187,Leftovers,CMZC67,NXTO39,2376569.03,TZS,800,07/06/2015,295.92,USD,3236.25
11/03/2013 00:24,NXDOYMYO13299189,Stocks,UACN81,QXFF29,32300.0,USD,1000,06/05/2018,32.3,USD,28.37
11/03/2013 00:24,YLSHZFQC89073118,Stocks,DNIL23,HHOA99,11232.0,USD,900,08/07/2016,12.48,USD,11.7
11/03/2013 00:24,XRHKDISQ43077633,Transporters,ESPL27,QMZU44,311082.34,IRR,100,15/10/2015,278.05,USD,3506.89
11/03/2013 00:24,QVJBZHXM63076084,Baku Disks,UEVD88,QWOA67,14976.0,USD,600,04/11/2018,24.96,USD,28.13
11/03/2013 00:24,TYFNNPTQ46217499,Stocks,QBAP68,DJNE62,30732.0,USD,300,20/08/2016,744.47,CLP,113.91
11/03/2013 00:24,DRAAHNRO92158968,Nitro Powder Blocks,UHOG52,LWGE44,23408.0,USD,100,27/01/2014,234.08,USD,210.56
11/03/2013 00:24,YIRVQEOV48457922,Teeth of the Dragon,FJOI82,HWJF09,30052200.0,USD,60000,02/09/2018,500.87,USD,432.24
11/03/2013 00:24,XFAFYWPZ04710947,Stocks,MFJJ99,SUOX82,6458000.0,USD,40000,30/04/2017,161.45,USD,178.68
11/03/2013 00:25,DGXUONLQ39808351,Tachyons,CQPJ57,PNFK78,15691200.0,USD,70000,18/06/2015,224.16,USD,241.44
11/03/2013 00:25,NIUMBSCE09176516,Stocks,DREA89,BBJG05,53433.0,USD,300,18/06/2015,178.11,USD,194.3
11/03/2013 00:26,JSFDRDWG35154776,Fire Flowers,SUOX82,TQSJ85,54848100.6,JOD,50000,12/08/2014,384.98,USD,959.18
11/03/2013 00:27,FJRNAWQY04753159,Scooby Snacks,WWNS72,YCZA59,53676.0,USD,400,07/10/2018,134.19,USD,114.79
11/03/2013 00:27,UBDCZWCY73983922,Philosopher Stones,GBEZ65,IJPI82,10395.0,USD,100,12/06/2016,103.95,USD,112.49
11/03/2013 00:27,VAVXEVHX39358333,Stocks,VESX21,THJF58,5106.0,USD,200,21/01/2017,25.53,USD,25.8
11/03/2013 00:27,ANOWIDGY83788946,Kicking Boots,FGQR22,SHXQ48,64504.0,USD,800,13/08/2018,80.63,USD,70.85
11/03/2013 00:27,JHNNKMZE11894855,Stocks,YOQG45,VESX21,532998.04,BDT,500,20/07/2014,144.11,USD,1177.73
11/03/2013 00:27,WKPHPXQD94012340,Flame Orbs,YLGZ72,BDBU00,80358.0,USD,600,25/08/2014,133.93,USD,150.99
11/03/2013 00:27,GDERAHMS05614747,Strongest Potions,KUWI70,VVXA11,75672.94,GTQ,2000,14/03/2015,80.23,USD,44.52
11/03/2013 00:28,JXVZCDLU01598277,Red Cards,ZFHD93,JVHD93,34934.0,USD,100,28/07/2018,349.34,USD,392.02
11/03/2013 00:28,IHHNBLHB72460053,Stocks,PNFK78,ZEHM52,69040.0,USD,800,20/03/2016,86.3,USD,99.88
11/03/2013 00:28,VTPYSHPC90754351,Stocks,YFAM59,THJF58,659493.51,SLL,7000,22/12/2017,25.53,USD,76.17
11/03/2013 00:28,RASIDRGR15426672,String of Beads,AGBH66,FTFI87,21409.95,NZD,3000,28/01/2014,3.37,USD,8.06
11/03/2013 00:28,VBWAJOXF68490365,Stocks,SUOX82,VKMV12,21774.0,USD,300,17/03/2018,72.58,USD,83.87
11/03/2013 00:28,VMOZKRFC08310762,Stocks,NXTO39,RQGG65,4953.0,USD,100,18/02/2016,49.53,USD,42.9
11/03/2013 00:29,FOTHIOXG56036101,T-800s,AGBH66,QAZT26,1714121.26,TOP,600,31/01/2015,300.47,USD,2945.52
11/03/2013 00:29,IJIFPLFC76882916,Scrolls of Blank Paper,SWGF93,EPZN28,62166.0,USD,200,26/01/2014,310.83,USD,279.63
11/03/2013 00:29,HECBBHEW76382424,Exorcism Slips,IZTD25,GSTD71,31074.0,USD,200,13/08/2014,155.37,USD,139.8
11/03/2013 00:30,ZOKKAXIS99466168,Stocks,LAUA80,ZELV96,6376.0,USD,400,29/07/2017,15.94,USD,18.54
11/03/2013 00:30,MLGHMBRU82068339,Djinns,YTAI13,BDBU00,1249360.0,USD,7000,31/01/2014,178.48,USD,205.22
11/03/2013 00:30,LMSXCWBR17137404,Amulets of Yendor,FDWI64,OPET16,459980.0,USD,2000,19/10/2014,229.99,USD,273.89
11/03/2013 00:30,DHCRRLTV38987271,Stocks,JCWS17,KRRO64,16320600.0,USD,60000,07/06/2018,272.01,USD,262.92
11/03/2013 00:31,ARIOHIAR76283380,Arc Reactors,LKPN86,DOGG07,3535200.0,USD,5000,05/06/2016,707.04,USD,849.93
11/03/2013 00:31,TLMXGHXU95175595,Stocks,AYIH50,NCXS33,967890.0,USD,7000,14/02/2017,138.27,USD,158.04
11/03/2013 00:31,CWISHWRI86658915,Zelo Nuts,CMOI26,NCXS33,16876.0,USD,200,27/01/2015,84.38,USD,91.71
11/03/2013 00:31,FIZORSUO42400923,Stocks,KTLA69,WWNS72,434000.0,USD,2000,24/02/2015,217.0,USD,248.71
11/03/2013 00:31,MLYAFBJY18733104,Stocks,VVXA11,UFAY59,10519200.0,USD,90000,25/07/2016,116.88,USD,132.56
11/03/2013 00:32,FVGTOQID73684789,Stocks,RJCA92,IBLA29,202758.0,USD,600,19/11/2018,337.93,USD,383.68
11/03/2013 00:32,TSQRBTXU74078664,Stocks,YSSR29,JZTC69,1899749.03,DJF,1000,08/10/2016,217.38,USD,1948.9
11/03/2013 00:32,RXVASEYF70091384,Stocks,BPLN25,GYWU23,49140.0,USD,3000,13/07/2014,16.38,USD,13.8
11/03/2013 00:32,ZYVIVUIY05284869,Carpenters,CUVZ50,FGVK43,25313.0,USD,100,25/11/2018,253.13,USD,286.44
11/03/2013 00:33,NANUCUYB43641543,Bombchus,UWUK72,OPET16,11903559.22,UYU,600,30/01/2016,508.6,USD,21033.42
11/03/2013 00:33,WFZVOURV64594681,Alpha-Omega Bombs,NCCX02,SAAM06,1005118.72,BYR,200,21/02/2018,2453.05,OMR,4513.45
11/03/2013 00:33,IZGNPIAI38129321,Vilyas,EWUY52,IIZF28,23694956.29,KYD,8000,03/03/2014,396.64,USD,2647.54
11/03/2013 00:33,KPNSZASM08975291,Rare Candies,SBUT62,PIFN94,487615.31,PYG,600,14/01/2018,112.46,USD,783.67
11/03/2013 00:33,JLCMJOWW93035258,Rapids,KKGI60,KEVJ11,637310.7,ZWD,900,27/08/2016,162.6,USD,736.21
11/03/2013 00:33,BAQESAVD70099351,Sticky Barbs,LWGE44,RQGG65,1259200.0,USD,8000,22/01/2018,157.4,USD,144.01
11/03/2013 00:33,TAQOKSLW08983394,Simarils,NCCX02,TVQQ54,9862200.0,USD,90000,01/04/2017,131.43,AED,96.17
11/03/2013 00:33,EWBOPHWY05607104,Faerie Tonics,BBJG05,QOKP03,693940.0,USD,2000,28/08/2015,346.97,USD,314.73
11/03/2013 00:33,TWPJMTOG34741659,Stocks,XRBV61,ZNQA84,65891.0,USD,700,09/12/2018,94.13,USD,94.21
11/03/2013 00:33,UHJZVBOM89600667,Stocks,WVHK10,VVXA11,284020.0,USD,1000,11/05/2014,284.02,USD,277.73
11/03/2013 00:34,WJDWYUAP02533331,Stocks,SWGF93,VVBY18,53669.6,LAK,300,04/02/2016,83.67,LSL,160.48
11/03/2013 00:34,UCXQLDEF76053451,Stocks,ZSXF19,QHXJ50,41220.0,USD,500,27/07/2014,82.44,USD,93.31
11/03/2013 00:34,JKYGNJSS96378063,Spears of Destiny,UWUK72,YLGZ72,104221.06,OMR,1000,15/06/2015,25.27,USD,92.34
11/03/2013 00:34,WTIXHLGJ52931748,Super Soldier Serums,FGQR22,YOQG45,50548.0,USD,400,14/07/2016,126.37,USD,134.38
11/03/2013 00:34,XKEQLJJD64305633,Stocks,ZDAI73,KKGI60,157330.0,USD,1000,30/11/2014,157.33,USD,149.89
11/03/2013 00:34,FQUSNUJJ02357555,Stalkers,TYAE14,TKVF94,3416600.0,USD,10000,03/10/2016,1752.37,MZN,387.32
11/03/2013 00:34,DAYNISAO66028105,Stocks,EPZN28,FGQR22,4282.76,BAM,900,11/07/2017,13.12,USD,4.5
11/03/2013 00:34,TAXVRLCT41796014,Stocks,IIZF28,SRYE59,1064.0,USD,400,17/12/2018,2.66,USD,2.28
11/03/2013 00:35,VTSAWDTE12896564,Red Shells,MDEQ10,THJF58,88434.0,USD,900,20/03/2016,98.26,USD,80.77
11/03/2013 00:35,EQOJDCVQ57026417,Stocks,KKGY69,SRYE59,26600.0,USD,10000,07/11/2016,2.66,USD,2.86
11/03/2013 00:35,WDGMXNLR01805768,Keys of the Ram,WWNS72,BBAX06,38575.0,USD,100,31/03/2018,385.75,USD,447.3
11/03/2013 00:35,QRQACRMJ11395538,Golden Fleeces,UEVD88,SWGF93,70585.0,USD,500,26/04/2015,141.17,USD,143.22
11/03/2013 00:35,HMCLGTSW10567319,Stocks,ZFHD93,ZMLP81,639590.09,MUR,300,05/02/2016,38.44,USD,2409.94
11/03/2013 00:35,KQVHPVLY36422153,Mermaid Coins,HNLV68,FAWI50,14198.0,USD,100,30/12/2016,141.98,USD,123.2
11/03/2013 00:35,JAQGNUPG63612167,Stocks,AHMZ79,HXDA52,60758837.58,XAF,70000,03/10/2015,226.74,USD,918.95
11/03/2013 00:36,HXKYDUMO95046595,Shinigami Eyes,UEVD88,GIWG34,98670.0,USD,1000,10/09/2015,88.92,BMD,89.29
11/03/2013 00:36,HYZJAZCH09451542,Nemesis Whips,YCZA59,ORQH73,15736.0,USD,400,16/12/2014,39.34,USD,35.76
11/03/2013 00:36,DDHMRKHR62787167,Stocks,FAWI50,LIIS96,31842.0,USD,200,17/05/2014,159.21,USD,136.93
11/03/2013 00:36,TCSDCGXW04795782,X-Antibodies,MHFC34,ZDAI73,2261838.39,LYD,600,28/11/2017,1876.02,CZK,4064.26
11/03/2013 00:37,KMZOUYBK53571837,Alpha-Omega Bombs,QODV38,SAAM06,4163460.0,USD,7000,04/02/2015,594.78,USD,523.67
11/03/2013 00:37,HAKHWEDP79281216,Go-Pods,OHKH76,QOKP03,1088624.41,GBP,700,07/03/2015,142.55,USD,1329.86
11/03/2013 00:37,ZSBUKSTR79499037,Stocks,QAZT26,RLZK87,1152120.0,USD,6000,08/12/2018,192.02,USD,204.6
11/03/2013 00:38,FPDDPRWP53769796,Assault Vests,QODV38,LIIS96,2418900.0,USD,6000,06/10/2018,403.15,USD,442.57
11/03/2013 00:38,AUPMFMEO39889405,Stocks,QETH27,DILF10,1084500.0,USD,5000,21/07/2017,216.9,USD,208.86
11/03/2013 00:38,UYPMLGON43846668,Stocks,UHOG52,ZFHD93,58919.0,USD,700,08/03/2017,262.79,BHD,90.63
11/03/2013 00:38,HKCTEUGP93554436,Stocks,IZTD25,WWNS72,49230.79,NAD,100,06/08/2018,217.0,USD,394.44
11/03/2013 00:38,PFSSPSFF61506444,Stocks,VLJL11,NCYN50,35460.0,USD,3000,12/07/2014,11.82,USD,9.92
11/03/2013 00:38,GGOLIEHQ36755691,Stocks,WIZJ73,AWYB85,217940.0,USD,2000,10/07/2015,108.97,USD,101.36
11/03/2013 00:38,TKYXJADU51418639,Stocks,QODV38,SZRJ90,1861290.0,USD,9000,02/12/2018,206.81,USD,229.0
11/03/2013 00:39,XJJVWVUX59864657,Octiron Bars,BBAX06,SRYE59,184338.0,USD,900,19/01/2014,204.82,USD,232.9
11/03/2013 00:39,JIUXYCVJ26725162,Rings of Warning,MYXF05,HNLV68,120102195.15,RWF,90000,23/02/2017,199.35,USD,1164.26
11/03/2013 00:39,ZTCTECEA53781114,Fumble Boots,ZSXF19,QWOA67,475100.36,RWF,700,24/02/2018,101.39,USD,558.12
11/03/2013 00:39,RNDAVJXJ23410631,Absorb Bulbs,KKGI60,ITTS26,190779.57,ISK,300,14/02/2015,200.92,USD,676.7
11/03/2013 00:39,FJNHHBFC46217565,Stocks,HWHS51,MSHS03,22254.0,USD,200,25/04/2015,111.27,USD,102.9
11/03/2013 00:39,DEEVKQOW50439197,Stocks,HXDA52,KKZA87,4291.95,XPF,300,18/05/2014,39.94,USD,15.47
11/03/2013 00:39,USVUEIVA40758109,Niflheim Alloy Bars,TBVE46,HPTP65,387595.89,KZT,5000,12/03/2016,22.13,USD,68.01
11/03/2013 00:40,ANRXPBVD05806415,Amulets of Shinnok,ZMLP81,VTKE98,12483456.0,KGS,40000,16/02/2014,37.12,USD,292.7
11/03/2013 00:40,AQUIXNAG16669717,Rejuvenation Tanks,QWOA67,PQSW95,2919800.0,USD,4000,08/09/2014,729.95,USD,619.21
11/03/2013 00:40,HXONLYJI84314173,Reflectors,DBCS17,VIMV38,580360.0,USD,1000,26/11/2014,580.36,USD,609.73
11/03/2013 00:41,NLJAZJLY61481884,Stocks,MFJJ99,UFAY59,184174.83,YER,200,23/03/2018,116.88,USD,844.92
11/03/2013 00:41,FCJLTEVJ69050167,Shrouds of Turin,QOKP03,QODV38,124840.0,USD,400,02/09/2017,312.1,USD,283.37
11/03/2013 00:41,YWUOFXFZ25632184,Stocks,THJF58,KEVJ11,12620.0,USD,1000,15/04/2018,66.12,TTD,14.47
11/03/2013 00:41,KDMUZVFS50027416,Elven Boots,ZMLP81,RFZG50,8559.19,LKR,900,20/09/2018,7.15,USD,8.21
11/03/2013 00:42,IIAREWXT97930733,Naryas,DILF10,ISWT83,168184.67,AED,700,14/05/2016,2185.43,GBP,221.18
11/03/2013 00:42,ADUFMWQS23017363,Rift Crackers,QAZT26,LKPN86,94232.0,USD,800,12/04/2016,117.79,USD,137.44
11/03/2013 00:42,FZETWIFD95575312,Flame Orbs,XRBV61,BDBU00,133930.0,USD,1000,27/05/2016,133.93,USD,122.87
11/03/2013 00:42,EJMCKDLS96012080,Stocks,VPTI00,JCWS17,17836000.0,USD,80000,10/08/2017,222.95,USD,250.96
11/03/2013 00:42,XIBMPBSK51171819,Stocks,OCQF34,FGQR22,14275.87,BAM,3000,23/07/2018,63.05,ZMK,5.17
11/03/2013 00:43,TBTLKSQX39881337,Stocks,CMZC67,OKYS51,5128.0,USD,400,06/04/2015,12.82,USD,11.93
11/03/2013 00:43,FFZKJPVJ75303784,Lucky Cat Paws,QLMY86,SFZS08,812120.0,USD,4000,25/05/2018,203.03,USD,192.92
11/03/2013 00:43,BQEKNPDC28568569,Stocks,SFEO61,IIZF28,2944673.26,CNY,4000,20/08/2014,377.12,KZT,801.28
11/03/2013 00:43,RKBBCCWD97083601,Saibamen Seeds,YTAI13,YCZA59,518730.43,KMF,300,10/09/2017,1884.6,MDL,1685.07
11/03/2013 00:43,RWIWBLSA89393597,Sending Stones,LWGE44,ZEHM52,129244.0,USD,200,14/09/2014,304.76,GTQ,733.25
11/03/2013 00:44,UUGEDIDF92031705,Stations,JZTC69,YFAM59,8593500.0,USD,30000,30/07/2017,286.45,USD,255.52
11/03/2013 00:44,QGBONLMO90564084,Stocks,ZELV96,QOKP03,1603240.0,USD,4000,14/04/2016,400.81,USD,414.08
11/03/2013 00:44,HXHJLDXF30321134,Stocks,PVAZ61,QXFF29,1615000.0,USD,50000,10/04/2018,32.3,USD,27.92
11/03/2013 00:44,AAXNFAST82363360,Meat Sticks,KEVJ11,SFZS08,97600.0,USD,500,09/07/2018,195.2,USD,226.19
11/03/2013 00:44,GQTKUJAI76848877,Madman's Knowledges,VTKE98,CAVR54,3225780.0,USD,9000,11/09/2016,358.42,USD,404.83
11/03/2013 00:45,NWXVPSIE38552496,Stocks,FYYD57,QOKP03,10664151.27,XCD,1000,28/04/2015,400.81,USD,11519.08
11/03/2013 00:45,BROJTHJH12599524,Stocks,LIIS96,PVAZ61,71900.0,USD,500,04/05/2016,143.8,USD,164.85
11/03/2013 00:45,UJJEEYAA92424263,Potions of Water,TVQQ54,HHOA99,1711998.36,HNL,6000,01/02/2018,139.35,USD,307.3
11/03/2013 00:46,TFJHDSCN18757455,Stocks,CIXF70,IBLA29,304137.0,USD,900,23/11/2018,337.93,USD,325.88
11/03/2013 00:46,PDSGULYF00514183,Doodle Disks,ZFHD93,QWOA67,2908060.8,JMD,30000,09/01/2015,117.64,USD,89.05
11/03/2013 00:46,HNNTPYIU24616407,Millennium Scales,PBFW95,VXSM31,2774.98,XPF,100,01/05/2014,77.47,USD,25.82
11/03/2013 00:46,WXQXLHTV37178830,Millennium Puzzles,RFZG50,XHYN07,3152.0,USD,200,14/10/2018,15.76,USD,14.36
11/03/2013 00:46,KIAKFIVN84501793,BFG 9000s,GBEZ65,QCRG59,9087815.68,RSD,80000,14/03/2014,114.56,USD,101.5
11/03/2013 00:47,LASTJSZH40716005,Adrenaline Orbs,CBOX52,MKHA46,82408.0,USD,400,21/04/2016,206.02,USD,208.69
11/03/2013 00:47,IAMASGNU17816016,Blood Dregs,VVXA11,MDEQ10,1062371.7,KGS,900,18/08/2018,140.4,USD,1039.45
11/03/2013 00:47,UVIITYJO70888975,Stocks,VTKE98,SZRJ90,186129.0,USD,900,22/03/2017,206.81,USD,217.25
11/03/2013 00:47,WVLCWZYU16414858,Millennium Keys,LIIS96,JXGF57,3819360.0,USD,8000,18/04/2014,3244.45,BTN,517.83
11/03/2013 00:48,EUEDCUHT63286471,Rings of Protection from Shape Changers,VESX21,QCRG59,27517.0,USD,100,15/09/2017,275.17,USD,233.1
11/03/2013 00:48,RQNCHNDV59586925,Holy Rings,HXDA52,WYFO79,26896.0,USD,800,11/04/2018,33.62,USD,30.06
11/03/2013 00:48,ZXUETGMI40381097,Arrowhead Disks,OKYS51,DJNE62,19445774.43,HRK,700,20/11/2017,257.69,USD,24434.1
11/03/2013 00:48,NGSDSRRS77771621,Stocks,SAAM06,DJNE62,71708.0,USD,700,18/09/2017,102.44,USD,111.82
11/03/2013 00:48,ARQLYHSL18481532,Ent-draught,OHKH76,LIJW00,25088.0,USD,800,14/03/2015,31.36,USD,35.41
11/03/2013 00:48,BKGYEHEB31165848,Momentum Gliders,ZDAI73,SRYE59,80236.18,JMD,600,13/09/2014,162.29,USD,147.81
11/03/2013 00:48,EPCRQABF39664303,Behelits,FJOI82,QCRG59,2942064.09,MWK,500,13/02/2016,955.65,USD,5340.0
11/03/2013 00:49,JAHZKSGD52203534,Stocks,IIZF28,UACN81,534600.0,USD,30000,19/11/2015,17.82,USD,19.75
11/03/2013 00:49,ICUZMHIM36214290,Stocks,PKBF70,EDYH00,1781400.0,USD,30000,13/09/2016,59.38,USD,53.44
11/03/2013 00:50,ZQNMSPMN52596238,Stocks,GBEZ65,FDWI64,52432.55,BHD,900,26/11/2016,18.66,USD,62.98
11/03/2013 00:50,DHOQFRGS57629176,Stocks,KTLA69,NCYN50,135783.43,SVC,3000,27/07/2015,11.82,USD,48.24
11/03/2013 00:50,NOAYDXPT22446817,Water Walking Boots,YLGZ72,BMRZ75,548840.0,USD,2000,20/07/2017,274.42,USD,257.26
11/03/2013 00:50,DJHZZOXQ60538058,Stocks,SMYT95,KKZA87,31952.0,USD,800,01/01/2015,39.94,USD,38.66
11/03/2013 00:50,YCZNYAQK87811997,Dust Cannisters,OCQF34,DNIL23,1601070.0,USD,3000,07/09/2014,533.69,USD,591.41
11/03/2013 00:50,LXULLKQK66351390,Stocks,VCSF07,OCQF34,69880.0,USD,500,08/02/2015,139.76,USD,155.59
11/03/2013 00:51,WYHMOUIO17490882,Stocks,MKHA46,DDIB11,15822.0,USD,900,23/07/2018,17.58,USD,14.73
11/03/2013 00:51,GFBOAYOQ16801203,Stocks,IJPI82,AGBH66,509532.34,XPF,8000,19/11/2014,177.81,USD,57.05
11/03/2013 00:51,HDWGRUNF83915447,Stocks,TGZI54,KKGI60,314660.0,USD,2000,08/06/2018,157.33,USD,172.69
11/03/2013 00:51,XASDSQGR08205423,SMILEs,BDBU00,WVHK10,226060.0,USD,1000,21/08/2017,226.06,USD,250.87
11/03/2013 00:51,GGDKKKRS96869932,Stocks,DDIB11,HHFP66,12016200.0,USD,70000,16/07/2018,171.66,USD,165.08
11/03/2013 00:52,LJVLVKVG93240739,Nano-paks,OCQF34,VLJL11,54525800.0,USD,70000,06/07/2017,778.94,USD,927.93
11/03/2013 00:52,BWBZHLRZ99511391,Stocks,FYYD57,SMYT95,149120.0,USD,1000,11/05/2017,149.12,USD,143.27
11/03/2013 00:52,YAZPHHQF37813373,Stocks,SHXQ48,ZFHD93,67336.0,USD,800,10/05/2014,84.17,USD,75.04
11/03/2013 00:52,BXRXFMTA14242853,Stocks,FTFI87,MRAH32,3366600.0,USD,30000,30/11/2014,112.22,USD,108.93
11/03/2013 00:52,HWBGXFMN91765373,Arrowhead Disks,ZSXF19,DJNE62,15461400.0,USD,60000,10/09/2015,257.69,USD,221.99
11/03/2013 00:52,KVWDHTVZ81680875,Quick Claws,SZRJ90,INIL60,2607078.0,LSL,20000,03/04/2016,67.02,USD,140.06
11/03/2013 00:52,VALTQLRV19824962,Blue Flutes,WHPS18,TYAE14,137406.0,USD,600,28/09/2017,229.01,USD,243.92
11/03/2013 00:52,FNKTXMDV84618301,Stocks,FAWI50,OPZI26,138760.0,USD,4000,11/05/2014,34.69,USD,37.3
11/03/2013 00:53,SGRKKRIR52629665,Stocks,TKVF94,YWMD69,119670.0,USD,600,22/08/2018,199.45,USD,214.29
11/03/2013 00:53,DENZRAZD22880330,Z-crystals,DNIL23,QBAP68,87604.0,USD,400,02/10/2016,219.01,USD,222.99
11/03/2013 00:53,MADYIKRP92554614,Stocks,HNLV68,PBFW95,93487.76,DKK,400,29/07/2017,168.41,USD,201.16
11/03/2013 00:53,GKXEIBRT22172357,Crystal Balls,ISWT83,QETH27,36568.0,USD,100,21/08/2017,365.68,USD,402.89
11/03/2013 00:53,TRGNJWGT97397120,Gundams,YOQG45,SBUT62,1323720.0,USD,4000,10/07/2015,330.93,USD,343.07
11/03/2013 00:54,BKNYUTHK28516164,Soma Drops,LIJW00,OCQF34,1176000.0,USD,8000,22/10/2015,147.0,USD,127.04
11/03/2013 00:54,GKJGLRCD65860743,Stocks,OPZI26,JCWS17,15606500.0,USD,70000,04/03/2015,222.95,USD,252.59
11/03/2013 00:54,LKHLSDZU67291838,Shaman Bone Blades,TQSJ85,QLCE04,6513000.0,USD,50000,01/04/2016,130.26,USD,152.55
11/03/2013 00:54,EESFLDKI27005767,Stocks,SUOX82,LBKT00,535200.0,USD,80000,12/11/2017,6.69,USD,7.29
11/03/2013 00:54,MGVUNPOC67407994,Phials of Galadriel,KKZA87,WIZJ73,21298.0,USD,100,22/09/2015,212.98,USD,183.74
11/03/2013 00:55,WYCWYGHU01846426,Stocks,VAHJ53,KRRO64,163206.0,USD,600,20/07/2015,272.01,USD,244.61
11/03/2013 00:55,GFTOWUDQ25760960,Silver Apples,HSWX88,KUWI70,1063760.0,USD,4000,31/05/2017,34222.86,GNF,290.88
11/03/2013 00:55,ZPWYBGCG33622106,Stocks,FAWI50,GIWG34,282400.0,USD,80000,27/08/2017,9.64,PGK,3.32
11/03/2013 00:55,TNNMATJX38717315,Stocks,GGLV00,FGQR22,30780.04,TND,400,18/09/2018,13.12,USD,84.95
11/03/2013 00:55,MGZOOSIP91452732,Key of Kings,FGVK43,KKZA87,52099.66,NZD,200,22/10/2016,123.01,USD,235.5
11/03/2013 00:55,AFDIASSM44507665,Stocks,LIJW00,KRXZ15,7933500.0,USD,30000,21/10/2016,264.45,USD,234.53
11/03/2013 00:55,LWQDNZMJ34267239,Death Notes,WHPS18,FJOI82,32225968.0,NPR,80000,27/11/2016,353.2,USD,371.96
11/03/2013 00:55,ENJNUONM06666779,Stocks,OHKH76,FYYD57,111704.0,USD,800,18/04/2015,139.63,USD,147.66
11/03/2013 00:55,PZWDXJFB67336568,Vorpal Swords,SEKK26,OQXV70,53846.0,USD,200,05/04/2018,269.23,USD,304.69
11/03/2013 00:55,BYPEAKCT60547881,Stocks,VVBY18,HHOA99,528577.92,NZD,20000,17/10/2014,12.48,USD,29.04
11/03/2013 00:56,WUSRZEYX25156101,Millennium Rings,GYWU23,NCYN50,625500.0,USD,50000,11/02/2014,12.51,USD,11.43
11/03/2013 00:56,GFFAIASP94076367,Curiel Greens,FGVK43,VPTI00,266497.0,USD,700,21/06/2014,380.71,USD,384.02
11/03/2013 00:56,OVRTPBYL29968972,Duff,WHPS18,WIZJ73,36781.49,KRW,500,05/12/2014,295.79,USD,59.35
11/03/2013 00:56,DIJXNBID52086771,Momentum Gliders,JZTC69,SRYE59,146061.0,USD,900,06/04/2016,162.29,USD,167.84
11/03/2013 00:56,MTNZNEBE47767831,Stocks,CBOX52,SFZS08,78165.0,USD,500,24/07/2017,156.33,USD,177.27
11/03/2013 00:56,ZDUSUVXK68089448,Stocks,YFAM59,AGBH66,291267.0,HNL,800,28/01/2015,177.81,USD,377.86
11/03/2013 00:56,DIWQYAAX78714581,Stocks,UFAY59,TVQQ54,393750.0,USD,5000,18/06/2018,78.75,USD,86.78
11/03/2013 00:57,VHOHKUPX06161143,Alpha-Omega Bombs,EWUY52,SAAM06,118956.0,USD,200,13/04/2017,594.78,USD,545.78
11/03/2013 00:57,PESEYZIF25509539,Stocks,WVEI17,CMZC67,22353.0,USD,300,26/03/2017,74.51,USD,84.01
11/03/2013 00:57,TSPSGDYL05206092,Argonaughts,SFZS08,GYWU23,13781600.0,USD,40000,22/02/2015,344.54,USD,383.22
11/03/2013 00:58,KTOQJKME42536976,Levitation Boots,CMZC67,FAWI50,41045.0,USD,500,23/03/2014,82.09,USD,93.17
11/03/2013 00:58,AVWTCKOV97576349,Millennium Rings,UEVD88,NCYN50,100080.0,USD,8000,07/10/2017,12.51,USD,10.84
11/03/2013 00:58,ERJAUGWP55291896,Stocks,HYSJ42,CUVZ50,79758.0,USD,900,08/05/2015,88.62,USD,76.32
11/03/2013 00:58,EHBIXJHM84165538,Stocks,PQSW95,ZXVX98,112851.0,USD,900,22/06/2014,125.39,USD,136.54
11/03/2013 00:58,TPAQRFTX59897412,Stocks,EKXA24,LIIS96,1114470.0,USD,7000,25/12/2016,159.21,USD,156.3
11/03/2013 00:59,UURGKNIG78358583,Stocks,JVHD93,YWMD69,19945.0,USD,100,03/03/2014,199.45,USD,212.51
11/03/2013 01:00,HHYQUEUZ10835478,Jumbonium Atoms,FGVK43,MYXF05,211487.8,AED,800,03/07/2014,220.41,USD,301.09
11/03/2013 01:00,QMETGZOM88813382,Stocks,DGTY64,ZDAI73,3346400.0,USD,20000,16/02/2014,186.6,CRC,175.65
11/03/2013 01:00,OSCJVXUR84068802,Stocks,JZTC69,OPET16,10555.52,LSL,900,06/12/2017,6.03,USD,10.05
11/03/2013 01:00,WPVYYMYM60123558,Gold Dust,QOKP03,QBVN33,192240.0,USD,3000,13/03/2015,64.08,USD,62.73
11/03/2013 01:00,YYQJFIGH25386517,Stocks,HWHS51,TKVF94,1369597.35,CUC,10000,26/03/2016,163.34,BZD,157.23
11/03/2013 01:00,QNURWOFZ30422973,Scrolls of Seals,QMZU44,WWNS72,1146540.0,USD,6000,30/01/2015,191.09,USD,190.89
11/03/2013 01:00,XYJQPUEB85879557,Valaryian Steel Bars,SEKK26,OPZI26,7895157.57,MKD,8000,23/03/2018,236.62,USD,880.1
11/03/2013 01:00,DTPZCLMG94382894,Amulets of Yendor,ORQH73,OPET16,165914.79,BND,2000,31/05/2016,229.99,USD,74.09
11/03/2013 01:01,SQRDSLLR88123114,Digi-eggs,SWGF93,BBAX06,250816.53,SYP,400,23/10/2017,121.81,USD,703.39
11/03/2013 01:01,HHHNAMYG94208957,Stocks,SFEO61,VTKE98,1349800.0,USD,20000,21/09/2017,67.49,USD,59.28
11/03/2013 01:01,LCCXTHHB40019019,Stocks,RJCA92,RDBE21,5781.0,USD,300,31/05/2016,40.15,KHR,17.27
11/03/2013 01:01,DHCMOORU39229154,Rings of Invisibility,HYSJ42,GGLV00,6361200.0,USD,60000,30/09/2014,106.02,USD,114.29
11/03/2013 01:01,QBVVRWRP71488916,Limit Break Manuals,OPET16,HSWX88,296310.0,USD,3000,08/07/2015,98.77,USD,104.63
11/03/2013 01:02,UBLCUEXI28425506,Stocks,XRBV61,VVXA11,472571221.32,MUR,30000,08/03/2016,284.02,USD,13960.02
11/03/2013 01:02,LIPBCLME91731205,Sigils,HWHS51,DDIB11,8828400.0,USD,70000,20/10/2018,126.12,USD,134.35
11/03/2013 01:03,YZLPWZBT53393308,Amulets of Yendor,AMBT33,OPET16,160993.0,USD,700,10/11/2014,229.99,USD,240.08
11/03/2013 01:03,XEXAIOFM04945703,Stocks,CVMG22,TFLS35,34036.99,KMF,200,03/03/2017,24.48,USD,195.81
11/03/2013 01:03,KLXCPHXU21403496,Map-o-matics,OPET16,KKGI60,53006.0,USD,100,03/09/2014,530.06,USD,509.64
11/03/2013 01:03,CFLWUULD27565665,Infobots,KUWI70,BMRZ75,2226960.0,USD,8000,15/06/2017,278.37,USD,308.03
11/03/2013 01:04,QJMWNIRA21358623,Stocks,OCQF34,YCZA59,7086000.0,USD,60000,12/04/2015,118.1,USD,124.3
11/03/2013 01:04,ZAFDCUZR38353860,Night Dust,ZELV96,QLMY86,79566465.59,COP,4000,07/11/2015,253.83,USD,16580.85
11/03/2013 01:04,FFSTGQKO11473066,Mana Ore,MDEQ10,JCWS17,488500.0,USD,5000,11/02/2018,97.7,USD,90.05
11/03/2013 01:04,XHURHMPO37226665,Amulets of Life Saving,RJUD59,RDBE21,1635180.0,USD,6000,18/05/2014,272.53,USD,256.34
11/03/2013 01:05,MPRBMDWV84826128,Death Notes,HSWX88,FJOI82,35320.0,USD,100,23/12/2018,353.2,USD,319.47
11/03/2013 01:05,VXGUYZCZ82904485,Stocks,EMNK67,AYIH50,75480.0,USD,600,17/06/2017,125.8,USD,118.96
11/03/2013 01:05,SIBJHFNN96320511,Stocks,JZTC69,RDBE21,5781.0,USD,300,27/05/2015,19.27,USD,15.72
11/03/2013 01:05,WIPZLSHB27459810,Stations,RDBE21,YFAM59,572900.0,USD,2000,29/12/2014,286.45,USD,256.68
11/03/2013 01:05,COPYTVQF99908097,Garu Disks,ERHJ34,KUWI70,252801.7,EGP,3000,02/04/2016,19.04,USD,90.42
11/03/2013 01:05,RBTQNPOG48430235,Magic Lamps,ZSXF19,JVHD93,156195.85,MWK,800,19/08/2014,31.71,USD,178.24
11/03/2013 01:05,MEWUKJSX18403094,Meow Meow Beans,QMZU44,UEVD88,21647012.56,COP,1000,16/02/2014,276.23,USD,22728.99
11/03/2013 01:05,ZREFFSQC71012342,Stocks,KKGY69,CIXF70,144990.0,USD,3000,01/03/2018,48.33,USD,52.38
11/03/2013 01:06,AOTDVMYB32866817,Clank Model Robots,EWUY52,QETH27,623210.0,USD,7000,06/01/2017,89.03,USD,77.19
11/03/2013 01:06,VAPVRHFH64651425,Nemean Cestuses,LAUA80,JCWS17,382900.0,USD,700,08/02/2018,547.0,USD,455.72
11/03/2013 01:06,LNFHQSKC29893269,Potions of Booze,RNZB01,YWMD69,29135.0,USD,500,07/06/2018,58.27,USD,62.44
11/03/2013 01:06,LFSKCEZQ91738104,Stocks,EMNK67,BDBU00,74687.26,BZD,100,21/02/2017,122.04,USD,841.0
11/03/2013 01:06,DJKEBJKB75962054,Tasters,CQPJ57,MKHA46,2788170.0,USD,7000,04/11/2018,398.31,USD,457.45
11/03/2013 01:07,DTKCCGBL68623414,Old Hunter Bells,VVBY18,WYFO79,204272.0,USD,800,18/05/2014,255.34,USD,273.67
11/03/2013 01:07,HLBMUWAA15048030,Goldy Charms,QBAP68,UEVD88,8133.0,USD,300,12/12/2018,27.11,USD,25.15
11/03/2013 01:07,UNPOFNOH38473507,Stocks,ESPL27,FDWI64,7464.0,USD,400,22/01/2014,18.66,USD,20.09
11/03/2013 01:07,FIQESEIF95587326,Stocks,AHMZ79,CAVR54,709650.0,USD,5000,09/03/2018,141.93,USD,129.73
11/03/2013 01:07,RACEOLFJ43221221,BFG 9000s,DJNE62,QCRG59,801920.0,USD,7000,09/06/2016,114.56,USD,112.17
11/03/2013 01:08,SSXCLJEQ85904939,Stocks,LAUA80,KKGI60,1101310.0,USD,7000,05/03/2016,157.33,USD,145.57
11/03/2013 01:08,OFRCUPGP70330669,Choice Bands,TYAE14,AMRO66,1072880.0,USD,8000,15/06/2016,134.11,USD,148.16
11/03/2013 01:08,FSRVRCFV96297078,Stocks,YWMD69,OPZI26,31221.0,USD,900,27/06/2015,34.69,USD,32.26
11/03/2013 01:08,PJBPWGXD25383419,Stocks,RDBE21,VTKE98,42575.39,BMD,700,15/05/2018,67.49,USD,63.12
11/03/2013 01:08,CSPSLDZM69962026,Golden Peaches,IZLM67,HPTP65,156995.0,USD,500,06/03/2018,313.99,USD,274.64
11/03/2013 01:08,DRPBOBTH97577927,Stocks,KRXZ15,YOQG45,29770.0,USD,1000,31/12/2017,29.77,USD,26.03
11/03/2013 01:08,XMWQYXTS27348468,Stocks,ZFHD93,MEOQ86,34440.0,USD,7000,18/02/2016,5.9,AED,4.37
11/03/2013 01:08,FRENEFZO37095740,Stocks,OHKH76,MFJJ99,40182.0,USD,600,01/10/2017,66.97,USD,74.0
11/03/2013 01:08,SKIDYBUK07784095,Earth Harps,BMRZ75,JCWS17,1305760.0,USD,8000,10/02/2015,163.22,USD,146.99
11/03/2013 01:08,CBEHBKAU50864266,Stocks,CIXF70,EDYH00,41566.0,USD,700,20/07/2018,59.38,USD,51.66
11/03/2013 01:08,MSTJIPFB73828544,Stocks,UACN81,CVMG22,477760.0,USD,8000,04/04/2015,59.72,USD,52.66
11/03/2013 01:09,KMPXBFMI67752487,Stocks,RJCA92,TBVE46,1420688.35,SDG,900,19/06/2014,1687.48,TOP,1634.0
11/03/2013 01:09,OKFKXHXS19506162,Power Herbs,LKPN86,SFZS08,4158900.0,USD,30000,16/07/2016,138.63,USD,159.41
11/03/2013 01:09,JCMWSNVX69129448,Terondais,LIIS96,QXFF29,17931.0,USD,100,27/04/2016,179.31,USD,182.07
11/03/2013 01:09,IZEIUGSY42516519,Turbo Ethers,ZSXF19,VPTI00,820000.0,USD,20000,08/02/2018,128.01,BHD,43.74
11/03/2013 01:10,LCVUJMNT45190855,Sensu Beans,JXGF57,MFJJ99,3304480.0,USD,8000,28/08/2016,860.69,KHR,377.48
11/03/2013 01:10,RCENJHGN82369630,Stocks,XRBV61,CVMG22,2388800.0,USD,40000,08/10/2017,59.72,USD,51.85
11/03/2013 01:10,OOPBYMWF15114398,Stocks,SHXQ48,ISWT83,18852393.36,CAD,7000,20/12/2017,157.87,USD,2278.34
11/03/2013 01:10,KFXSUQCU84569079,Infiltrators,MEOQ86,BDBU00,44753600.0,USD,80000,08/06/2018,559.42,USD,511.85
11/03/2013 01:10,WOIPFWVE81590664,Stocks,WYFO79,IZTD25,37548.0,USD,400,14/09/2014,93.87,USD,77.77
11/03/2013 01:10,UNNUBBRV50311537,Stocks,QBVN33,HXDA52,204066.0,USD,900,27/06/2014,226.74,USD,189.52
11/03/2013 01:10,ZMWXMJRT67806252,Stocks,PJKH65,PNFK78,141540.0,USD,700,14/04/2015,202.2,USD,219.61
11/03/2013 01:11,XWQTIWAO95158837,Stocks,SEKK26,QOKP03,8016200.0,USD,20000,25/11/2017,400.81,USD,458.12
11/03/2013 01:11,EZIZYSFP16092313,Amulet Coins,ISWT83,ESPL27,445372.47,ALL,800,20/05/2014,296.82,USD,515.38
11/03/2013 01:11,EBNFIHWC10192183,Alpha-Omega Bombs,CMZC67,SAAM06,237912.0,USD,400,21/10/2015,594.78,USD,618.41
11/03/2013 01:11,TCCGAYSK19903467,Stocks,ERHJ34,HWJF09,53499.0,USD,300,25/01/2016,178.33,USD,168.66
11/03/2013 01:11,LPSOHCVR81180931,Stocks,CBOX52,HHOA99,416070.72,SRD,6000,15/06/2016,12.48,USD,58.92
11/03/2013 01:12,ITPZQJKB62070800,Stocks,TRFG21,NGBA40,17612.0,USD,200,22/03/2018,88.06,USD,79.82
11/03/2013 01:12,PBQGTWOI66875684,Helms of Opposite Alignment,FDWI64,EMNK67,19982.0,USD,100,23/09/2014,199.82,USD,232.82
11/03/2013 01:12,SWHQKEUI23486558,Stocks,GSTD71,ZFHD93,589190.0,USD,7000,17/03/2016,896.12,BRL,92.03
11/03/2013 01:12,VVSSZPFZ38022460,Stocks,AHMZ79,BMRZ75,167670.0,USD,600,04/10/2015,279.45,USD,305.58
11/03/2013 01:13,THCQTHTC84870334,Mental Herbs,QLCE04,HSWX88,5285400.0,USD,20000,11/05/2018,264.27,USD,276.84
11/03/2013 01:13,IBLLUZUF55590384,Flames of Apollo,VPTI00,FTFI87,16013700.0,USD,90000,11/01/2018,177.93,USD,190.71
11/03/2013 01:13,FMZNYURK89878088,Stocks,SAAM06,WWNS72,1519000.0,USD,7000,31/10/2017,217.0,USD,202.13
11/03/2013 01:13,OZQIJYMY05522416,Full Faces,HYSJ42,QLCE04,308154.0,USD,700,31/07/2018,440.22,USD,489.3
11/03/2013 01:14,HRWQTZXQ68179631,Stocks,WVEI17,PQSW95,75640.0,USD,4000,23/10/2015,18.91,USD,15.48
11/03/2013 01:14,USTBOZIF46038948,Simarils,YWMD69,TVQQ54,9862200.0,USD,90000,25/10/2018,109.58,USD,124.77
11/03/2013 01:14,MVGPUXOT21827957,Stocks,RJCA92,NCXS33,41481.0,USD,300,13/01/2015,138.27,USD,138.52
11/03/2013 01:15,EFQKHKER66055094,Ruby Slippers,NGBA40,FYYD57,9272.0,USD,200,01/11/2016,46.36,USD,46.11
11/03/2013 01:15,ZPSVBYOH12206204,Assault Vests,UEVD88,LIIS96,120945.0,USD,300,22/05/2017,403.15,USD,457.27
11/03/2013 01:15,YSSLBUDL59384960,Stocks,PNFK78,KEVJ11,1135800.0,USD,90000,12/04/2014,12.62,USD,11.88
11/03/2013 01:15,FKVBGISG98843087,Djinns,HHOA99,BDBU00,1427840.0,USD,8000,21/01/2018,799.27,SCR,192.97
11/03/2013 01:17,QRQPFXQE76475620,Stocks,OPET16,HWJF09,918577.83,NGN,30000,18/05/2016,178.33,USD,30.73
11/03/2013 01:17,HQWTRGDQ25123155,Dark Planet Cola,CVMG22,HWHS51,352900.0,USD,5000,10/06/2018,70.58,USD,67.9
11/03/2013 01:17,RDKWCGOB72471012,Valars,ZXVX98,KKGY69,54936.0,USD,200,10/09/2015,274.68,USD,286.15
11/03/2013 01:18,BNAZJLXP96034451,Curiel Greens,TFLS35,VPTI00,228426.0,USD,600,11/09/2018,380.71,USD,357.7
11/03/2013 01:19,RTBXWVOU32730491,Stocks,WVEI17,MFJJ99,602730.0,USD,9000,01/08/2018,66.97,USD,73.0
11/03/2013 01:19,EUMYFBJV83293141,Stocks,UIKN63,VVXA11,2559588.24,BMD,10000,16/09/2016,2416.44,CHF,246.75
11/03/2013 01:20,VTOEIYMY96421148,Stocks,KRRO64,SEKK26,55494.0,USD,600,26/02/2017,92.49,USD,100.5
11/03/2013 01:20,SEUNQCPC21571172,Bablefish,KRRO64,TFLS35,89768.0,USD,700,27/08/2017,128.24,USD,118.33
11/03/2013 01:21,TTEWCWIB99764649,Owls of Athena,LBKT00,WIZJ73,4904400.0,USD,20000,01/11/2014,245.22,USD,265.97
11/03/2013 01:21,EQHWSZQH04370362,Lead Elixirs,VXSM31,NGBA40,33717702.6,ETB,30000,14/12/2014,120.93,USD,1238.95
11/03/2013 01:21,WHTCMGLM54679059,Oo-Rays,IBLA29,SFEO61,2945000.0,USD,10000,05/05/2017,294.5,USD,353.62
11/03/2013 01:22,BSTXBVUZ50170880,Stocks,DJNE62,LIIS96,1116665.51,PKR,700,11/09/2015,159.21,USD,1492.65
11/03/2013 01:22,RCEGRTRR66153030,Pokedexes,CVMG22,HXDA52,15518.0,USD,100,13/03/2017,155.18,USD,165.32
11/03/2013 01:22,OKJYFMHB65557335,Fridays,DVVB31,SEKK26,7304225.67,IQD,6000,19/05/2014,1740.59,CAD,1298.18
11/03/2013 01:22,SPIGPUHQ47412293,Lawgivers,RJCA92,FDWI64,39196.03,JMD,600,20/08/2015,707.07,AWG,60.79
11/03/2013 01:22,GOBWUDYS06546223,Carpenters,NFAH30,FGVK43,25313.0,USD,100,03/03/2016,253.13,USD,238.48
11/03/2013 01:22,HCGAIEFB78710055,Stocks,NCCX02,ZFHD93,168340.0,USD,2000,19/08/2014,84.17,USD,74.61
11/03/2013 01:22,YJDNFGIO68585053,Stocks,WVHK10,UHOG52,18585.0,USD,700,26/01/2018,26.55,USD,27.94
11/03/2013 01:23,WCMSXZKM00289265,Stocks,TKVF94,HHFP66,102996.0,USD,600,19/05/2016,171.66,USD,153.39
11/03/2013 01:23,MNFWZBJA81571608,Stocks,FGQR22,ZVEN26,828932.1,PAB,2000,04/06/2017,35.5,USD,393.03
11/03/2013 01:23,IYISMEWJ43084159,Stocks,ZNQA84,FGVK43,166344.01,ETB,600,19/02/2015,29.83,USD,248.2
11/03/2013 01:23,JRSQWFOM74665472,Stocks,HFLM11,KTLA69,12275.0,USD,100,22/11/2018,122.75,USD,115.48
11/03/2013 01:24,KIMCLJKF70585148,Star Rubies,UWUK72,GYWU23,125616.0,USD,400,23/07/2014,314.04,USD,291.67
11/03/2013 01:24,RETALRNN88565036,Treasure Mappers,LWGE44,EMNK67,11640000.0,USD,80000,29/10/2016,145.5,USD,133.84
11/03/2013 01:24,WSHFKLAM02814048,Stocks,TYAE14,GZED20,125178.0,USD,600,03/08/2018,208.63,USD,178.59
11/03/2013 01:25,KQEJCXSY97913855,Stocks,MFJJ99,EDYH00,1602369.3,HKD,6000,20/05/2015,59.38,USD,232.4
11/03/2013 01:25,IJYEHTYJ42154662,Stocks,EIWJ22,QMZU44,219438.57,LKR,900,03/08/2015,183.31,USD,254.66
11/03/2013 01:25,YYSVPXQA12902332,Stocks,HSWX88,LKPN86,124040.49,SEK,700,25/06/2015,197.76,SLL,187.17
11/03/2013 01:26,NTCQULEJ53966245,Keys of the Ram,KRXZ15,BBAX06,231450.0,USD,600,17/11/2016,385.75,USD,354.69
11/03/2013 01:26,GYYDGHQV03149994,Stocks,ZMLP81,ZBIO05,9472.0,USD,400,17/07/2014,23.68,USD,19.72
11/03/2013 01:26,OVHNMMAD88048753,Stocks,CMZC67,TRFG21,218400.0,USD,70000,20/05/2015,3.12,USD,3.13
11/03/2013 01:26,ZYPUCFAW32995127,Stocks,PKBF70,YSSR29,14443565.11,UAH,9000,02/02/2016,51.72,USD,1531.37
11/03/2013 01:26,DKANRXJD48029832,Rings of Hunger,GSTD71,ITTS26,20559600.0,USD,90000,14/04/2016,228.44,USD,270.01
11/03/2013 01:26,LICMVWUJ45838514,Millennium Scales,FGVK43,VXSM31,23241.0,USD,300,24/03/2016,77.47,USD,69.31
11/03/2013 01:26,LPQWTMCS94928562,Razor Fangs,EDYH00,YSSR29,1040200.0,USD,70000,13/01/2016,14.86,USD,15.25
11/03/2013 01:26,YEWJEQJN48721144,Stocks,YWMD69,VXSM31,8182.88,NGN,600,03/02/2017,79.43,USD,15.39
11/03/2013 01:26,CZYUMSXL92119783,Stocks,RJCA92,WVEI17,91560.0,USD,1000,05/04/2017,91.56,USD,103.14
11/03/2013 01:27,IPJUMBWD30964372,Stocks,NXTO39,SRYE59,1862.0,USD,700,22/01/2014,2.66,USD,3.13
11/03/2013 01:28,DDAZDBLA44991744,Stocks,FGQR22,DVVB31,17144964.32,HNL,40000,13/02/2016,209.33,USD,360.66
11/03/2013 01:28,ILYPXDTW66391166,Stocks,DOGG07,SBUT62,610650.0,USD,9000,18/05/2017,67.85,USD,60.0
11/03/2013 01:29,HSUXBXRN90564364,Stocks,NFAH30,OQXV70,2205.0,USD,300,26/12/2018,7.35,USD,7.85
11/03/2013 01:29,PZXLYXVF86309919,Rings of Teleportation,SEKK26,CBOX52,944129.74,CLP,700,29/12/2014,185.59,USD,1532.43
11/03/2013 01:29,ARZUZMTH36114052,Stocks,ORQH73,QLCE04,337000.0,USD,4000,18/08/2018,84.25,USD,74.78
11/03/2013 01:30,YCUCOVNL18973810,Stocks,WVEI17,LIJW00,32895.0,USD,300,21/10/2018,109.65,USD,89.05
11/03/2013 01:30,ZTCBDQLI71497184,Stocks,OPET16,FORM54,131760.0,USD,8000,08/05/2014,16.47,USD,17.14
11/03/2013 01:30,MGPLYBCS17917245,Stocks,BPLN25,OHKH76,200160.0,USD,8000,24/08/2017,25.02,USD,26.86
11/03/2013 01:30,OQUWTGGK65485915,Hexagonal Crystals,HHFP66,BBJG05,105924.0,USD,400,29/12/2016,264.81,USD,284.85
11/03/2013 01:30,FBLPSZHB66396164,Stocks,GGLV00,LBKT00,4683.0,USD,700,20/02/2018,6.69,USD,5.41
11/03/2013 01:30,OQMBDVTX92774307,Silver Apples,MEOQ86,KUWI70,1585959.78,FKP,800,11/05/2015,7454.46,VUV,1854.19
11/03/2013 01:30,RWNCOTDF06498897,Nails of Helena,SUOX82,JVHD93,17163200.0,USD,40000,19/07/2016,429.08,USD,376.68
11/03/2013 01:30,LHFQGLJG65915984,Lavenders,SWGF93,KTLA69,2514150.0,USD,9000,19/07/2017,279.35,USD,249.32
11/03/2013 01:31,XBGJWCYS75332728,Stocks,DDIB11,PKBF70,17432100.0,USD,90000,08/04/2018,193.69,USD,221.28
11/03/2013 01:31,SCESTWLA13771991,Drops,YFAM59,MEOQ86,12701000.0,USD,50000,10/06/2014,254.02,USD,194.99
11/03/2013 01:31,IMNWKPZG61877583,Stocks,ISWT83,SMYT95,1360570.88,NPR,8000,25/03/2018,149.12,USD,147.52
11/03/2013 01:31,HSAGUEMP23444130,Gadgetrons,OKYS51,SHXQ48,13758.0,USD,600,18/08/2015,22.93,USD,24.93
11/03/2013 01:31,NYHZEGEY77664087,Philosopher Stones,CVMG22,IJPI82,1791079.29,MXN,3000,21/05/2017,103.95,USD,693.28
11/03/2013 01:32,GRMLYXTD24808590,Stocks,ZNQA84,KKGY69,121455.6,IDR,200,01/03/2014,114.15,USD,674.63
11/03/2013 01:32,UIHZZIBF26798982,Ambrosia,AWYB85,FGVK43,163620.0,USD,3000,15/09/2016,54.54,USD,52.06
11/03/2013 01:33,AUENACCT91255115,Premium Nanotech,CMZC67,DREA89,20317800.0,USD,60000,14/12/2018,338.63,USD,363.86
11/03/2013 01:33,TUORRQRK54582231,Scrolls of Mail,JZTC69,UACN81,76440.0,USD,3000,04/08/2016,25.48,USD,27.41
11/03/2013 01:33,BZPCQHUL03269947,Stocks,VVBY18,ESPL27,73394.11,RWF,200,03/11/2014,54.82,USD,407.61
11/03/2013 01:33,GZJEGPNI81821680,Dino Disks,QXFF29,MHFC34,113520.0,USD,4000,04/07/2016,28.38,USD,32.48
11/03/2013 01:33,QTBKGAYK17199532,Triforces,SZRJ90,SFEO61,6093600.0,USD,40000,30/03/2017,152.34,USD,138.91
11/03/2013 01:33,LLZBAJSH66401354,Stocks,EPZN28,IIZF28,12845452.9,IQD,10000,05/08/2017,173.32,BIF,969.22
11/03/2013 01:34,BAHEKGLH41976279,Stocks,WYFO79,OCQF34,1118080.0,USD,8000,05/09/2016,139.76,USD,128.7
11/03/2013 01:34,HBFJZAOW53408603,Focus Sashes,UWUK72,SZRJ90,218994.84,DKK,5000,08/12/2018,31.56,USD,45.59
11/03/2013 01:34,SUQVFNCJ29258963,Shining Coins,JZTC69,NCCX02,145124.0,USD,400,22/10/2017,362.81,USD,337.21
11/03/2013 01:34,CHWHKLLQ99448782,Stocks,UWUK72,PBFW95,416848.43,TRY,4000,10/08/2016,168.41,USD,115.24
11/03/2013 01:34,AEHDSVFM66180128,Unicorn Horns,SXTM39,TGZI54,188152.0,USD,800,05/08/2017,235.19,USD,182.99
11/03/2013 01:35,ILESMCBM39664625,Steel Soul Sake,HXDA52,WHPS18,47628.0,USD,400,04/08/2017,119.07,USD,115.0
11/03/2013 01:35,EEBVMFEL62643033,Stocks,SBUT62,CMZC67,7451.0,USD,100,17/01/2018,74.51,USD,62.04
11/03/2013 01:35,TKFPARVG00771864,Potions of Sickness,UACN81,DREA89,27600300.0,USD,90000,09/03/2018,1761.33,MXN,252.13
11/03/2013 01:35,JKHPOQHY06914313,Holy Hand Grenades,ZEHM52,VLJL11,385835.41,HNL,900,23/02/2015,209.37,USD,470.06
11/03/2013 01:36,EYMDRGUB26156651,Stocks,SZRJ90,FJOI82,6326600.0,USD,70000,30/08/2018,90.38,USD,99.68
11/03/2013 01:36,HXJOSBHW12814508,T-1000s,NFAH30,GBEZ65,232070.41,SEK,800,20/11/2015,87.73,USD,233.15
11/03/2013 01:36,VMAZBYVV08453030,Stocks,NCCX02,QETH27,824.0,USD,400,19/07/2015,2.06,USD,2.04
11/03/2013 01:38,JOWDQYAX33220866,Stocks,KKGY69,RDBE21,17343.0,USD,900,28/02/2015,19.27,USD,22.95
11/03/2013 01:38,TBHZPMGE07706845,War Gongs,GZED20,ZSXF19,53742.0,USD,600,18/11/2017,89.57,USD,104.54
11/03/2013 01:38,DGWAKSSM32542658,Amulets of Yendor,GYWU23,OPET16,91996.0,USD,400,15/03/2016,679.99,WST,198.73
11/03/2013 01:38,JMCWVPYY18339470,Blood Dregs,THJF58,MDEQ10,4940760.24,TND,6000,17/12/2017,140.4,USD,698.54
11/03/2013 01:38,YLWFAYSF46279774,Old Hunter Bells,WVHK10,WYFO79,76602.0,USD,300,04/12/2015,255.34,USD,282.63
11/03/2013 01:38,JVLESGFK44692769,Infiltrators,SAAM06,BDBU00,1567763.36,SHP,800,01/01/2018,559.42,USD,1815.88
11/03/2013 01:39,SDWZQFNG88960938,Drops,TBVE46,MEOQ86,1778140.0,USD,7000,11/09/2017,254.02,USD,204.65
11/03/2013 01:39,UDWUMCXE39332460,Stocks,QLCE04,IZLM67,23136.0,USD,300,09/07/2017,77.12,USD,89.27
11/03/2013 01:39,OKWDCTAR23914396,Stocks,QXFF29,VGYT30,583040.0,USD,4000,11/06/2016,145.76,USD,135.75
11/03/2013 01:39,ZYGNKCPD75878090,Stocks,PKBF70,ERHJ34,110380.0,USD,500,14/04/2018,220.76,USD,192.97
11/03/2013 01:39,SKLKSKIW79669382,Stocks,WVHK10,SMYT95,21909456.0,NIO,90000,30/12/2014,149.12,USD,273.74
11/03/2013 01:40,XWMLWNBO10589821,Stocks,RLZK87,TQSJ85,59844.0,USD,300,21/12/2018,199.48,USD,183.91
11/03/2013 01:40,VUQETJST95128193,Stocks,IZLM67,KTLA69,122750.0,USD,1000,21/09/2016,122.75,USD,120.87
11/03/2013 01:40,TZWCBJKN08505907,Stocks,SBUT62,XHYN07,56637.1,QAR,500,05/07/2018,30.41,USD,126.47
11/03/2013 01:40,MWHYAUGE80505244,Ogyo Disks,ERHJ34,VVBY18,3215520.0,USD,9000,14/05/2014,357.28,USD,393.24
11/03/2013 01:41,JMUMFMNY70532295,L-Viruses,RFZG50,MHFC34,143685.0,USD,900,29/01/2016,159.65,USD,165.02
11/03/2013 01:41,YPEGPHPX59247906,Goldy Charms,QBVN33,UEVD88,1355500.0,USD,50000,02/11/2014,27.11,USD,25.12
11/03/2013 01:41,IDVOGEQQ28374029,Stocks,HNLV68,YOQG45,203616.08,BSD,900,05/05/2014,29.77,USD,240.99
11/03/2013 01:41,PHJZHLEE56635544,Stocks,MFJJ99,HPTP65,187163.38,DZD,300,25/04/2014,186.11,USD,502.49
11/03/2013 01:41,VXEYSBDT24706007,Stocks,DBCS17,QAZT26,1426500.0,USD,5000,22/02/2014,285.3,USD,253.89
11/03/2013 01:42,LJQPTVVR25250679,Stocks,LKPN86,ZVEN26,31950.0,USD,900,01/03/2014,35.5,USD,38.09
11/03/2013 01:42,POYHLTMA28727776,Stocks,EMNK67,SWGF93,18140.0,USD,400,13/04/2017,45.35,USD,41.82
11/03/2013 01:42,ZGNPZQGE16428325,Diverseys,ISWT83,TQSJ85,13735.0,USD,100,04/02/2017,137.35,USD,117.3
11/03/2013 01:42,ZBGXWCTN30855879,Stocks,OKYS51,GYWU23,491400.0,USD,30000,24/05/2017,16.38,USD,16.87
11/03/2013 01:42,UKSQEHPC16284875,Electric Seeds,AMBT33,EIWJ22,300120.0,USD,1000,21/01/2018,300.12,USD,355.25
11/03/2013 01:42,GMNNPSLY20134471,Stocks,QBAP68,VVXA11,11315868.04,MVR,6000,23/02/2015,284.02,USD,2101.32
11/03/2013 01:42,KSPRTBBL08142318,Excalibers,DBCS17,UWUK72,14200.0,USD,400,04/02/2016,35.5,USD,38.95
11/03/2013 01:42,HWLYLDWO16476316,Nemean Cestuses,EDYH00,JCWS17,109400.0,USD,200,13/12/2016,547.0,USD,471.54
11/03/2013 01:42,WRQAJHLQ21144460,Stocks,VVBY18,HHFP66,469517.57,CNY,400,30/03/2018,171.66,USD,1166.29
11/03/2013 01:42,FSSCSCDF97476468,Stocks,QXFF29,SFEO61,3150.0,USD,700,26/12/2015,10.21,NAD,5.07
11/03/2013 01:43,QGIHCBXM32768510,Stocks,WVEI17,SHXQ48,52423.0,USD,700,06/07/2015,74.89,USD,87.47
11/03/2013 01:43,TXJIQBEY27879528,Stocks,DNIL23,ZFHD93,4617240.46,COP,700,09/04/2018,84.17,USD,7207.99
11/03/2013 01:43,IIHCKMTN08690843,Stocks,GYWU23,QODV38,23640.0,USD,200,13/06/2018,118.2,USD,133.57
11/03/2013 01:43,HFDIGMEK68552620,Stocks,AYIH50,HHOA99,998400.0,USD,80000,22/02/2018,12.48,USD,14.36
11/03/2013 01:43,PPSJZBBM96743411,Vesper,EIWJ22,VXSM31,18072500.0,USD,50000,07/01/2017,361.45,USD,329.79
11/03/2013 01:43,RVHASDWZ31289837,Stocks,BMRZ75,ZMLP81,7688.0,USD,200,04/11/2018,38.44,USD,39.0
11/03/2013 01:44,TYZXPUSO08011751,Quicksilver Bullets,AMRO66,QMZU44,893280.0,USD,6000,30/12/2016,148.88,USD,156.88
11/03/2013 01:44,OPBHAALU44176400,Moranth Flamers,VCSF07,ERHJ34,15889200.0,USD,40000,15/03/2018,397.23,USD,359.69
11/03/2013 01:44,EIJOKQIU58092724,Stocks,SBUT62,OUNH49,1213191.9,PEN,50000,03/10/2015,110.19,USD,21.35
11/03/2013 01:44,CIXBVKAN12723487,Stocks,VVXA11,OPET16,74255.83,MWK,2000,24/11/2016,6.03,USD,32.09
11/03/2013 01:44,QZYFLNXO60695139,Stocks,UWUK72,OKYS51,51280.0,USD,4000,16/08/2018,12.82,USD,11.72
11/03/2013 01:44,KQMHNABV23557659,Monster Cells,OPZI26,AGBH66,90925.0,USD,500,02/09/2015,181.85,USD,156.99
11/03/2013 01:44,LIKATQLT90328770,Pensieves,NFAH30,OPZI26,37750.0,USD,500,04/09/2014,75.5,USD,80.54
11/03/2013 01:45,IUVZOTGU73686132,Stocks,SXTM39,DILF10,13014000.0,USD,60000,31/07/2014,216.9,USD,194.25
11/03/2013 01:45,GLBOPYYR49927625,Focus Bands,UEVD88,AMBT33,481365.0,USD,900,18/02/2015,534.85,USD,601.48
11/03/2013 01:45,RBZUJKFG62169405,Rune Bars,PBFW95,ZNQA84,72290.0,USD,200,29/04/2016,361.45,USD,337.8
11/03/2013 01:45,VLHBYWYM01283568,Stocks,AMRO66,LKPN86,468339.09,DJF,1000,27/07/2016,53.59,USD,439.88
11/03/2013 01:45,WVAAPGSW59562520,Gold Bolts,DVVB31,PNFK78,163845.0,USD,500,07/06/2018,327.69,USD,286.59
11/03/2013 01:45,CZWXNWHR14981112,Stocks,FGVK43,IZTD25,375480.0,USD,4000,21/03/2015,93.87,USD,88.9
11/03/2013 01:45,SMQMZDXL45516390,Stocks,SUOX82,OKYS51,384600.0,USD,30000,28/04/2016,12.82,USD,10.69
11/03/2013 01:46,PACQBZQP10645460,Mental Herbs,EPZN28,HSWX88,4123415.38,UYU,400,17/03/2018,264.27,USD,9101.95
11/03/2013 01:46,ZXERKIDH28659847,Heat Rocks,YCZA59,KKZA87,14025.19,RSD,800,09/03/2015,17.68,USD,14.8
11/03/2013 01:46,GMYTXISE08734212,Holy Hand Grenades,RQGG65,VLJL11,16749600.0,USD,80000,04/08/2016,209.37,USD,193.32
11/03/2013 01:46,BQNKZMHP43399969,Stocks,KUWI70,KKGY69,570750.0,USD,5000,22/05/2014,114.15,USD,127.23
11/03/2013 01:47,WDVRWGGW21013065,Rings of Slow Digestion,QETH27,XHYN07,1740093.34,ZMK,900,01/08/2017,402.33,USD,1619.4
11/03/2013 01:47,IOCXESQN71718231,Stocks,SMYT95,EDYH00,11876.0,USD,200,28/10/2018,59.38,USD,65.95
11/03/2013 01:47,XTQTBPPH25769184,Stocks,YWMD69,LIJW00,438600.0,USD,4000,06/09/2018,109.65,USD,118.78
11/03/2013 01:47,MUJNHDYZ69667816,Stocks,YOQG45,TGZI54,270351.0,USD,900,05/12/2016,300.39,USD,327.03
11/03/2013 01:47,KKFCJECN04221622,Destiny Knots,ZSXF19,XRBV61,4770.0,USD,200,18/11/2017,23.85,USD,20.39
11/03/2013 01:47,TSANYIJL12416062,Stocks,CMZC67,CQPJ57,693457.2,GEL,3000,04/02/2018,51.0,USD,268.93
11/03/2013 01:47,PNOFXIKJ98176414,Stocks,FTFI87,OHKH76,747337.39,KYD,4000,11/02/2014,25.02,USD,191.12
11/03/2013 01:48,WDXXJBTA91908244,Stocks,VESX21,AMRO66,5285600.0,USD,80000,09/12/2015,66.07,USD,76.58
11/03/2013 01:48,PYBKUHUZ80305888,Stocks,SHXQ48,HWHS51,371242.15,LSL,1000,21/10/2016,190.87,USD,325.97
11/03/2013 01:48,FETOAMLF77962100,Stocks,QXFF29,WWNS72,130200.0,USD,600,01/09/2015,217.0,USD,182.24
11/03/2013 01:48,XGJFVIUP23184133,Hand Lanterns,ZELV96,CIXF70,255520.0,USD,500,22/08/2017,511.04,USD,546.07
11/03/2013 01:48,JFRKFHMQ63199442,Horns of Gondor,LBKT00,JZTC69,29385000.0,USD,90000,06/03/2017,326.5,USD,268.0
11/03/2013 01:48,SICHLMCD32237126,Amulets of Unchanging,RQGG65,FGVK43,247215.75,MMK,400,18/02/2018,179.48,USD,594.02
11/03/2013 01:48,TYAARNIU04130005,Stocks,ZVEN26,GBEZ65,35865.0,USD,500,25/10/2014,71.73,USD,70.51
11/03/2013 01:48,VOTPCMDP50150940,Silver Apples,DJNE62,KUWI70,75209693.58,UGX,30000,06/06/2016,265.94,USD,2230.3
11/03/2013 01:49,SPBXVIGM66517406,Nanotech Crates,SXTM39,EDYH00,1050280.0,USD,2000,23/12/2016,525.14,USD,597.31
11/03/2013 01:49,OMGEOBSJ32689290,Stocks,XHYN07,YTAI13,670347.55,TZS,500,04/12/2014,133.55,USD,1282.83
11/03/2013 01:49,SRVSBLZX66725950,Gold Dust,HXDA52,QBVN33,57672.0,USD,900,18/10/2016,64.08,USD,52.68
11/03/2013 01:49,DPEQBXXZ35086138,Magic Flute,GSTD71,AHMZ79,124452.0,USD,600,23/03/2016,51.59,KRW,235.44
11/03/2013 01:49,IGGUUEMN13801337,Stocks,SBUT62,NCYN50,59100.0,USD,5000,20/03/2015,11.82,USD,11.18
11/03/2013 01:49,JVQBXGDG40160973,Stocks,MEOQ86,AHMZ79,127362.95,BHD,300,24/08/2014,135.98,USD,400.25
11/03/2013 01:49,QBJOONGU20358760,Stocks,PKBF70,FTFI87,7896800.0,USD,40000,17/06/2016,197.42,USD,155.09
11/03/2013 01:50,LKPKHORY94796767,Stocks,FORM54,LIJW00,108675.21,LBP,100,30/11/2016,109.65,USD,1224.4
11/03/2013 01:50,KYXLLLVS46135346,Stocks,BPLN25,NGBA40,142009.08,SZL,400,30/05/2014,88.06,USD,388.63
11/03/2013 01:50,MXMTTGLV42567504,Stocks,NCYN50,WYFO79,1605940.42,HTG,1000,27/05/2014,90.11,USD,1804.94
11/03/2013 01:50,WGDGXVDB13331505,Stocks,RJUD59,JVHD93,1282.0,USD,200,23/09/2016,6.41,USD,7.13
11/03/2013 01:51,ZBRQIWOD53609028,Stocks,NXTO39,FGQR22,2624.0,USD,200,13/06/2018,13.12,USD,15.14
11/03/2013 01:51,WCLXHLWJ59217617,Stocks,NXTO39,OUNH49,975357.8,EGP,2000,09/10/2014,110.19,USD,490.02
11/03/2013 01:51,WQQVREKW45442217,Stocks,TFLS35,CUVZ50,67179.28,TMM,200,27/04/2014,88.62,USD,345.6
11/03/2013 01:51,OCSZBMLS13421799,Stocks,HHOA99,SWGF93,4535.0,USD,100,03/06/2018,221.0,STD,40.94
11/03/2013 01:51,ZICCUFQP82946856,Heat Rocks,ORQH73,KKZA87,15912.0,USD,900,13/06/2015,17.68,USD,15.13
11/03/2013 01:52,DISBKZCN61252363,Earth Harps,RJUD59,JCWS17,65288.0,USD,400,07/10/2017,163.22,USD,181.6
11/03/2013 01:52,QQXAMDRZ26281029,Stocks,YSSR29,GSTD71,364940.43,SZL,1000,29/05/2018,90.52,USD,334.31
11/03/2013 01:53,JUANGNVO24677923,Tachyons,SXHU74,PNFK78,849633.65,TMM,1000,02/08/2017,224.16,USD,758.38
11/03/2013 01:53,BUHIOOIA10139467,Stocks,AYIH50,KKGI60,314660.0,USD,2000,04/01/2015,2089.04,AFN,149.07
11/03/2013 01:53,XTAYQMOZ22809260,Stocks,QWOA67,CVMG22,418040.0,USD,7000,02/04/2014,59.72,USD,66.3
11/03/2013 01:53,BYFLWEJA42698809,Stocks,YOQG45,SWGF93,27210.0,USD,600,05/07/2018,45.35,USD,49.44
11/03/2013 01:53,WODFMTXU58135043,6IV Shiny Dittos,VLJL11,AMBT33,38931.0,USD,100,29/07/2016,1363.79,SHP,443.66
11/03/2013 01:53,INDEIBLL54539744,Blue Orbs,KRRO64,EWUY52,347526.62,SLL,300,01/12/2018,313.91,USD,1331.56
11/03/2013 01:54,BDAPBWXE80817714,Stocks,AYIH50,THJF58,15318.0,USD,600,12/02/2017,25.53,USD,21.38
11/03/2013 01:54,NDYQDVCD30166638,Flubbers,QMZU44,HWHS51,19698.53,JPY,1000,22/08/2018,421.81,USD,21.13
11/03/2013 01:54,SBMHHPFM84798231,Golden Fleeces,HNLV68,SWGF93,112936.0,USD,800,23/04/2017,141.17,USD,123.57
11/03/2013 01:54,UITLLJVW64892748,Surfacers,ZNQA84,UACN81,120461.68,MVR,300,11/11/2014,60.47,USD,369.12
11/03/2013 01:54,OBQLNVCL83626074,Rings of Increase Accuracy,RNZB01,RLZK87,1554960.0,USD,8000,15/04/2016,194.37,USD,217.49
11/03/2013 01:55,YAWCPNRJ65129504,Old Hunter Bells,LWGE44,WYFO79,530915.7,LAK,500,06/09/2015,3390.43,AFN,1015.96
11/03/2013 01:56,JEZZYLQS25909785,Magic Flute,IJPI82,AHMZ79,165936.0,USD,800,23/12/2015,207.42,USD,232.26
11/03/2013 01:56,AVJQUUCJ23616186,Stocks,JCWS17,ZXVX98,50156.0,USD,400,02/05/2014,125.39,USD,122.18
11/03/2013 01:56,ZPHEMVRS05256975,Stocks,ZMLP81,YTAI13,816821.18,BTN,900,05/11/2016,133.55,USD,1060.35
11/03/2013 01:56,BMDUHXON82438086,Stocks,QXFF29,MHFC34,77791.0,USD,700,08/03/2016,111.13,USD,105.46
11/03/2013 01:57,OXMHRLFR58090229,Premium Nanotech,HSWX88,DREA89,33863.0,USD,100,09/05/2014,3147.23,ETB,301.85
11/03/2013 01:57,HOWMBBMW70528680,Pensieves,OPET16,OPZI26,5285000.0,USD,70000,13/06/2015,75.5,USD,81.9
11/03/2013 01:57,KNNZMIAU81776048,Razor Claws,RJUD59,UWUK72,107190.0,USD,3000,14/05/2017,35.73,USD,30.24
11/03/2013 01:57,VLSAYDHK34818487,Stocks,CAVR54,VIMV38,5876700.0,USD,30000,09/10/2018,195.89,USD,201.06
11/03/2013 01:57,RHXYZCBF86287565,Stocks,IIZF28,OPET16,2412.0,USD,400,19/12/2018,6.03,USD,6.67
11/03/2013 01:58,KUJSZASJ66298285,Stocks,SFEO61,EKXA24,72585.0,USD,900,04/11/2015,80.65,USD,69.5
11/03/2013 01:58,LEQLECYQ32253645,Stocks,DOGG07,WVHK10,25508.0,USD,200,02/08/2015,127.54,USD,137.85
11/03/2013 01:58,JIIQBMIC65827021,Stocks,EIWJ22,ZMLP81,34596.0,USD,900,28/02/2014,38.44,USD,43.26
11/03/2013 01:59,ZVFTTYGP99502776,Stocks,PIFN94,SHXQ48,1557150.32,LAK,5000,18/08/2016,74.89,USD,295.2
11/03/2013 01:59,QKOGQPFF35374521,Stocks,KKZA87,HYSJ42,99788.0,USD,400,03/02/2015,249.47,USD,282.94
11/03/2013 01:59,ZZHLLBLO45741409,Stocks,QMZU44,CUVZ50,18395385.12,GIP,30000,14/11/2014,88.62,USD,553.86
11/03/2013 01:59,SQEVYJSA87578934,Stocks,ESPL27,EMNK67,476018.6,SAR,300,09/01/2018,235.78,USD,1706.22
11/03/2013 01:59,PDFGMNFI84635134,Stocks,OCQF34,MEOQ86,3936.0,USD,800,06/07/2014,4.92,USD,5.26
11/03/2013 01:59,IHAPBPGI20426864,Stations,MFJJ99,YFAM59,171870.0,USD,600,17/08/2017,286.45,USD,311.22
11/03/2013 02:00,LOGSLTEM95789309,Stocks,CQPJ57,ZEHM52,43150.0,USD,500,15/03/2018,86.3,USD,95.96
11/03/2013 02:00,BVBMEDET13393649,Stocks,INIL60,CAVR54,11354400.0,USD,80000,04/04/2016,141.93,USD,161.57
11/03/2013 02:01,YUEXACZZ60708240,Stocks,ZXVX98,LWGE44,40280.0,USD,4000,19/11/2017,10.07,USD,11.7
11/03/2013 02:01,QIRHTIOF14728597,Stocks,THJF58,KRXZ15,9514911.0,HKD,8000,09/08/2018,264.45,USD,910.31
11/03/2013 02:01,QXNNMDTJ65165903,Leaves of Lorien,GZED20,GBEZ65,144089.45,CUP,600,11/06/2014,95.15,USD,227.03
11/03/2013 02:01,XFCPOFXV37231159,Stocks,ESPL27,PBFW95,50523.0,USD,300,04/05/2017,168.41,USD,137.76
11/03/2013 02:02,NDHHSETH26202105,Stocks,OCQF34,MRAH32,100998.0,USD,900,21/07/2015,112.22,USD,102.68
11/03/2013 02:02,DHEZUZSQ31367094,Silver Apples,AMRO66,KUWI70,1063760.0,USD,4000,01/11/2018,638.28,KPW,287.56
11/03/2013 02:02,HCVOVAGO36225966,Old Hunter Bells,BBJG05,WYFO79,102136.0,USD,400,23/08/2016,255.34,USD,279.29
11/03/2013 02:03,CWFDPOPC47288723,Protopacks,LIJW00,OKYS51,52172.0,USD,200,12/03/2016,260.86,USD,204.21
11/03/2013 02:03,GFXXWTVZ35201861,Stocks,KEVJ11,ITTS26,40504.0,USD,200,13/07/2016,202.52,USD,173.85
11/03/2013 02:03,UWRGQXFJ87133263,Amulets of Yendor,WIZJ73,OPET16,9199600.0,USD,40000,06/07/2015,229.99,USD,208.11
11/03/2013 02:03,EVDCLHTA35992109,Stocks,OPET16,UACN81,160380.0,USD,9000,03/10/2018,17.82,USD,19.36
11/03/2013 02:04,MWGJYIUZ57237700,L-Viruses,TGZI54,MHFC34,6386000.0,USD,40000,06/09/2018,159.65,USD,151.56
11/03/2013 02:04,UCOKCVAC69835172,Stocks,ZDAI73,AHMZ79,76912191.72,UGX,60000,17/10/2016,135.98,USD,1397.13
11/03/2013 02:04,MBRWLQSN61794632,Veritaserums,JCWS17,AWYB85,8694230.98,GEL,4000,10/02/2016,479.56,USD,2109.2
11/03/2013 02:04,IOCOIVGJ19608959,Icy Rocks,ZBIO05,MFJJ99,21105000.0,USD,60000,17/08/2018,351.75,USD,396.04
11/03/2013 02:05,WBNDPTVL82820995,Lagging Tails,EMNK67,YOQG45,12737651.3,AZN,10000,04/03/2015,179.3,USD,1398.77
11/03/2013 02:05,UEOTMOZJ74925452,Stocks,MSHS03,QWOA67,34394.0,USD,200,26/09/2018,171.97,USD,148.81
11/03/2013 02:05,MJLHXHUT89501761,Stocks,QWOA67,QAZT26,228240.0,USD,800,21/07/2018,285.3,USD,312.11
11/03/2013 02:05,HTAOQOZA80590578,Speed Boots,TKVF94,VVBY18,721985.29,ANG,300,31/08/2017,272.72,USD,2648.55
11/03/2013 02:05,ILLDCHNV55271094,Stocks,IZTD25,OCQF34,11180800.0,USD,80000,09/08/2018,139.76,USD,133.78
11/03/2013 02:06,HWJXOOCM51695651,Stocks,ESPL27,HYSJ42,199576.0,USD,800,14/03/2016,249.47,USD,284.3
11/03/2013 02:06,VFAKLMDQ68726348,Stocks,HFLM11,LIIS96,7960500.0,USD,50000,06/01/2014,159.21,USD,154.59
11/03/2013 02:06,WKNBMRMM11808014,Black Sludges,VVBY18,HFLM11,725140.0,USD,2000,26/12/2015,362.57,USD,426.22
11/03/2013 02:06,IRSLNSVO09069370,X-Antibodies,MHFC34,ZDAI73,1256940.0,USD,3000,23/09/2014,418.98,USD,381.27
11/03/2013 02:06,AUMBSNJP57243756,Treasure Mappers,KRRO64,EMNK67,87300.0,USD,600,29/10/2016,145.5,USD,131.31
11/03/2013 02:06,YCOASNAJ89547642,Map-o-matics,RJUD59,KKGI60,212024.0,USD,400,10/11/2017,530.06,USD,492.1
11/03/2013 02:07,AWNUMTWO15555543,Wings of Icarus,WYFO79,CVMG22,655900.0,USD,5000,18/06/2015,131.18,USD,117.52
11/03/2013 02:07,JUFNFOOX40863666,Stocks,AHMZ79,QETH27,109600.24,LKR,40000,06/01/2018,2.06,USD,2.82
11/03/2013 02:07,DDSWEZXK25119568,Stocks,OKYS51,CMOI26,103750.0,USD,500,11/11/2017,207.5,USD,225.01
11/03/2013 02:07,RQNELIZC70097075,Stars,EDYH00,TRFG21,10679526.0,BOB,500,20/07/2018,576.02,USD,19142.07
11/03/2013 02:07,YXHUDXPV37332030,Stocks,MHFC34,FYYD57,6981500.0,USD,50000,14/03/2014,1040.87,FKP,166.51
11/03/2013 02:08,XTWRDCCK91133867,Metronomes,MSHS03,YWMD69,574140.0,USD,6000,12/05/2016,95.69,USD,81.01
11/03/2013 02:08,XFZJSTYM67318411,Magic Lamps,EDYH00,JVHD93,244940.72,VEB,6000,14/06/2018,31.71,USD,47.17
11/03/2013 02:08,OFODPSJD28223091,Redstone Blocks,DDIB11,CAVR54,132442.07,DZD,100,13/02/2015,395.09,USD,1137.6
11/03/2013 02:08,BQSMERBN17498523,Diverseys,INIL60,TQSJ85,1069269.75,MAD,3000,04/02/2017,137.35,USD,323.5
11/03/2013 02:09,IQIQHVLY90877594,Stocks,KRRO64,TYAE14,488513.16,XPF,20000,05/04/2017,68.19,USD,21.82
11/03/2013 02:09,EDUWMPJN27950632,Stocks,ORQH73,VGYT30,1020320.0,USD,7000,10/04/2015,145.76,USD,155.69
11/03/2013 02:09,XLREOBAD89703222,Tortures,WVHK10,DVVB31,119482.04,IQD,200,11/02/2018,50.07,USD,557.8
11/03/2013 02:09,XEFXRWPZ96695782,Scope Lens,QWOA67,UACN81,129870.0,USD,9000,01/06/2017,84.63,TND,13.38
11/03/2013 02:09,VJUEKWKE48202863,Wonka Bars,YCZA59,AWYB85,130932.0,USD,600,27/11/2014,218.22,USD,187.51
11/03/2013 02:10,SWWQCTUE63005671,Stocks,VKMV12,QOKP03,200405.0,USD,500,05/03/2018,400.81,USD,431.32
11/03/2013 02:11,KYUJFNAK20367757,Infiltrators,IIZF28,BDBU00,24821331.14,MUR,800,14/11/2015,559.42,USD,32133.56
11/03/2013 02:11,AZDAEVEA76000479,Bright Powders,GBEZ65,FORM54,3068767.86,KPW,6000,09/08/2016,213.1,USD,463.41
11/03/2013 02:11,BKWSWUOR95855364,Bold Hunter's Marks,PBFW95,MFJJ99,49385673.0,PAB,50000,25/09/2014,84.6,USD,1072.9
11/03/2013 02:11,PDMQTVLZ04850722,Stocks,SWGF93,ITTS26,340247.78,KPW,700,08/05/2018,202.52,USD,477.38
11/03/2013 02:11,UTYBMWZO44595800,Stocks,HXDA52,QBAP68,1332900.0,USD,90000,27/08/2016,14.81,USD,13.95
11/03/2013 02:11,JAZHXPSG48984411,Moloko Plus,RJUD59,BPLN25,36379.0,USD,700,11/05/2017,51.97,USD,46.15
11/03/2013 02:11,FNDDXBVB29957570,Stocks,AGBH66,YSSR29,25860.0,USD,500,18/07/2014,51.72,USD,46.98
11/03/2013 02:11,ESHACBKY05201218,Koins,RNZB01,IZLM67,22224.0,USD,200,17/03/2017,111.12,USD,94.29
11/03/2013 02:12,JYKXMNUA11352732,Stocks,HSWX88,QCRG59,1104250.0,USD,7000,19/03/2015,157.75,USD,184.64
11/03/2013 02:13,XDUVQYMT75992681,Stocks,KKGY69,XHYN07,304100.0,USD,10000,29/09/2018,30.41,USD,34.29
11/03/2013 02:13,HBIFSCVA87880717,Pokedexes,LWGE44,HXDA52,310360.0,USD,2000,20/09/2014,155.18,USD,131.58
11/03/2013 02:13,FHJEQPWO02664528,Drums of Earthquake,YWMD69,DDIB11,23132.0,USD,200,15/07/2015,880.83,ILS,116.77
11/03/2013 02:14,MEZEFFQX75603891,Stocks,TGZI54,OKYS51,11538.0,USD,900,29/08/2015,12.82,USD,11.17
11/03/2013 02:14,IETWUELU59846318,Potions of Fruit Juice,ORQH73,SRYE59,88794.0,USD,900,15/11/2017,98.66,USD,105.18
11/03/2013 02:14,GUICKZPX28640465,Stocks,MYXF05,SAAM06,9135935.2,JMD,70000,15/10/2014,1060.28,RWF,141.42
11/03/2013 02:14,KURDJOYK48900733,Reflectors,FJOI82,VIMV38,9964.78,NGN,100,12/08/2018,580.36,USD,105.29
11/03/2013 02:14,SSGITDXC84299042,Red Jewelled Brooches,IBLA29,YOQG45,12723549.99,ILS,30000,29/04/2015,55.69,USD,484.71
11/03/2013 02:15,HHQUIMQT02208410,Soma Drops,GYWU23,OCQF34,88200.0,USD,600,13/06/2015,1097.71,KYD,159.82
11/03/2013 02:15,NRFHLEQP87938240,Stocks,DJNE62,HYSJ42,1496820.0,USD,6000,18/04/2017,249.47,USD,231.66
11/03/2013 02:15,AOLKHOKB34237007,Stocks,EPZN28,OQXV70,29400.0,USD,4000,12/05/2017,7.35,USD,7.2
11/03/2013 02:15,QIUMTPGM97224728,Stocks,IZLM67,SXHU74,877140.0,USD,9000,14/05/2016,97.46,USD,86.03
11/03/2013 02:15,AKOBNYSI67568942,Stocks,SBUT62,SUOX82,57347847.25,AZN,50000,09/10/2018,161.45,USD,1139.23
11/03/2013 02:15,ILJQYFTJ79882276,Stocks,FTFI87,JXGF57,78980711.8,CVE,50000,08/01/2015,120.92,USD,1726.41
11/03/2013 02:15,OGEDTFOQ10583437,Triforces,SWGF93,SFEO61,60936.0,USD,400,24/03/2015,152.34,USD,163.54
11/03/2013 02:16,YJBPQFDU22517086,Stocks,QXFF29,RNZB01,5768.0,USD,800,12/12/2015,7.21,USD,5.74
11/03/2013 02:17,EYBYEGKO07351730,Millennium Rods,GIWG34,TYAE14,268700.4,BGN,10000,25/06/2015,295.6,USD,23.33
11/03/2013 02:18,XWSEOEVD28676895,Stocks,NCYN50,SXHU74,160614.08,JMD,2000,03/06/2017,97.46,USD,71.91
11/03/2013 02:19,ZZZPHZPW96546082,Stocks,RLZK87,BPLN25,59485.0,USD,500,26/03/2017,118.97,USD,130.61
11/03/2013 02:19,LWVJGHXE75269208,Phasers,NGBA40,DGTY64,170775.0,USD,900,10/02/2016,189.75,USD,191.69
11/03/2013 02:20,QMUBKZVX87435943,Stocks,RJUD59,NQJL85,16104.0,USD,300,14/09/2014,53.68,USD,48.37
11/03/2013 02:20,CHNFHISJ55906289,Stocks,ORQH73,TVQQ54,1575000.0,USD,20000,12/01/2015,78.75,USD,82.21
11/03/2013 02:20,GSAVMLXK79723790,Stocks,TYAE14,EMNK67,707340.0,USD,3000,17/08/2018,603.46,MRO,195.6
11/03/2013 02:21,NMIKNRWD81017808,Astro Boys,QXFF29,VPTI00,51466500.0,USD,50000,01/01/2014,1029.33,USD,1144.42
11/03/2013 02:21,JDOFUQVS74691291,Dragon Balls,LIIS96,RFZG50,38145.0,USD,500,14/01/2015,76.29,USD,70.81
11/03/2013 02:21,WJDADDZO02076243,Ithildins,VVXA11,ZXVX98,2005860.0,USD,6000,03/06/2016,334.31,USD,291.37
11/03/2013 02:21,QLMNACDA71924288,Stocks,VTKE98,GBEZ65,502110.0,USD,7000,13/11/2016,71.73,USD,72.74
11/03/2013 02:21,BAAGPPAN97035719,Stocks,CVMG22,RQGG65,4457700.0,USD,90000,12/11/2016,49.53,USD,44.62
11/03/2013 02:21,ANALHQAZ45324645,Stocks,EWUY52,FGQR22,13120.0,USD,1000,08/05/2016,13.12,USD,13.95
11/03/2013 02:22,LSCZNPWW62764534,Stocks,ZXVX98,CBOX52,1456630.0,USD,7000,27/02/2015,208.09,USD,173.42
11/03/2013 02:22,UQSYVGUD93823823,Stocks,PJKH65,LIJW00,657900.0,USD,6000,27/01/2014,109.65,USD,102.82
11/03/2013 02:22,DDUMXPMP39444357,Stocks,YWMD69,FGVK43,268470.0,USD,9000,09/09/2014,29.83,USD,31.05
11/03/2013 02:22,TQCLEUFK48000467,Stocks,SXHU74,VAHJ53,362967.93,GHS,600,03/12/2018,58.22,USD,531.92
11/03/2013 02:22,FVKJZHTN47436128,String of Beads,GBEZ65,FTFI87,23590.0,USD,7000,31/12/2016,32.34,FJD,3.78
11/03/2013 02:22,VIOKMIQW76626464,Decks of Many Things,BPLN25,UFAY59,893240.0,USD,4000,02/03/2015,223.31,USD,209.02
11/03/2013 02:22,XHTGYGMR85865376,Ultrons,WWNS72,RDBE21,2209759.63,UGX,1000,06/02/2018,234.41,USD,1854.21
11/03/2013 02:23,HOCGERFY99475623,Turbo Ethers,YFAM59,VPTI00,16400.0,USD,400,11/04/2015,41.0,USD,34.86
11/03/2013 02:23,HFMQMGOD70738795,Master Swords,NXTO39,ZVEN26,18150.0,USD,600,30/04/2016,30.25,USD,30.65
11/03/2013 02:23,SBLACSMQ39905160,Nemesis Whips,KRXZ15,ORQH73,4709352.06,LKR,90000,30/11/2014,39.34,USD,57.32
11/03/2013 02:23,FSJRUIYN72805220,LiDAR Mark-Trackers,CAVR54,RNZB01,10873.47,MNT,200,06/09/2015,318.31,USD,49.48
11/03/2013 02:23,YIAKIVKQ16232649,Bolts,WHPS18,EPZN28,350037.0,USD,900,18/04/2016,388.93,USD,357.84
11/03/2013 02:23,UCCJGSYC60150873,Exorcism Slips,BPLN25,GSTD71,464083.98,KYD,400,30/04/2015,155.37,USD,1035.68
11/03/2013 02:23,KYZWMAQO72307007,Stocks,YLGZ72,DOGG07,151368.6,MWK,700,12/01/2014,35.12,USD,199.83
11/03/2013 02:23,NODYRLTG79255930,Stocks,SHXQ48,PJKH65,4635.0,USD,300,08/07/2014,15.45,USD,15.36
11/03/2013 02:23,OBEGEIVC62965431,Gold Pendants,TRFG21,NQJL85,87430.87,TRY,300,24/03/2017,470.97,USD,260.29
11/03/2013 02:24,DEZERJNB77876903,Absorbing Eyes,OHKH76,HYSJ42,118862.33,OMR,1000,03/03/2014,28.82,USD,134.15
11/03/2013 02:24,RCAXCHKI28791724,Souls,NCXS33,HHFP66,4274500.0,USD,50000,05/02/2017,858.23,TZS,77.81
11/03/2013 02:24,TQCPQFOT00428629,Rings of Aggravate Monster,GIWG34,TVQQ54,1669100.0,USD,10000,05/11/2015,166.91,USD,148.54
11/03/2013 02:24,ZGGNHHFL64195096,Assault Vests,XHYN07,LIIS96,322520.0,USD,800,04/05/2018,403.15,USD,415.81
11/03/2013 02:24,YIFAPLLC96738753,Rings of Gain Constitution,BBJG05,YSSR29,879281942.28,HRK,70000,21/02/2014,116.52,USD,11975.88
11/03/2013 02:25,OTXVIHFP06090531,Jumbonium Atoms,EWUY52,MYXF05,132246.0,USD,600,16/01/2014,220.41,USD,256.02
11/03/2013 02:25,HBFDZHTD18240217,Stocks,YSSR29,HWHS51,1145220.0,USD,6000,18/05/2017,190.87,USD,168.63
11/03/2013 02:26,NBQKEVVD69968439,Dilithium Crystals,MDEQ10,IZTD25,305433.0,USD,900,06/11/2018,339.37,USD,380.74
11/03/2013 02:26,MAWXNKNH74588271,Sensu Beans,YTAI13,MFJJ99,35014270.08,MGA,20000,30/01/2015,413.06,USD,2021.42
11/03/2013 02:26,AYGUCNNE15741020,Pensieves,FDWI64,OPZI26,60400.0,USD,800,03/03/2018,75.5,USD,69.18
11/03/2013 02:26,ENWIHCTD36922474,Stocks,EPZN28,LAUA80,121427.35,BTN,100,19/05/2016,178.68,USD,1281.06
11/03/2013 02:26,USCBSNTN56749535,Stocks,PJKH65,HHFP66,137328.0,USD,800,06/11/2015,171.66,USD,170.65
11/03/2013 02:26,LBYGIIUY85767422,Stocks,WWNS72,FORM54,441007.31,RWF,4000,25/01/2014,16.47,USD,96.06
11/03/2013 02:26,EYJGTZPU56034932,Curiel Greens,DGTY64,VPTI00,76142.0,USD,200,02/09/2014,380.71,USD,326.76
11/03/2013 02:27,TPOMWTQQ90475339,Orcish Ring Mail,NXTO39,VLJL11,37984.0,USD,400,18/10/2014,94.96,USD,74.53
11/03/2013 02:27,KDCXKNBB81754967,Stocks,CUVZ50,IJPI82,62209.0,USD,700,15/02/2016,88.87,USD,84.58
11/03/2013 02:27,BIGSREJW10922843,Dragon Scale Mail,YFAM59,CAVR54,40910400.0,USD,90000,27/05/2018,454.56,USD,510.68
11/03/2013 02:27,ANYEJXUV12639119,Smoke Balls,QLCE04,QODV38,583011.0,USD,900,19/10/2015,647.79,USD,642.18
11/03/2013 02:28,YREJYRIO55757132,Nefarious Security Cards,YCZA59,AMRO66,1770729.63,KYD,800,30/08/2016,296.41,USD,2277.74
11/03/2013 02:28,BYPPEWTY23694730,Madman's Knowledges,RNZB01,CAVR54,250894.0,USD,700,03/05/2016,358.42,USD,319.3
11/03/2013 02:28,AUXLPDIA85466549,Exorcism Slips,HWJF09,GSTD71,16614024.84,HTG,6000,10/06/2018,155.37,USD,3201.16
11/03/2013 02:29,CHZACIIF65440722,Stocks,ZSXF19,CIXF70,36004.88,QAR,200,14/05/2016,48.33,USD,166.82
11/03/2013 02:29,XBUUXBYY94845319,Terondais,INIL60,QXFF29,53361580.14,SEK,90000,04/02/2017,179.31,USD,513.86
11/03/2013 02:29,DVBXRYZP96474480,Stocks,AMBT33,NCCX02,24152565.6,BHD,40000,28/01/2014,193.4,USD,584.55
11/03/2013 02:29,ZJTKBSOI44679183,Potions of Sickness,HHFP66,DREA89,92001.0,USD,300,25/05/2014,306.67,USD,265.01
11/03/2013 02:29,TNAAJGRF50507858,Stocks,AYIH50,OHKH76,487985.08,UYU,500,17/04/2018,25.02,USD,1148.01
11/03/2013 02:30,UDLESURK47884290,Baku Disks,JCWS17,QWOA67,1747200.0,USD,70000,29/05/2014,24.96,USD,24.88
11/03/2013 02:30,AOFNREKD06463851,Stocks,RLZK87,HFLM11,12091092.5,LSL,50000,19/05/2015,124.33,USD,233.15
11/03/2013 02:30,PEIBJQZH73070120,Stocks,GZED20,SRYE59,21280.0,USD,8000,10/05/2016,2.66,USD,2.52
11/03/2013 02:30,YKQQTQZY48241318,Titan Horns,SHXQ48,MRAH32,8333400.0,USD,30000,11/04/2017,277.78,USD,322.21
11/03/2013 02:30,DTRLEXWJ61968560,X-Potions,GGLV00,CMZC67,12412400.0,USD,70000,10/07/2015,177.32,USD,176.63
11/03/2013 02:31,YUMAIENW54015578,Amulets of Strangulation,OCQF34,ERHJ34,59400.0,USD,600,10/12/2018,99.0,USD,96.4
11/03/2013 02:31,DIIPWZLE92031502,Feedbags,ZELV96,SUOX82,20902.0,USD,200,07/07/2014,104.51,USD,114.67
11/03/2013 02:32,BYCSGMPM27345118,Stocks,QLCE04,KRXZ15,793350.0,USD,3000,26/01/2016,264.45,USD,244.37
11/03/2013 02:32,HITLBLEH79597584,Stocks,FTFI87,LAUA80,146027480.76,PAB,70000,17/09/2015,178.68,USD,2375.24
11/03/2013 02:32,MXUYJUWC93694721,Big Roots,ZVEN26,MFZY76,2209520.0,USD,8000,12/03/2017,276.19,USD,280.79
11/03/2013 02:32,WVARHOWJ67562512,Stocks,KUWI70,SMYT95,557607.4,GYD,900,04/02/2015,149.12,USD,669.01
11/03/2013 02:32,IIPCWPOM95944034,Stocks,AWYB85,VIMV38,5876700.0,USD,30000,19/08/2018,195.89,USD,180.07
11/03/2013 02:32,AXYGEXTF48779432,Dunce Caps,PVAZ61,HWJF09,131450.0,USD,1000,14/02/2014,131.45,USD,115.52
11/03/2013 02:32,TUYSVGUF74349909,Stocks,EKXA24,FORM54,11529.0,USD,700,24/01/2017,15.31,THB,18.48
11/03/2013 02:33,JJADRISR30426193,Stocks,HWJF09,CUVZ50,53172.0,USD,600,06/04/2018,88.62,USD,79.82
11/03/2013 02:33,GWLBAJOO69856216,Electrolyzers,HSWX88,DVVB31,300536.0,USD,800,26/02/2015,375.67,USD,343.61
11/03/2013 02:33,MMJDVCSD35346861,Stocks,HSWX88,OPET16,1727.96,XPF,800,04/06/2015,6.03,USD,1.94
11/03/2013 02:34,HEQRCAVA06459488,Stocks,SXHU74,VESX21,14411.0,USD,100,22/09/2014,144.11,USD,162.73
11/03/2013 02:34,XTRZMNZH80478480,Stocks,RFZG50,AHMZ79,12238200.0,USD,90000,30/01/2018,135.98,USD,142.35
11/03/2013 02:34,CGYLBOBM81649920,Stocks,ZSXF19,DDIB11,5117450.1,LAK,70000,22/03/2017,17.58,USD,65.69
11/03/2013 02:34,MKKZGYYI49622468,Behelits,IJPI82,QCRG59,5733900.0,USD,6000,02/05/2018,955.65,USD,893.6
11/03/2013 02:34,NOQGEXNO28999065,Stocks,ZEHM52,OCQF34,838560.0,USD,6000,23/02/2018,139.76,USD,158.64
11/03/2013 02:34,NGKUYWKE27439530,HALs,EPZN28,WYFO79,2170470.0,USD,3000,19/05/2018,723.49,USD,616.41
11/03/2013 02:34,ZOIPGTKK97570700,Shaman Bone Blades,RJUD59,QLCE04,91182.0,USD,700,02/12/2014,130.26,USD,122.48
11/03/2013 02:35,UAZQVANB41439725,Stocks,KKGI60,QLMY86,191077.25,KGS,100,16/04/2014,227.27,USD,2065.44
11/03/2013 02:35,KYLXMWDE72838423,Black Sludges,SUOX82,HFLM11,1812850.0,USD,5000,15/07/2018,362.57,USD,302.64
11/03/2013 02:35,CHJVCZUR26944125,Stocks,FGQR22,VLJL11,26917.0,USD,100,25/03/2017,2274.35,BYR,232.91
11/03/2013 02:35,TOVICYXM79517336,Oo-Rays,JVHD93,SFEO61,97811401.5,SLL,90000,05/11/2015,294.5,USD,1169.4
11/03/2013 02:35,AHPXRBJL66928848,Stocks,QBAP68,QXFF29,9690.0,USD,300,15/07/2015,32.3,USD,35.47
11/03/2013 02:36,VFADNQVE88479683,Destiny Knots,MFZY76,XRBV61,19080.0,USD,800,15/10/2015,23.85,USD,27.02
11/03/2013 02:36,PYFMRFMJ82469243,Stocks,TVQQ54,DJNE62,6171692.44,RWF,9000,31/08/2014,392.15,XAF,736.73
11/03/2013 02:36,CPFEJEWL30640669,Goliath Serum,MKHA46,ESPL27,324720.0,USD,2000,07/01/2017,162.36,USD,135.92
11/03/2013 02:36,CRXPNSVH40096853,Rings of Searching,MYXF05,IZLM67,19404.0,USD,600,12/02/2014,32.34,USD,28.92
11/03/2013 02:36,CBXYEPAK66237194,Pipboys,SXHU74,DDIB11,138024.0,USD,800,31/01/2018,172.53,USD,180.66
11/03/2013 02:37,LSLHESEQ32855785,Stocks,DNIL23,VKMV12,217740.0,USD,3000,27/06/2017,72.58,USD,61.59
11/03/2013 02:37,XTZWYWYZ60557338,K-9s,VPTI00,IBLA29,118179.0,USD,900,11/09/2015,131.31,USD,139.94
11/03/2013 02:37,MXNHJYDG09492856,Stocks,QLCE04,TQSJ85,598440.0,USD,3000,27/12/2016,199.48,USD,213.17
11/03/2013 02:37,UZZIZFIW02996567,Stocks,RQGG65,VLJL11,2153360.0,USD,8000,21/05/2017,269.17,USD,286.09
11/03/2013 02:37,YKJBDDHJ26835566,Spider Silks,HHOA99,VTKE98,174492.0,USD,900,24/05/2018,193.88,USD,175.18
11/03/2013 02:37,KFTBRWOZ79439915,Stocks,MRAH32,AGBH66,148201.08,KHR,400,09/06/2014,177.81,USD,421.95
11/03/2013 02:37,ELAUAQMH71450503,Protective Pads,NCXS33,VESX21,628160.0,USD,4000,02/11/2014,157.04,USD,178.95
11/03/2013 02:38,YFFVXEXI75271479,Meat Sticks,LBKT00,SFZS08,78080.0,USD,400,09/12/2018,195.2,USD,222.95
11/03/2013 02:38,MBBCKFPC26200447,Neuralizers,EWUY52,IBLA29,12661600.0,USD,70000,26/01/2018,180.88,USD,206.22
11/03/2013 02:38,FELVOTCG94668797,Stocks,EMNK67,RDBE21,11562.0,USD,600,02/10/2016,19.27,USD,16.0
11/03/2013 02:38,XFMXWOTE76638782,Iron Spiders,KKGI60,ZFHD93,224667.0,USD,900,19/01/2016,249.63,USD,271.61
11/03/2013 02:38,OHOIZSGY35571315,Stocks,ESPL27,JZTC69,1414230.8,ETB,700,21/07/2018,217.38,USD,2169.43
11/03/2013 02:38,ORFXNZKT55125053,Stocks,EWUY52,WIZJ73,69790.0,USD,7000,08/04/2015,9.97,USD,9.13
11/03/2013 02:39,ENJAXMGP06640880,Stocks,ZEHM52,DNIL23,687450.0,USD,3000,05/03/2015,229.15,USD,208.48
11/03/2013 02:40,WIFGHDNK22920427,Stocks,MFZY76,SWGF93,31745.0,USD,700,15/03/2015,45.35,USD,37.99
11/03/2013 02:40,YUOKUIXB65629939,Absorb Bulbs,SUOX82,ITTS26,1607360.0,USD,8000,26/12/2018,200.92,USD,180.53
11/03/2013 02:40,NEFNMVUU33701321,Stocks,MSHS03,AGBH66,513977.59,PYG,400,12/07/2016,177.81,USD,1169.57
11/03/2013 02:40,KAVPWKLS80740717,Stocks,MKHA46,JCWS17,2784288.78,BHD,4000,02/11/2018,222.95,USD,636.9
11/03/2013 02:40,AXZTZTYK82515897,Stocks,RJCA92,AHMZ79,1087840.0,USD,8000,13/12/2017,135.98,USD,159.77
11/03/2013 02:40,QBLUMCJM97710123,Chunin Headband,UWUK72,EIWJ22,8553214.91,UGX,6000,22/09/2014,151.22,USD,1571.32
11/03/2013 02:40,LDFPFBWX94354962,Stocks,VIMV38,EKXA24,249097.2,SYP,600,18/05/2017,80.65,USD,325.93
11/03/2013 02:41,THSIUCEP57857489,Stocks,HPTP65,UIKN63,2271411.1,SGD,2000,04/07/2014,145.51,USD,1081.93
11/03/2013 02:41,ZWZYGGVH00430965,Stocks,QETH27,ZFHD93,1292548.19,MRO,6000,23/09/2017,84.17,USD,239.55
11/03/2013 02:41,GUOLUEDR36763957,Cloaks of Displacement,IBLA29,NXTO39,517040.0,USD,8000,10/12/2017,64.63,USD,69.66
11/03/2013 02:41,WMZMNIMB89994704,Ogyo Disks,PVAZ61,VVBY18,2500960.0,USD,7000,07/03/2017,2186.52,BZD,396.65
11/03/2013 02:41,BAJDGSUD59470991,Stocks,GYWU23,OKYS51,115380.0,USD,9000,04/06/2016,12.82,USD,11.92
11/03/2013 02:41,HJYHZMEW28958536,Pulse Rifles,WHPS18,PKBF70,31533.82,EGP,300,26/04/2016,23.75,USD,92.17
11/03/2013 02:41,FPYPMQBF12005370,Diverseys,DNIL23,TQSJ85,824100.0,USD,6000,23/08/2014,137.35,USD,113.07
11/03/2013 02:41,IMRGHVMX73468494,Cerebros,RJCA92,AMRO66,321168.0,USD,800,09/10/2016,401.46,USD,375.97
11/03/2013 02:41,WSDJSNHT64607910,Stocks,VIMV38,ZSXF19,13013089.74,HTG,9000,21/06/2018,81.13,USD,1274.69
11/03/2013 02:41,UFXOJWEP91962612,Stocks,WWNS72,VLJL11,161502.0,USD,600,31/10/2016,269.17,USD,249.27
11/03/2013 02:42,SCXLWCNQ84401975,Stocks,UACN81,DBCS17,29128.0,USD,400,16/04/2017,72.82,USD,79.24
11/03/2013 02:42,EMYLVCKH16606587,Infinity Stones,MDEQ10,SAAM06,7715400.0,USD,60000,20/12/2015,128.59,USD,105.98
11/03/2013 02:42,QOWRKFIC61307350,Dragon Medallions,SAAM06,RNZB01,145235.0,USD,500,14/03/2016,290.47,USD,269.7
11/03/2013 02:43,LEMXDFLP33924850,Toxic Orbs,WHPS18,QXFF29,9816373.8,ANG,60000,23/01/2016,18.54,USD,178.51
11/03/2013 02:43,XVNUVWBY37726186,LiDAR Mark-Trackers,FGVK43,RNZB01,2546480.0,USD,8000,12/12/2014,318.31,USD,293.69
11/03/2013 02:44,CUXEWNUY89417721,Weakness Policies,WVEI17,ZBIO05,81104.0,USD,400,10/11/2015,202.76,USD,162.17
11/03/2013 02:44,UVCGFSKD74327194,Stocks,KTLA69,HYSJ42,15576906.8,SGD,8000,28/08/2016,21037.51,BBD,2242.39
11/03/2013 02:44,CGVBFIOK98964329,Stocks,UIKN63,PQSW95,11346.0,USD,600,18/08/2015,18.91,USD,21.18
11/03/2013 02:44,XUDWMNSW75852142,Stocks,RQGG65,DJNE62,71708.0,USD,700,02/11/2014,102.44,USD,93.76
11/03/2013 02:44,KVUDLOUC04648364,Stocks,FYYD57,FDWI64,11196.0,USD,600,01/05/2016,18.66,USD,20.63
11/03/2013 02:44,IICVPCRQ71479435,Samehadas,GIWG34,ZMLP81,29816.0,USD,100,30/10/2017,298.16,USD,333.46
11/03/2013 02:44,RQISPZKT90585649,Rare Candies,LBKT00,PIFN94,224920.0,USD,2000,13/07/2016,112.46,USD,125.57
11/03/2013 02:45,HXCRMCHH39097675,Horcuxes,HHOA99,LBKT00,746286.03,STD,800,16/06/2015,191.43,USD,970.49
11/03/2013 02:45,KWBQKUMJ80656777,Stocks,CUVZ50,SHXQ48,52423.0,USD,700,31/10/2018,74.89,USD,81.98
11/03/2013 02:45,YCFDQBXP44785638,Stocks,TYAE14,KTLA69,1227500.0,USD,10000,27/07/2015,43.97,XPF,114.02
11/03/2013 02:45,QMUVRGUO00018837,Elder Wands,PIFN94,LKPN86,128812.0,USD,400,18/04/2015,322.03,USD,354.02
11/03/2013 02:45,RMZVHNPL73276897,Stocks,HNLV68,AGBH66,6227848.59,PAB,3000,02/01/2014,177.81,USD,2246.29
11/03/2013 02:45,BZBNHOWB21577392,Stocks,VIMV38,EMNK67,23578.0,USD,100,27/04/2016,235.78,USD,233.91
11/03/2013 02:46,MULMQDMO70846642,Stocks,AMRO66,XHYN07,9123.0,USD,300,13/07/2014,30.41,USD,27.4
11/03/2013 02:46,WDMKROSM93757571,Wild Card Virus Vials,MFZY76,NQJL85,14772.0,USD,300,10/10/2017,49.24,USD,43.12
11/03/2013 02:46,KUQBNVOQ14501415,Stocks,FDWI64,TFLS35,146880.0,USD,6000,18/03/2016,24.48,USD,21.73
11/03/2013 02:47,EZQDFWSF74691502,Nitro Powder Blocks,GGLV00,LWGE44,4390404.48,ALL,10000,24/09/2016,234.08,USD,377.1
11/03/2013 02:47,YPFWKHYP19455484,Millennium Necklaces,IIZF28,ZXVX98,492839.72,RWF,300,02/02/2018,245.41,USD,1587.23
11/03/2013 02:47,JUZAPSWX10610875,Leftovers,OKYS51,NXTO39,147960.0,USD,500,27/05/2017,2057.24,KMF,302.7
11/03/2013 02:47,XDEDMWOV13651933,Eject Buttons,RNZB01,VAHJ53,15001597.38,AFN,20000,10/09/2018,56.49,USD,647.95
11/03/2013 02:48,CYTMPRRP20758931,Stocks,TKVF94,FYYD57,8507041.53,ILS,8000,12/01/2014,139.63,USD,1082.11
11/03/2013 02:48,RSUZDUNH54622270,Stocks,QBVN33,SXHU74,194920.0,USD,2000,22/06/2015,97.46,USD,88.34
11/03/2013 02:48,FVQBBRXB58461345,Daenarians,ZXVX98,BBAX06,16518.0,USD,300,24/11/2016,55.06,USD,59.29
11/03/2013 02:48,WJDQQAKC60579541,Stocks,ORQH73,DJNE62,232405.63,NAD,1000,08/10/2018,102.44,USD,186.11
11/03/2013 02:48,PMQSVGBS92016211,Stocks,GIWG34,HYSJ42,1995760.0,USD,8000,10/07/2017,249.47,USD,287.9
11/03/2013 02:48,BTCKOAXV16846022,Sonic Screwdrivers,RJCA92,PVAZ61,12120500.0,USD,50000,24/08/2014,242.41,USD,229.17
11/03/2013 02:48,XDMVCIAT20293474,Stocks,DILF10,GGLV00,355400.0,USD,20000,26/08/2015,17.77,USD,16.89
11/03/2013 02:48,MKVGCMDC05568615,Stocks,FDWI64,DDIB11,879000.0,USD,50000,12/12/2017,17.58,USD,15.83
11/03/2013 02:48,RFCRHQMS70034026,Stocks,FJOI82,WYFO79,36044.0,USD,400,07/11/2016,90.11,USD,101.77
11/03/2013 02:48,OVPHXGBC02867604,Stocks,TRFG21,CMOI26,1124039.95,MYR,100,03/01/2016,207.5,USD,12031.33
11/03/2013 02:49,SVENCYLA10479888,Stocks,TKVF94,RQGG65,198120.0,USD,4000,27/11/2014,49.53,USD,41.6
11/03/2013 02:49,LGQADXZN00796388,Fumbles,ESPL27,JXGF57,1084040.0,USD,4000,13/10/2014,271.01,USD,254.68
11/03/2013 02:49,MAQEAIPC41178291,Stocks,PQSW95,UEVD88,15121400.0,USD,70000,28/06/2015,216.02,USD,191.26
11/03/2013 02:49,SPHNGWSN61482040,Stocks,CMZC67,KTLA69,5319552.92,MYR,800,20/10/2017,122.75,USD,6538.66
11/03/2013 02:49,FDOVHIRC58993760,Wings of Icarus,JXGF57,CVMG22,52472.0,USD,400,10/08/2018,131.18,USD,113.07
11/03/2013 02:49,AWTZXBUN67333586,Chunin Headband,PKBF70,EIWJ22,387797.64,JOD,900,12/01/2017,151.22,USD,479.8
11/03/2013 02:49,WFZFXPXK03941828,Stocks,ERHJ34,TKVF94,24021.0,USD,900,23/12/2016,26.69,USD,27.45
11/03/2013 02:49,SWGEYYNC40095744,Stocks,YLGZ72,MHFC34,889040.0,USD,8000,18/04/2017,111.13,USD,118.04
11/03/2013 02:50,HLNBUWDD63666657,Amulets of Change,BBAX06,CQPJ57,107036.0,USD,400,24/12/2017,267.59,USD,239.21
11/03/2013 02:50,LLLHNFCJ48901968,Rings of Invisibility,BPLN25,GGLV00,84816.0,USD,800,08/11/2014,106.02,USD,111.1
11/03/2013 02:50,ZOHBLFPH55322549,Jumbonium Atoms,PNFK78,MYXF05,39601725.93,KES,30000,26/12/2018,220.41,USD,1617.15
11/03/2013 02:50,SFGDFOQC05628051,Dazers,WWNS72,MRAH32,141600.0,USD,400,26/04/2018,354.0,USD,282.51
11/03/2013 02:50,TEKGOYRR54994243,Kafel Masks,VCSF07,LAUA80,15040.0,USD,2000,07/09/2014,7.52,USD,8.03
11/03/2013 02:50,LXUICLNK52199087,Golden Fleeces,QETH27,SWGF93,564680.0,USD,4000,18/12/2017,141.17,USD,156.88
11/03/2013 02:51,CQOUFLSM62909899,Valaryian Steel Bars,SXHU74,OPZI26,1656340.0,USD,7000,02/08/2016,236.62,USD,267.45
11/03/2013 02:51,SDMVPCRA40922833,Stocks,VIMV38,SUOX82,1453050.0,USD,9000,06/09/2016,161.45,USD,172.33
11/03/2013 02:51,IBLLYJDD27450902,Stocks,GIWG34,DNIL23,1604050.0,USD,7000,22/04/2018,3042.68,AFN,213.94
11/03/2013 02:51,GUCLEWNS12214414,Stocks,NFAH30,ZMLP81,34596.0,USD,900,14/10/2017,38.44,USD,42.91
11/03/2013 02:51,TQMSSKZJ13453702,Dragon Medallions,WVHK10,RNZB01,58094.0,USD,200,12/04/2017,290.47,USD,320.95
11/03/2013 02:52,GUTUHCLV21963696,Cloaks of Magic Resistance,NQJL85,GZED20,88911.0,USD,900,08/02/2018,1860.45,ARS,107.31
11/03/2013 02:52,OVKDMIGC18507806,Stocks,ZVEN26,CIXF70,38664.0,USD,800,20/12/2017,48.33,USD,51.41
11/03/2013 02:52,IBDZZIBF82808109,Stocks,MKHA46,MSHS03,75731.47,NAD,300,18/10/2016,111.27,USD,277.29
11/03/2013 02:52,QWHOXNXW07104968,Stocks,FGQR22,JVHD93,576900.0,USD,90000,25/08/2018,6.41,USD,6.28
11/03/2013 02:52,OWZSKFOW87881973,Stocks,ERHJ34,CIXF70,28998.0,USD,600,06/08/2015,48.33,USD,44.64
11/03/2013 02:52,MRLPWSIA07986676,Stocks,LAUA80,YFAM59,285080.0,USD,4000,27/10/2017,71.27,USD,70.54
11/03/2013 02:52,UTMAZLID71472186,Stocks,VLJL11,QWOA67,3439400.0,USD,20000,25/06/2015,171.97,USD,184.97
11/03/2013 02:53,HAJDRWWR39372339,Coldblood Dews,QLMY86,VIMV38,8258785.1,UAH,1000,29/06/2016,266.16,USD,7598.75
11/03/2013 02:53,VKADSYVX51401897,Urns of Power,VCSF07,QLMY86,72300.0,USD,300,18/10/2015,241.0,USD,269.69
11/03/2013 02:54,KVGYOZIS95006650,Stalkers,PVAZ61,TKVF94,3074940.0,USD,9000,09/07/2018,341.66,USD,377.65
11/03/2013 02:54,VNVRZFRR98921803,Razor Claws,ZMLP81,UWUK72,57039014.7,XCD,60000,26/09/2016,35.73,USD,1069.03
11/03/2013 02:54,BNJRKWWN21899634,Amulets of Restful Sleep,RFZG50,VGYT30,3330548.28,PKR,30000,22/10/2017,11.08,USD,97.43
11/03/2013 02:55,OALHDJMF02838376,Stocks,QBAP68,HPTP65,18611.0,USD,100,10/12/2018,186.11,USD,164.74
11/03/2013 02:55,YYHVNHNE37789389,Stocks,MRAH32,UIKN63,325593.18,IRR,200,16/08/2018,145.51,USD,1362.02
11/03/2013 02:55,FBWTBKYQ71474432,Stocks,YCZA59,UACN81,8910.0,USD,500,27/07/2016,17.82,USD,17.66
11/03/2013 02:55,ECKZKWCI31815554,Leaves of Lorien,MHFC34,GBEZ65,486966.28,CAD,300,08/01/2015,95.15,USD,1472.91
11/03/2013 02:55,PGXZQYPX06314443,Stocks,OQXV70,CMZC67,1917684.73,GNF,200,31/05/2018,74.51,USD,8852.48
11/03/2013 02:55,SFKOJFSS95334114,Gauntlets of Zeus,UWUK72,FDWI64,27138.0,USD,200,21/07/2015,135.69,USD,117.89
11/03/2013 02:55,CLMFKORM08481289,Stocks,TRFG21,SUOX82,113015.0,USD,700,11/08/2016,161.45,USD,187.45
11/03/2013 02:55,PMMCVCCD96105731,Stocks,WHPS18,ZNQA84,94130.0,USD,1000,08/03/2014,94.13,USD,91.63
11/03/2013 02:56,AARAIIAK87881737,Shields of Reflection,OPET16,CQPJ57,1657600.0,USD,20000,19/01/2016,82.88,USD,90.73
11/03/2013 02:56,GZDJQIIG87104939,Stocks,BPLN25,RJCA92,5859.0,USD,300,29/04/2016,19.53,USD,17.57
11/03/2013 02:56,OALLCYOD03122300,Millennium Scales,IZLM67,VXSM31,387350.0,USD,5000,23/04/2015,77.47,USD,70.8
11/03/2013 02:56,HILOGRGM02312200,Fog Pots,OHKH76,VAHJ53,1488418.83,IQD,700,22/12/2016,178.21,USD,1900.6
11/03/2013 02:57,ZMIJAKEO35635697,Fire Papers,ZXVX98,HHFP66,13907600.0,USD,70000,03/04/2014,198.68,USD,179.36
11/03/2013 02:57,HFLJWYIP23580390,Stocks,TFLS35,KEVJ11,252400.0,USD,20000,16/01/2017,12.62,USD,12.99
11/03/2013 02:57,IBJJDKAR33335630,Pixie Disks,SAAM06,UFAY59,143385.0,USD,300,25/03/2014,477.95,USD,513.49
11/03/2013 02:57,ICRVXEPP43935869,Carpenters,UHOG52,FGVK43,101252.0,USD,400,14/02/2015,253.13,USD,224.48
11/03/2013 02:57,VCEOGWRS22788761,Stocks,LWGE44,ZNQA84,5647800.0,USD,60000,12/02/2016,94.13,USD,82.7
11/03/2013 02:58,ILBYARMQ57879328,Stocks,WHPS18,IZLM67,771200.0,USD,10000,22/12/2018,77.12,USD,70.23
11/03/2013 02:58,GSJPRFJR02637433,Stocks,TKVF94,PKBF70,96845.0,USD,500,31/10/2014,193.69,USD,190.08
11/03/2013 02:58,VKBFNKJY73547942,Cerebros,PVAZ61,AMRO66,3211680.0,USD,8000,04/01/2018,401.46,USD,416.21
11/03/2013 02:58,VQDFTLJT65069894,Philosopher Stones,VAHJ53,IJPI82,207900.0,USD,2000,18/12/2018,103.95,USD,106.84
11/03/2013 02:58,TSXOWDRJ60168395,Stocks,VIMV38,MKHA46,163248.0,USD,800,02/10/2014,204.06,USD,187.48
11/03/2013 02:58,HUUHVAQE46758907,Stocks,KRRO64,AYIH50,4222351.2,IRR,3000,25/12/2014,125.8,USD,1415.09
11/03/2013 02:59,IYDTJZIE30899753,Rings of Searching,ZXVX98,IZLM67,194040.0,USD,6000,11/01/2014,223.77,GIP,34.66
11/03/2013 03:00,OXZZSBAJ93324789,Stocks,SAAM06,RJUD59,641000.0,USD,50000,31/12/2014,12.82,USD,14.98
11/03/2013 03:00,URXHNOJM90479403,Stocks,GIWG34,HNLV68,6555.0,USD,100,15/03/2015,65.55,USD,78.83
11/03/2013 03:00,FXILUCAU54244607,Stocks,PBFW95,INIL60,4676.0,USD,100,05/12/2016,46.76,USD,39.16
11/03/2013 03:01,HYKNYVZX71714943,Stocks,EPZN28,RDBE21,115620.0,USD,6000,21/02/2015,19.27,USD,18.77
11/03/2013 03:01,KJJALWFJ34473180,Stocks,PIFN94,FAWI50,203624.0,USD,800,01/05/2018,254.53,USD,219.13
11/03/2013 03:01,XBOGHBJN59471742,Tickle-tickle Bugs,HXDA52,FJOI82,989530.01,YER,700,26/04/2014,179.42,USD,1269.68
11/03/2013 03:01,PINCSMIP83754371,Leftovers,WWNS72,NXTO39,10729822.46,GEL,8000,05/02/2015,295.92,USD,1226.94
11/03/2013 03:01,SMXSHNHV62563045,Orcarinas of Time,PVAZ61,PIFN94,220496.0,USD,800,10/05/2014,275.62,USD,310.62
11/03/2013 03:01,QGFTPCDS16354722,Stocks,YFAM59,VAHJ53,5239800.0,USD,90000,22/09/2018,58.22,USD,63.87
11/03/2013 03:02,YTATDPZR17486627,Stocks,FORM54,PJKH65,7725.0,USD,500,25/10/2015,15.45,USD,18.29
11/03/2013 03:02,PGGPMIEI61735307,Black Sludges,WVHK10,HFLM11,3263130.0,USD,9000,18/06/2014,362.57,USD,405.27
11/03/2013 03:02,RHOTLZZB25774233,Razor Claws,DVVB31,UWUK72,3517.62,PLN,500,31/08/2016,35.73,USD,8.2
11/03/2013 03:02,GDDPUZHN75537783,Stocks,MKHA46,ZELV96,111580.0,USD,7000,23/06/2017,117.91,BDT,18.5
11/03/2013 03:02,TAQYVMUE59963178,Orcish Ring Mail,YOQG45,VLJL11,168278.62,PLN,9000,03/10/2016,94.96,USD,15.27
11/03/2013 03:03,YTNJDWJF96912293,Stocks,PNFK78,QXFF29,96900.0,USD,3000,06/06/2018,32.3,USD,27.43
11/03/2013 03:03,VRCSMTON15685985,Stocks,LAUA80,HPTP65,167499.0,USD,900,06/07/2016,186.11,USD,209.51
11/03/2013 03:04,NOCHKAZH38823437,Stocks,QAZT26,ZELV96,4117636.74,SLL,70000,09/08/2014,15.94,USD,65.4
11/03/2013 03:05,NRAPVNPC72525541,Stocks,QCRG59,SAAM06,316780.0,USD,2000,29/03/2017,158.39,USD,143.73
11/03/2013 03:05,PEAFQXYA54408034,Stocks,LBKT00,QBAP68,1481.0,USD,100,10/10/2015,101.27,CNY,17.45
11/03/2013 03:05,UYZJKQRK58464286,Excalibers,SZRJ90,UWUK72,177500.0,USD,5000,08/10/2016,35.5,USD,37.92
11/03/2013 03:05,PFUHPWVR56455107,X-genes,YSSR29,YFAM59,79416.0,USD,900,10/06/2014,88.24,USD,82.21
11/03/2013 03:06,MFVFZYAJ04873610,Stocks,CQPJ57,MDEQ10,28452.0,USD,400,29/09/2016,71.13,USD,63.92
11/03/2013 03:06,DULUNFST12560873,Stocks,DGTY64,WVHK10,1020320.0,USD,8000,05/01/2016,127.54,USD,137.38
11/03/2013 03:06,HJWLQFHW43456792,Stocks,TGZI54,UEVD88,1198094.44,MUR,100,19/09/2018,216.02,USD,13332.72
11/03/2013 03:06,FPKNRFUA58606316,Rings of See Invisible,KKZA87,DILF10,622248.38,ILS,200,11/08/2016,408.53,USD,2677.21
11/03/2013 03:07,VQHPJVFR43959539,Energon Cubes,MDEQ10,VESX21,236044565.2,SRD,80000,14/04/2015,531.01,USD,3430.9
11/03/2013 03:07,NFBCOEEY54873864,Stocks,DNIL23,JVHD93,354816.58,GIP,8000,05/05/2018,6.41,USD,39.69
11/03/2013 03:07,URITZBSX50815921,Master Balls,NCCX02,DOGG07,772870.0,USD,7000,21/11/2018,110.41,USD,116.03
11/03/2013 03:07,LJUOIVSQ65586383,Lightning Barrels,NCCX02,JXGF57,86420.0,USD,2000,11/07/2018,43.21,USD,43.57
11/03/2013 03:07,LTSWKWRY15964000,Eyes of Agamotto,RLZK87,BPLN25,19903800.0,USD,60000,02/09/2015,331.73,USD,295.54
11/03/2013 03:08,LZRLISMK71327080,Stocks,DGTY64,SBUT62,118842.67,SHP,500,02/05/2016,67.85,USD,198.28
11/03/2013 03:08,APEBBTXH61681983,Stocks,MFJJ99,GIWG34,14120.0,USD,4000,09/10/2014,3.53,USD,3.09
11/03/2013 03:08,TBEDLJYV25990367,Stocks,IBLA29,CIXF70,966600.0,USD,20000,02/10/2018,131.98,PGK,42.41
11/03/2013 03:08,GJPDRRCS46206616,Stocks,WWNS72,OCQF34,13976.0,USD,100,18/10/2016,139.76,USD,121.03
11/03/2013 03:08,PNKNLYJH01613586,Stocks,ZVEN26,PNFK78,8605632.0,IDR,8000,03/10/2014,668.59,SEK,998.51
11/03/2013 03:09,RABCUTFM18416202,Stocks,UWUK72,UHOG52,13275.0,USD,500,26/07/2018,26.55,USD,29.28
11/03/2013 03:09,IYSLMEQW35606071,Stocks,VIMV38,FAWI50,76359.0,USD,300,26/08/2018,254.53,USD,223.06
11/03/2013 03:09,HSRHZAPW62024203,Stocks,BBJG05,RDBE21,17343.0,USD,900,27/08/2018,19.27,USD,21.78
11/03/2013 03:09,WJSUPGFE30538612,Stocks,UHOG52,QXFF29,150842.29,PAB,400,17/09/2016,32.3,USD,380.49
11/03/2013 03:09,HJAPKBWA19383507,Stocks,FYYD57,MSHS03,1112700.0,USD,10000,15/11/2014,111.27,USD,121.87
11/03/2013 03:09,TPGZRLJH59962912,X-12s,YTAI13,UWUK72,472836.0,USD,700,15/08/2018,675.48,USD,822.7
11/03/2013 03:10,FDLFOTUD52675120,Stocks,WVHK10,BPLN25,586017.67,MWK,800,10/10/2015,118.97,USD,618.47
11/03/2013 03:10,CINCPJQV75568436,Stocks,EPZN28,RLZK87,16560219.56,HRK,800,02/01/2017,192.02,USD,19674.6
11/03/2013 03:10,KUWFOWIW44482473,Stocks,NCXS33,MFJJ99,669700.0,USD,10000,27/06/2014,66.97,USD,63.57
11/03/2013 03:10,WFDXGASP86799357,Pulse Rifles,AMBT33,PKBF70,16625.0,USD,700,25/01/2017,23.75,USD,28.27
11/03/2013 03:11,CEKBZPIU38969410,Stocks,LWGE44,PBFW95,50523.0,USD,300,01/06/2017,168.41,USD,153.64
11/03/2013 03:11,AAYXRVVW43403262,Stocks,YSSR29,DGTY64,10500.0,USD,600,28/11/2018,17.5,USD,13.96
11/03/2013 03:11,GBEEUYEU44854710,Tickle-tickle Bugs,ZVEN26,FJOI82,3588400.0,USD,20000,17/02/2014,367.38,HNL,163.02
11/03/2013 03:11,WUXSTFOY58659949,Stocks,LIJW00,CQPJ57,91749.0,HKD,400,14/04/2015,51.0,USD,218.01
11/03/2013 03:12,KKGFKDWA81591660,Vagyrisk Claws,QBAP68,SHXQ48,1887646.51,AUD,500,11/02/2018,40.25,USD,4293.29
11/03/2013 03:12,LOAFRXJP64085941,Blue Fire Powder,UFAY59,CIXF70,347455.08,YER,500,29/10/2014,419.73,ZAR,777.08
11/03/2013 03:12,UMWDYWVP77841267,Leftovers,PBFW95,NXTO39,88776.0,USD,300,06/06/2015,295.92,USD,325.89
11/03/2013 03:12,RBAYPJTK21010801,Stocks,TYAE14,MKHA46,81624.0,USD,400,30/06/2018,204.06,USD,175.69
11/03/2013 03:13,VQSCASDY39174674,Stocks,FJOI82,MFZY76,129105.0,USD,900,16/04/2017,143.45,USD,139.43
11/03/2013 03:13,KZHIKOCX14937013,White Gold Rings,VVBY18,SXHU74,410614.9,LRD,900,09/03/2015,110.98,USD,414.28
11/03/2013 03:14,TSJMSIHV54829286,Stocks,SWGF93,DOGG07,2766.05,PLN,400,05/09/2018,35.12,USD,7.24
11/03/2013 03:14,HLRPNOAY47562971,Stocks,ZSXF19,KKGI60,23335437.33,BOB,4000,23/10/2015,157.33,USD,5617.57
11/03/2013 03:14,IVZAXKMK86781682,Rings of Slow Digestion,QMZU44,XHYN07,2816310.0,USD,7000,14/08/2014,402.33,USD,388.73
11/03/2013 03:14,HNEYRGPO79581355,Golden Fleeces,IBLA29,SWGF93,454539.17,BIF,2000,25/06/2014,446.82,ISK,212.39
11/03/2013 03:15,PLWDVZDJ10151521,White Herbs,IZTD25,NCXS33,36647.0,USD,100,29/05/2018,366.47,USD,324.81
11/03/2013 03:15,TPFPSDAN95768228,Magic Markers,VIMV38,WWNS72,988800.0,USD,6000,01/03/2014,164.8,USD,164.07
11/03/2013 03:15,ZNWPNRVS85825041,Stocks,PBFW95,KKGY69,913200.0,USD,8000,17/06/2015,114.15,USD,100.62
11/03/2013 03:16,WJMNGZTR62828342,Stocks,UFAY59,OPET16,48240.0,USD,8000,23/10/2015,6.03,USD,6.3
11/03/2013 03:16,OOXGCKYC42257077,Stocks,TBVE46,WVHK10,382620.0,USD,3000,29/04/2015,127.54,USD,114.21
11/03/2013 03:16,XLUEBXRA03107439,Grassy Seeds,RDBE21,XHYN07,5859.0,USD,700,05/08/2017,8.37,USD,7.52
11/03/2013 03:16,VKTTNQTY58124815,Replicants,QCRG59,MFZY76,56340.95,ILS,600,20/06/2014,12.33,USD,105.53
11/03/2013 03:16,XTGSGIDL93942872,Iron Sands,RJCA92,YTAI13,39115.0,USD,100,14/09/2018,391.15,USD,405.51
11/03/2013 03:16,MYZTCONL27606595,B-4s,CBOX52,ESPL27,690870.2,VUV,700,04/06/2015,35.21,USD,1166.4
11/03/2013 03:16,QUQKNHCB77944881,Stocks,SHXQ48,NQJL85,48312.0,USD,900,25/03/2017,53.68,USD,57.37
11/03/2013 03:16,SLUBONVZ84789550,Stocks,YOQG45,QHXJ50,16488.0,USD,200,19/03/2015,82.44,USD,93.07
11/03/2013 03:17,DVZWKKQD65421733,Stocks,SAAM06,SUOX82,113015.0,USD,700,02/11/2014,161.45,USD,147.63
11/03/2013 03:17,LKEBSEMD82036059,Stocks,OPZI26,SMYT95,14912.0,USD,100,08/08/2014,149.12,USD,128.66
11/03/2013 03:17,JCYBGCLQ76440322,Stars,LIJW00,TRFG21,3456120.0,USD,6000,29/04/2014,576.02,USD,588.87
11/03/2013 03:17,SKDZBNYR61101935,Box Basher 2000s,PIFN94,LWGE44,136638747.84,CLP,60000,05/02/2014,313.36,USD,2572.21
11/03/2013 03:17,VIEGRSWU10705824,Water Walking Boots,EIWJ22,BMRZ75,16465200.0,USD,60000,04/04/2015,274.42,USD,232.04
11/03/2013 03:18,FPMXAOCR98595997,Red Apple Cigarettes,XHYN07,DNIL23,200380.0,USD,500,08/04/2017,400.76,USD,351.24
11/03/2013 03:18,OJAUZGHW53537039,Stocks,MRAH32,JZTC69,7972737.57,TTD,7000,19/02/2015,217.38,USD,1254.34
11/03/2013 03:18,WOBDXARB28985468,Stocks,VVXA11,VPTI00,451710.0,USD,9000,11/07/2018,50.19,USD,45.59
11/03/2013 03:19,HOOSFMUS35323013,Sabor de Soledad Chips,ZDAI73,DBCS17,4353210.03,MXN,5000,06/10/2018,151.59,USD,799.32
11/03/2013 03:19,QDHEAXGQ01461028,Stocks,FORM54,TVQQ54,3150000.0,USD,40000,12/05/2017,78.75,USD,99.38
11/03/2013 03:19,TECYDVDG68854759,Stocks,HFLM11,HYSJ42,49894.0,USD,200,29/09/2017,249.47,USD,276.43
11/03/2013 03:20,CIOFWLSL56783986,Tickle-tickle Bugs,IIZF28,FJOI82,3588400.0,USD,20000,20/01/2018,179.42,USD,201.65
11/03/2013 03:20,TBGGXTPT12196769,Stocks,HNLV68,PNFK78,22087519.2,PGK,40000,27/12/2014,202.2,USD,460.62
11/03/2013 03:20,QUCYSWKN37528085,Stocks,MYXF05,QLMY86,181816.0,USD,800,27/07/2018,227.27,USD,249.53
11/03/2013 03:20,SKVVWFNO20185242,Stocks,NCXS33,HWHS51,38174.0,USD,200,26/01/2016,1015.43,IDR,225.28
11/03/2013 03:20,PRNFFGSX47573208,Stocks,AWYB85,QAZT26,228240.0,USD,800,22/05/2015,285.3,USD,258.35
11/03/2013 03:20,IEXSNXCI58618505,Stocks,PBFW95,GBEZ65,43038.0,USD,600,08/10/2015,71.73,USD,80.37
11/03/2013 03:20,BWHPXNOJ04579057,Gold Bolts,QWOA67,PNFK78,1966140.0,USD,6000,07/05/2016,327.69,USD,324.25
11/03/2013 03:20,AKLLOQIE70063105,Nefarious Security Cards,PIFN94,AMRO66,2074870.0,USD,7000,13/12/2016,139.79,GTQ,340.4
11/03/2013 03:20,EJVIQFRO27298688,Stocks,PBFW95,FDWI64,21218.1,TMM,300,20/03/2014,62.55,DZD,65.93
11/03/2013 03:21,LKAOQUJK01564850,Stocks,YOQG45,DJNE62,8195200.0,USD,80000,28/05/2015,872.08,GMD,125.58
11/03/2013 03:21,UXNPFSHV34667221,Stocks,PJKH65,YOQG45,2977.0,USD,100,28/08/2015,29.77,USD,26.51
11/03/2013 03:21,LXMOTJGM61727537,Dragon Disks,QHXJ50,OUNH49,285808.0,USD,800,11/08/2016,357.26,USD,324.36
11/03/2013 03:21,TRMIFDFM26333436,Fumbles,MKHA46,JXGF57,894658.21,GTQ,7000,16/03/2017,271.01,USD,125.61
11/03/2013 03:21,EJKISZRW68980930,Stocks,BMRZ75,KKGI60,125864.0,USD,800,16/02/2017,157.33,USD,148.81
11/03/2013 03:21,RZYPWMUB91477220,Stocks,LKPN86,SFEO61,9000.0,USD,2000,30/07/2016,4.5,USD,3.79
11/03/2013 03:22,GBRSLYAD28602756,Stocks,ZFHD93,QBAP68,8886.0,USD,600,08/09/2014,14.81,USD,17.01
11/03/2013 03:22,THYMUXEW90455457,Red Shells,AHMZ79,THJF58,982600.0,USD,10000,21/09/2017,98.26,USD,115.7
11/03/2013 03:22,BCHWITGV04550826,Star Rubies,PQSW95,GYWU23,2826360.0,USD,9000,04/04/2014,314.04,USD,370.76
11/03/2013 03:23,QETSJBBM92207605,Stocks,IBLA29,KEVJ11,9824.67,MAD,300,17/12/2017,12.62,USD,29.9
11/03/2013 03:23,IJYUSGVB33385597,Ultra Nanotech,HHFP66,KKGY69,298208.42,LKR,4000,27/05/2015,56.05,USD,61.94
11/03/2013 03:23,GCBKQLET73247880,Curiel Greens,TYAE14,VPTI00,4759712.56,KHR,6000,02/05/2017,137.32,BND,876.11
11/03/2013 03:23,AJRLJOHA94780641,Stocks,MRAH32,SXTM39,412620.0,USD,3000,04/05/2015,999.56,CLP,164.77
11/03/2013 03:23,HSSENNOP08551177,Life Orbs,CBOX52,QBVN33,6203847.72,AWG,40000,13/05/2018,135.73,SGD,171.55
11/03/2013 03:23,CYLCRTTA79399720,Stocks,ZBIO05,MKHA46,8162400.0,USD,40000,26/02/2015,204.06,USD,185.65
11/03/2013 03:23,ISFLIVFG60161002,SMILEs,QLMY86,WVHK10,120637371.12,SDG,60000,01/10/2016,226.06,USD,2157.95
11/03/2013 03:23,QLELBRXX66845123,Red Cards,YCZA59,JVHD93,104802.0,USD,300,22/12/2018,349.34,USD,390.29
11/03/2013 03:24,RXISOSSZ23101756,Misty Seeds,LBKT00,TQSJ85,4254400.0,USD,20000,13/06/2014,212.72,USD,238.76
11/03/2013 03:24,FUXCBFYZ96528395,Stocks,SXHU74,MFJJ99,334850.0,USD,5000,26/06/2016,66.97,USD,58.02
11/03/2013 03:24,ZAFAOQIW77903570,Stocks,QCRG59,DBCS17,320721.13,DOP,600,01/06/2017,72.82,USD,566.47
11/03/2013 03:24,WEJKNNWV56887514,Dragon Eggs,OPZI26,YCZA59,519084.0,USD,900,13/04/2015,576.76,USD,576.0
11/03/2013 03:24,WCDQKHBT29503333,Stocks,IZTD25,BBJG05,178110.0,USD,1000,22/05/2017,178.11,USD,197.08
11/03/2013 03:25,NHBMFFAX26258805,Stocks,KKZA87,VLJL11,134585.0,USD,500,14/02/2016,269.17,USD,235.65
11/03/2013 03:25,ERYFXMNS42778756,K-9s,CIXF70,IBLA29,1181790.0,USD,9000,28/02/2018,131.31,USD,121.02
11/03/2013 03:25,YPSBWDKH52836367,Digivices,VXSM31,HWJF09,2582885.22,PGK,10000,26/10/2018,94.58,USD,243.78
11/03/2013 03:25,RFAAVKHL50070415,King Rocks,DVVB31,AYIH50,3020000.0,USD,10000,24/08/2017,302.0,USD,284.81
11/03/2013 03:25,BZYUVWSN96863253,Stocks,SBUT62,DDIB11,1582200.0,USD,90000,14/10/2015,17.58,USD,20.61
11/03/2013 03:25,NBRVJCZG98100677,Stocks,FJOI82,AMRO66,39642.0,USD,600,19/09/2016,66.07,USD,57.66
11/03/2013 03:25,YUVZXEVH38166285,Dragon Scale Mail,BBJG05,CAVR54,272736.0,USD,600,03/03/2018,454.56,USD,523.51
11/03/2013 03:25,KPQDJKVD17862082,Stocks,DVVB31,BDBU00,2597011.2,IDR,4000,17/11/2016,122.04,USD,723.6
11/03/2013 03:26,UYPOWGPK81524612,Stocks,FGQR22,QBAP68,7405.0,USD,500,07/09/2018,14.81,USD,17.62
11/03/2013 03:26,DZYKTUQG62049029,Piranha Plants,YOQG45,HNLV68,456264.0,USD,800,06/08/2015,570.33,USD,577.96
11/03/2013 03:26,QXXYXDDQ80135560,Tear Stones,GZED20,LIJW00,68225.0,USD,500,01/02/2016,136.45,USD,151.74
11/03/2013 03:26,RFCMXNPC29519124,Stocks,RDBE21,ESPL27,20230.22,SLL,100,16/09/2015,54.82,USD,193.6
11/03/2013 03:26,ZWKVSKJK48185470,Amulets of Life Saving,EDYH00,RDBE21,163518.0,USD,600,25/10/2015,272.53,USD,241.67
11/03/2013 03:26,UJGTTDTY09986417,Stocks,BMRZ75,NCCX02,36274.1,ALL,100,26/05/2015,193.4,USD,436.36
11/03/2013 03:26,KFOSAOTC65708915,Super Soldier Serums,MKHA46,YOQG45,48806.62,VEB,300,15/05/2018,126.37,USD,176.97
11/03/2013 03:26,UITJOFJN46339513,Stocks,HFLM11,PBFW95,134728.0,USD,800,28/08/2014,168.41,USD,189.74
11/03/2013 03:27,BEKPKMAM54840663,Muscle Bands,PKBF70,EDYH00,30162506.54,CVE,7000,18/11/2014,329.85,USD,3691.02
11/03/2013 03:27,CCVFPERC33359265,Stocks,QLCE04,IBLA29,3379300.0,USD,10000,26/08/2018,337.93,USD,366.71
11/03/2013 03:27,TTAHCWWS59114067,Stocks,FAWI50,SMYT95,745600.0,USD,5000,27/09/2017,149.12,USD,157.46
11/03/2013 03:27,SCYRYPYD72547491,Stocks,UFAY59,TBVE46,1242360.0,USD,7000,21/01/2015,177.48,USD,181.81
11/03/2013 03:27,VKRJVFXW93279475,Hurtloam,YWMD69,DVVB31,1381227.81,ETB,500,25/10/2016,297.23,USD,2870.15
11/03/2013 03:27,YUUNWHDX35975907,Hexagonal Crystals,JVHD93,BBJG05,192609288.69,GHS,70000,17/02/2018,264.81,USD,2596.8
11/03/2013 03:27,VOZAPZOB68157696,Stocks,SFEO61,ORQH73,27008.0,USD,100,04/09/2016,270.08,USD,258.65
11/03/2013 03:28,CISQGKQC27278132,Veritaserums,QOKP03,AWYB85,3836480.0,USD,8000,10/03/2014,479.56,USD,555.42
11/03/2013 03:28,YOOAWUZY74737183,Stocks,SEKK26,QMZU44,13198869.93,KPW,30000,26/01/2015,1560.54,GMD,370.98
11/03/2013 03:28,EVOWJLEY64300825,Stocks,VXSM31,RNZB01,2804365.55,SRD,70000,14/03/2018,7.21,USD,43.4
11/03/2013 03:28,JPWOXQKU25923374,Stocks,FJOI82,MFZY76,14345.0,USD,100,26/03/2014,143.45,USD,158.43
11/03/2013 03:28,ZCVFGGWG74424480,Levitation Boots,ERHJ34,FAWI50,17204422.2,TTD,40000,06/10/2017,82.09,USD,396.43
11/03/2013 03:29,EXRRHKTR97060315,Stocks,VLJL11,TKVF94,18683.0,USD,700,20/09/2014,26.69,USD,28.29
11/03/2013 03:29,BTPSDMHC02198666,Nefarious Security Cards,OHKH76,AMRO66,1482050.0,USD,5000,29/05/2014,296.41,USD,253.98
11/03/2013 03:29,ZPWEEGTS25209008,Toxic Orbs,YOQG45,QXFF29,37080.0,USD,2000,30/08/2015,18.54,USD,20.93
11/03/2013 03:29,NZTBODKR00292080,Potions of Water,QBAP68,HHOA99,1114800.0,USD,8000,17/04/2018,7728.66,MUR,153.55
11/03/2013 03:29,DNKBSMMN93049385,Clank Model Robots,NFAH30,QETH27,71224.0,USD,800,02/08/2016,89.03,USD,95.21
11/03/2013 03:30,PFTWYVQG55054235,Rings of Aggravate Monster,RJCA92,TVQQ54,140329.58,KGS,100,24/01/2015,166.91,USD,1647.87
11/03/2013 03:30,GQYZEEUR85806725,Holy Hand Grenades,THJF58,VLJL11,418740.0,USD,2000,13/07/2017,209.37,USD,240.54
11/03/2013 03:30,OLINNTPB07137105,Zanpakutos,VXSM31,UIKN63,588000.0,USD,60000,31/12/2015,9.8,USD,9.19
11/03/2013 03:30,HBKJLEXQ72053609,Stocks,NQJL85,MDEQ10,71130.0,USD,1000,03/06/2015,71.13,USD,68.92
11/03/2013 03:30,LZCILVYC69346969,Stocks,BBJG05,FJOI82,121858.45,RON,900,16/12/2018,90.38,USD,144.01
11/03/2013 03:30,IUYMOPFU49025173,Choice Bands,FDWI64,AMRO66,938770.0,USD,7000,26/03/2018,124.64,THB,141.86
11/03/2013 03:31,PFSUHLHO51261192,Stocks,QETH27,HXDA52,45348.0,USD,200,16/05/2014,226.74,USD,209.27
11/03/2013 03:31,YJCHXJHP73015862,Stocks,ZSXF19,LIJW00,986850.0,USD,9000,22/01/2018,1870.59,CAD,107.57
11/03/2013 03:32,AOCRVWWG35416765,SMILEs,FGQR22,WVHK10,45212.0,USD,200,30/10/2016,226.06,USD,256.58
11/03/2013 03:32,FPTTHBYU28019450,Rings of Cold Resistance,IZTD25,DGTY64,43244.0,USD,200,06/09/2018,99666.33,TWD,236.65
11/03/2013 03:32,GUIOZOGM89976477,Stocks,IJPI82,RFZG50,808290.75,INR,400,06/04/2016,63.72,USD,2186.21
11/03/2013 03:33,XANLLZFR75700278,Madman's Knowledges,WVHK10,CAVR54,35842.0,USD,100,24/03/2015,358.42,USD,328.38
11/03/2013 03:33,FRUGJHLX81492479,Phials of Galadriel,UEVD88,WIZJ73,16061929.3,UGX,8000,13/07/2014,212.98,USD,2308.74
11/03/2013 03:33,XYOJMAFP19007785,Stocks,CMZC67,JZTC69,152166.0,USD,700,26/08/2015,217.38,USD,191.65
11/03/2013 03:33,KRIMMVIH99482338,Stocks,VESX21,XHYN07,60820.0,USD,2000,06/09/2015,30.41,USD,26.0
11/03/2013 03:33,OTJXKQYW97929244,Bright Powders,IZTD25,FORM54,12786000.0,USD,60000,07/11/2016,213.1,USD,239.68
11/03/2013 03:34,TZRTKFPM82155011,Oo-Rays,TRFG21,SFEO61,117800.0,USD,400,12/07/2016,294.5,USD,264.65
11/03/2013 03:34,MPMYQGQW10410819,Scent Charms,GBEZ65,BPLN25,48720.0,USD,2000,27/11/2017,24.36,USD,26.82
11/03/2013 03:35,URNYCBJQ10701915,Stocks,SXTM39,NCYN50,1065.22,BMD,100,18/06/2015,11.82,USD,11.82
11/03/2013 03:35,GIPGKLJY13776168,Devil Fruits,EKXA24,TGZI54,97790.0,USD,500,12/03/2016,195.58,USD,171.96
11/03/2013 03:35,XFMUKDNC90231866,Stocks,NQJL85,UFAY59,6219535.44,XCD,2000,26/01/2017,782.41,RWF,3651.72
11/03/2013 03:35,BFEYCRFB97182305,Stocks,PBFW95,DVVB31,1255980.0,USD,6000,27/01/2015,209.33,USD,230.74
11/03/2013 03:35,QPFSTUQS96135883,Stocks,VLJL11,VAHJ53,274539.32,TTD,900,11/01/2015,58.22,USD,276.67
11/03/2013 03:36,DNYBZTGU02406530,Stocks,LIJW00,UIKN63,14551.0,USD,100,15/04/2017,699.26,ZMK,133.68
11/03/2013 03:36,GUJUDCZF14326951,Stocks,QETH27,GIWG34,14120.0,USD,4000,26/08/2015,3.53,USD,3.28
11/03/2013 03:37,SRNEJFZF30069597,Stocks,SFEO61,UIKN63,29102.0,USD,200,15/03/2017,145.51,USD,130.95
11/03/2013 03:37,DMBOJGXB27030394,Romulan Ale,GIWG34,SMYT95,90855.0,USD,900,14/09/2016,100.95,USD,111.67
11/03/2013 03:37,FEZAUXFF31001874,Safety Goggles,EIWJ22,SEKK26,240780.0,USD,600,20/12/2016,2686.34,RWF,371.3
11/03/2013 03:37,JBVEVJVX65284996,Stocks,WVHK10,UACN81,8910.0,USD,500,30/05/2018,24.73,DKK,19.81
11/03/2013 03:37,AVKSWBAO19918199,Stocks,MFJJ99,MRAH32,22444.0,USD,200,07/03/2016,112.22,USD,123.46
11/03/2013 03:37,HKINPTJW06549610,Stocks,FGQR22,RFZG50,505478.02,RSD,8000,06/03/2017,63.72,USD,67.42
11/03/2013 03:38,RHDLPRIJ51057265,Drums of Earthquake,DNIL23,DDIB11,232219.83,TZS,200,14/02/2014,115.66,USD,1028.23
11/03/2013 03:38,YYMUFOKD35084427,Stocks,LKPN86,NFAH30,236781.0,USD,900,24/02/2018,263.09,USD,231.33
11/03/2013 03:38,SRVDZARE78946145,Stocks,QBAP68,AHMZ79,4079400.0,USD,30000,19/11/2015,135.98,USD,145.19
11/03/2013 03:38,VBUGEVOO89993027,Thousand Sunnys,CBOX52,WVHK10,132300.0,USD,900,19/11/2018,147.0,USD,128.72
11/03/2013 03:39,DUAGPOIZ52985834,Stocks,YOQG45,DJNE62,121149.64,WST,400,09/08/2014,102.44,USD,254.54
11/03/2013 03:39,HOYMMFSI95278787,Night Dust,AGBH66,QLMY86,76149.0,USD,300,19/08/2018,253.83,USD,240.92
11/03/2013 03:39,HEPCNNVD68622217,Pokedexes,JCWS17,HXDA52,13966200.0,USD,90000,18/08/2015,155.18,USD,149.97
11/03/2013 03:39,VKJFRTLQ52393868,Stocks,FAWI50,VAHJ53,5239800.0,USD,90000,10/12/2016,58.22,USD,61.7
11/03/2013 03:39,OTLWCUDF19668855,Amulets of Restful Sleep,SZRJ90,VGYT30,3324.0,USD,300,22/05/2014,11.08,USD,12.68
11/03/2013 03:39,APRCGFEJ35358173,Stocks,YWMD69,SFEO61,98187.3,GBP,2000,23/10/2015,4.5,USD,43.38
11/03/2013 03:39,BANGLPNM74211214,Baku Disks,LBKT00,QWOA67,559715.02,VUV,800,31/07/2018,24.96,USD,617.68
11/03/2013 03:39,ORHHEZKS27949452,Pulse Rifles,YFAM59,PKBF70,33744.47,AZN,200,28/12/2014,23.75,USD,150.7
11/03/2013 03:39,TWPYTWYZ48342562,Stocks,XRBV61,FGQR22,656000.0,USD,50000,14/02/2014,13.12,USD,15.39
11/03/2013 03:40,EPWHJJGR05299137,Stocks,OKYS51,HNLV68,358579.48,CNY,800,23/08/2018,65.55,USD,508.26
11/03/2013 03:40,DNZHSAGN21338471,Lucky Cat Paws,VTKE98,SFZS08,4060600.0,USD,20000,08/09/2016,203.03,USD,185.91
11/03/2013 03:40,BDIOMQGX47154696,Sending Stones,TYAE14,ZEHM52,86817072.12,SCR,30000,02/08/2014,646.22,USD,2871.91
11/03/2013 03:40,KYZSKLTG91445311,Chainsaws,OUNH49,VESX21,42240178.8,FKP,90000,06/12/2015,62.96,USD,483.26
11/03/2013 03:40,NENWDDMH75371312,Stocks,RFZG50,VCSF07,7998138.14,UAH,8000,12/05/2014,32.22,USD,980.33
11/03/2013 03:40,IUSNHWIT64826135,Leftovers,EPZN28,NXTO39,2959200.0,USD,10000,28/06/2015,295.92,USD,297.72
11/03/2013 03:41,VRROVLVB61111264,Gonnes,AYIH50,NCYN50,34076.0,USD,400,15/01/2015,85.19,USD,65.04
11/03/2013 03:41,NWKWPYAL17134397,Stocks,BPLN25,HFLM11,74598.0,USD,600,15/11/2015,124.33,USD,139.89
11/03/2013 03:41,CKPCCQMO73757490,Amulets of Shinnok,RDBE21,VTKE98,25984.0,USD,700,22/03/2014,37.12,USD,40.26
11/03/2013 03:41,OLRQXPII37572916,Stocks,OQXV70,JXGF57,96736.0,USD,800,01/03/2016,120.92,USD,130.91
11/03/2013 03:41,LKXLLHAA76288722,Lawgivers,OPET16,FDWI64,7928.0,USD,100,02/12/2016,79.28,USD,76.3
11/03/2013 03:41,WKHVOYAJ83979075,Stocks,UFAY59,CQPJ57,608506.5,IQD,1000,08/06/2017,51.0,USD,621.71
11/03/2013 03:41,RAZHJWKD70093268,Red Orbs,CVMG22,CUVZ50,2591160.0,USD,6000,23/12/2016,431.86,USD,353.62
11/03/2013 03:42,SLPOIVHH13711729,Gauntlets of Power,PBFW95,NFAH30,391683.42,ALL,700,28/03/2018,298.33,USD,540.82
11/03/2013 03:42,MVFIQJZV13410771,Wonka Bars,PJKH65,AWYB85,4188645.61,FJD,2000,30/04/2016,218.22,USD,2354.67
11/03/2013 03:43,TQVXRSXQ68640508,Rings of Regeneration,SEKK26,GZED20,571785.16,HKD,900,10/12/2017,141.26,USD,708.63
11/03/2013 03:43,UJYNKALU19820276,Stocks,AMRO66,PJKH65,157678.07,HUF,3000,12/09/2016,15.45,USD,58.99
11/03/2013 03:43,XGRTWHAR95247834,Stocks,DGTY64,RJUD59,11538.0,USD,900,16/04/2015,12.82,USD,14.71
11/03/2013 03:43,DEXTBYYB16425336,Stocks,DREA89,HWJF09,10699800.0,USD,60000,22/05/2018,1122.55,AOA,169.83
11/03/2013 03:44,PORSJRHH12611112,Stocks,QBAP68,MRAH32,22444.0,USD,200,13/06/2017,112.22,USD,85.6
11/03/2013 03:44,UBTMPNFY21132066,Stocks,BDBU00,RQGG65,148590.0,USD,3000,31/03/2017,49.53,USD,44.59
11/03/2013 03:44,NVWDRIVE88631488,Stocks,JVHD93,DNIL23,85188.8,THB,400,08/12/2016,229.15,USD,187.18
11/03/2013 03:44,YZOSBJNV31017402,Stocks,CUVZ50,SRYE59,2394.0,USD,900,04/11/2014,4.99,ALL,2.91
11/03/2013 03:45,QXDTXHOY03179471,Stocks,KRXZ15,TBVE46,159732.0,USD,900,09/07/2014,177.48,USD,181.45
11/03/2013 03:45,QRDYXJUK78202371,Stocks,DILF10,GZED20,2086300.0,USD,10000,08/05/2015,208.63,USD,197.77
11/03/2013 03:45,OJHYXRAG65042050,Stocks,ZBIO05,CQPJ57,95655.6,ALL,1000,10/12/2017,51.0,USD,107.68
11/03/2013 03:45,KZNQQRPD91715559,Stocks,UWUK72,TBVE46,317916.37,SCR,400,03/01/2017,177.48,USD,882.54
11/03/2013 03:45,PHTILPTA76848647,Smooth Rocks,QBAP68,VXSM31,135718638.96,LBP,40000,04/04/2015,342.34,USD,2780.26
11/03/2013 03:45,BKIVYCCE29376689,Infiltrators,QLMY86,BDBU00,11454683.92,HNL,10000,06/02/2016,559.42,USD,1220.12
11/03/2013 03:46,PQUWIJCO74229899,Stocks,QMZU44,ZVEN26,254140.95,IQD,600,29/10/2014,3329.76,AUD,428.97
11/03/2013 03:46,FCGJXODK83647191,Stocks,ZBIO05,UEVD88,216020.0,USD,1000,10/10/2017,216.02,USD,250.19
11/03/2013 03:46,UYJNTBZB63108247,Stocks,JZTC69,QLMY86,22727.0,USD,100,27/11/2017,227.27,USD,223.28
11/03/2013 03:46,HMDTYHXE49381202,Thief Gloves,QLMY86,GZED20,1314666.21,QAR,700,25/11/2014,504.2,USD,1726.08
11/03/2013 03:47,TPKPCOIN71316210,Rings of Free Action,QCRG59,QOKP03,1238687.14,PYG,700,12/11/2018,1360.62,SRD,1823.7
11/03/2013 03:47,KMPPISMW94799286,Stocks,ZEHM52,MYXF05,6350.0,USD,500,08/08/2015,12.7,USD,12.26
11/03/2013 03:47,FNJPQHSM83387135,Traveler Charms,EDYH00,AMBT33,230840.0,USD,1000,04/05/2015,230.84,USD,256.41
11/03/2013 03:47,TOHIGNRJ15796288,Stocks,OQXV70,CUVZ50,4957402.8,IRR,5000,25/12/2018,88.62,USD,976.36
11/03/2013 03:47,UPWOZQZE95416026,Stocks,QODV38,GSTD71,452600.0,USD,5000,14/02/2015,90.52,USD,100.86
11/03/2013 03:47,ZIZYGMRJ91152548,Stocks,AYIH50,KRXZ15,269889.74,HUF,300,04/05/2018,264.45,USD,1041.72
11/03/2013 03:47,VBTOYFDA02592979,Stocks,BMRZ75,TQSJ85,797920.0,USD,4000,04/01/2015,199.48,USD,177.26
11/03/2013 03:47,WNBWDABX89747784,Mithril Bars,EKXA24,EIWJ22,118400.0,USD,40000,23/02/2018,2.96,USD,3.2
11/03/2013 03:47,QQKVQYFK25641621,Stocks,LWGE44,NXTO39,37796903.64,SCR,60000,08/10/2016,140.67,USD,672.28
11/03/2013 03:47,FLDXTHLH15143235,Mirrors of Erised,IIZF28,CQPJ57,1901700.0,USD,5000,14/02/2018,380.34,USD,403.73
11/03/2013 03:48,SUOIVEOG69522698,Stocks,HFLM11,HYSJ42,1660372.53,TOP,700,27/02/2015,249.47,USD,2666.1
11/03/2013 03:48,YHMYYPRG73261988,Stocks,DGTY64,SFEO61,405000.0,USD,90000,10/03/2016,4.5,USD,3.92
11/03/2013 03:48,HRRFXQBP11393680,Mithril Bars,UWUK72,EIWJ22,888.0,USD,300,02/11/2017,2.96,USD,2.78
11/03/2013 03:48,ATSVVSLD09182771,Heat Rocks,ZSXF19,KKZA87,6962.38,PLN,2000,07/01/2015,17.68,USD,3.06
11/03/2013 03:48,NWGHZYBO36744730,Aether Tanks,GSTD71,TVQQ54,16236.0,USD,600,22/11/2015,27.06,USD,29.09
11/03/2013 03:48,CRJTHNKT02533602,Stocks,EKXA24,GYWU23,236740.14,PYG,2000,14/11/2017,21.79,LKR,121.1
11/03/2013 03:48,KDCAVQHK46113709,Soma Drops,GZED20,OCQF34,29400.0,USD,200,22/08/2014,147.0,USD,158.97
11/03/2013 03:49,SOWRPGRL14308520,Ampules,IJPI82,LAUA80,54830.0,USD,200,21/02/2016,274.15,USD,300.43
11/03/2013 03:49,PFXFHDWZ90700749,Ghost Disks,PIFN94,NCCX02,75060.0,USD,2000,06/07/2015,37.53,USD,34.9
11/03/2013 03:49,DWNOKQFV43583138,Dornish Red,TVQQ54,VCSF07,83158830.54,SCR,90000,28/03/2017,206.33,USD,972.5
11/03/2013 03:49,RQFMLVRK55248540,Stocks,DVVB31,GGLV00,88850.0,USD,5000,11/02/2016,17.77,USD,15.25
11/03/2013 03:49,BDRCXNLX88683312,Stocks,YSSR29,QHXJ50,57708.0,USD,700,15/02/2014,82.44,USD,87.36
11/03/2013 03:50,WEDMTICQ13599890,Stocks,EIWJ22,NCXS33,110616.0,USD,800,26/01/2017,138.27,USD,150.56
11/03/2013 03:50,TYNIVWLS25084240,Duff,PNFK78,WIZJ73,11831600.0,USD,40000,21/06/2015,295.79,USD,248.31
11/03/2013 03:51,TDTHNOVN12238487,Moranth Flamers,BBAX06,ERHJ34,357507.0,USD,900,01/08/2017,397.23,USD,350.45
11/03/2013 03:51,IVGKCPSF51779319,Shining Coins,DBCS17,NCCX02,2539670.0,USD,7000,01/02/2015,362.81,USD,398.1
11/03/2013 03:52,PRMVADYL52318629,Stocks,YLGZ72,ZDAI73,12846561.89,FJD,8000,11/02/2015,1126.01,SAR,1660.3
11/03/2013 03:52,XZJYSLKD93682492,Stocks,CQPJ57,EDYH00,634962.22,HTG,600,17/01/2016,59.38,USD,950.16
11/03/2013 03:52,RVYXUWLE87286798,Australium Bars,DVVB31,OUNH49,793940.0,USD,7000,14/09/2016,113.42,USD,106.88
11/03/2013 03:52,OWNJGZIW05001756,Centipedes,LWGE44,SUOX82,242880.0,USD,800,28/08/2015,303.6,USD,295.63
11/03/2013 03:52,KHBEPXVQ11619840,Stocks,RJCA92,SFZS08,166436.73,BRL,100,13/02/2017,156.33,USD,1816.86
11/03/2013 03:52,GEHADRTK54263081,Stocks,DREA89,TGZI54,108951.45,BAM,1000,10/04/2015,300.39,USD,121.36
11/03/2013 03:52,CZHOIBIW87567337,Stocks,MHFC34,WVEI17,1245911.86,HUF,4000,25/01/2018,91.56,USD,255.57
11/03/2013 03:53,IWCOGJOB60146004,Amulets of Change,LWGE44,CQPJ57,24083100.0,USD,90000,28/10/2018,267.59,USD,306.64
11/03/2013 03:53,MIHKNWWN16668237,Stocks,YFAM59,SXHU74,8771400.0,USD,90000,18/02/2017,97.46,USD,108.69
11/03/2013 03:53,XJKHGRTF49900344,Stocks,ZXVX98,YCZA59,35430.0,USD,300,16/08/2015,118.1,USD,123.22
11/03/2013 03:53,RGFPIOEQ60118433,Fumble Boots,MYXF05,QWOA67,336630.01,MVR,500,01/04/2017,101.39,USD,745.18
11/03/2013 03:53,QCQOCOEK65239913,PROBLEMs,ZNQA84,CMZC67,1258019.64,BGN,60000,08/02/2015,230.66,USD,17.72
11/03/2013 03:54,LEYJILSU36320388,Gold Pendants,MRAH32,NQJL85,423873.0,USD,900,16/03/2014,470.97,USD,563.41
11/03/2013 03:54,GIMGWPTG35168942,Stocks,QHXJ50,DDIB11,7032.0,USD,400,06/08/2017,17.58,USD,14.86
11/03/2013 03:54,IAZFNYXG04896533,Ghost Disks,UWUK72,NCCX02,18765.0,USD,500,18/11/2015,37.53,USD,29.9
11/03/2013 03:54,SQTAQEED53627039,Pressures,GGLV00,SWGF93,285995.0,USD,500,10/11/2015,571.99,USD,543.41
11/03/2013 03:54,NDEWQNVO92833362,Stocks,QBAP68,RQGG65,9906.0,USD,200,08/12/2015,49.53,USD,45.02
11/03/2013 03:55,VSJNPBMQ78648274,Stocks,DJNE62,RDBE21,690266.82,CZK,8000,20/03/2014,107.07,SRD,91.49
11/03/2013 03:55,ERKTWXMW79345299,Muscle Bands,SZRJ90,EDYH00,475907.58,BND,4000,12/09/2017,329.85,USD,108.3
11/03/2013 03:55,TCUHRANM26986156,Stocks,MSHS03,UWUK72,11676.0,USD,100,12/04/2016,116.76,USD,122.0
11/03/2013 03:56,JRABCXQB48207873,Stocks,CQPJ57,LIJW00,986850.0,USD,9000,23/10/2016,109.65,USD,120.26
11/03/2013 03:56,RGUWDCNX04597693,Evangelions,VLJL11,NGBA40,14734800.0,USD,30000,26/12/2018,491.16,USD,465.64
11/03/2013 03:56,GVHENVYA33790278,Star Rubies,FDWI64,GYWU23,1740246.38,MWK,900,02/01/2014,314.04,USD,1723.46
11/03/2013 03:56,BHTAZAUH85553620,Megacorp Helmets,KKZA87,AHMZ79,39428.0,USD,400,17/10/2017,98.57,USD,111.28
11/03/2013 03:56,QLVNYQLV25686786,Mirrors of Hope,GIWG34,QLCE04,960564.86,GIP,200,15/07/2016,694.13,USD,5733.7
11/03/2013 03:56,EAPQZOKT12931895,Stocks,VAHJ53,BBAX06,63900.0,USD,2000,13/01/2015,31.95,USD,29.77
11/03/2013 03:56,HQFGAWVT90075860,Gold Pendants,BBAX06,NQJL85,2825820.0,USD,6000,30/09/2017,3710.68,YER,526.05
11/03/2013 03:57,UTTVGTZF29014502,Stocks,LIIS96,SRYE59,1862.0,USD,700,02/02/2016,2.66,USD,2.88
11/03/2013 03:57,XVXBISRD95988663,Stocks,RJCA92,CBOX52,187176.95,HKD,200,15/12/2018,208.09,USD,1079.33
11/03/2013 03:57,DEBINREB85327174,Stocks,QHXJ50,TBVE46,532440.0,USD,3000,17/10/2014,177.48,USD,196.64
11/03/2013 03:57,GWIOSWFV75788750,Razor Claws,KKGY69,UWUK72,13799.64,VEB,300,02/12/2016,35.73,USD,39.86
11/03/2013 03:58,GHNLHAOL64631768,Bolts,QOKP03,EPZN28,77786.0,USD,200,26/04/2015,388.93,USD,427.7
11/03/2013 03:58,CKJUVATS59633208,Premium Nanotech,SXTM39,DREA89,9009759.09,XCD,1000,07/01/2018,338.63,USD,9128.8
11/03/2013 03:58,YRLDSGJJ77023180,Stocks,QHXJ50,PIFN94,21772200.0,USD,60000,22/08/2018,362.87,USD,411.88
11/03/2013 03:59,DYOXUGFA31974415,Potions of Water,VXSM31,HHOA99,12541500.0,USD,90000,31/03/2014,139.35,USD,138.86
11/03/2013 03:59,KEZOEDJL98288430,Hand Lanterns,SBUT62,CIXF70,255520.0,USD,500,13/10/2017,511.04,USD,418.63
11/03/2013 03:59,GYNYIXNQ77091140,Stocks,YSSR29,DVVB31,1674640.0,USD,8000,13/01/2018,1431.38,CNY,198.73
11/03/2013 03:59,KKXCTKMK38940349,Millennium Eyes,KKGI60,CIXF70,2950500.0,USD,7000,27/02/2018,421.5,USD,426.36
11/03/2013 03:59,RLJDHIOD65870783,Heart Containers,JCWS17,OCQF34,76162.0,USD,200,22/10/2018,380.81,USD,434.57
11/03/2013 03:59,OWSZXELO12339669,Gadgebot Upgrade Chips,VVBY18,SEKK26,84768.0,USD,800,19/06/2018,105.96,USD,102.39
11/03/2013 03:59,IRJTWRHQ75178784,Infobots,YLGZ72,BMRZ75,8974092.06,XPF,90000,01/02/2014,278.37,USD,110.17
11/03/2013 03:59,JDBHKCBX87016969,Stocks,GGLV00,OPZI26,20346.03,TND,100,29/07/2018,34.69,USD,159.78
11/03/2013 04:00,UKPTKYFS62488987,Stocks,VIMV38,AMRO66,198210.0,USD,3000,26/05/2016,66.07,USD,58.64
11/03/2013 04:00,SECIKMGI19627791,Turbo Ethers,TRFG21,VPTI00,24600.0,USD,600,12/03/2016,41.0,USD,51.6
11/03/2013 04:00,SQAETENZ07037036,Stocks,CIXF70,SBUT62,13570.0,USD,200,08/08/2017,67.85,USD,59.14
11/03/2013 04:01,LXPLYEOA05471305,Metronomes,WHPS18,YWMD69,28707.0,USD,300,02/05/2018,95.69,USD,82.07
11/03/2013 04:01,ZIEBIHTU39290906,PROBLEMs,BPLN25,CMZC67,6463.09,JPY,600,01/07/2015,230.66,USD,12.48
11/03/2013 04:01,IPTATOCF32036207,Gonnes,HHFP66,NCYN50,170380.0,USD,2000,14/01/2017,85.19,USD,89.6
11/03/2013 04:01,RXGKQDGX77665502,Stocks,QBAP68,NGBA40,44030.0,USD,500,21/09/2016,88.06,USD,96.22
11/03/2013 04:01,QRJHAKEL01091748,Stocks,VCSF07,YFAM59,213810.0,USD,3000,08/09/2014,71.27,USD,82.63
11/03/2013 04:01,UVCEHUFX24530592,Stocks,QMZU44,ZSXF19,649040.0,USD,8000,28/09/2015,81.13,USD,71.25
11/03/2013 04:01,OXILIIVU24330423,Tonsil Stones,TYAE14,LAUA80,22831200.0,USD,80000,17/02/2016,2168.85,BSD,244.88
11/03/2013 04:02,GXJWMIXG02696246,Life Orbs,NGBA40,QBVN33,869500.0,USD,50000,02/02/2016,17.39,USD,14.72
11/03/2013 04:02,PKYIWJDR87664572,Stocks,BBAX06,PVAZ61,86280.0,USD,600,11/09/2014,143.8,USD,155.26
11/03/2013 04:03,ZURKWZDQ14468596,Rings of Protection from Shape Changers,TQSJ85,QCRG59,1360440.48,JMD,6000,15/05/2017,275.17,USD,241.3
11/03/2013 04:03,KVGFZQME37997893,Drops,EIWJ22,MEOQ86,254020.0,USD,1000,19/12/2014,254.02,USD,268.93
11/03/2013 04:03,QGCJDKML47019420,Stocks,EDYH00,AYIH50,50320.0,USD,400,05/11/2014,125.8,USD,104.16
11/03/2013 04:03,JVTVJAWJ85566401,Valaryian Steel Bars,JCWS17,OPZI26,23662.0,USD,100,02/09/2017,236.62,USD,208.63
11/03/2013 04:04,TQDOTHPJ65749660,Ogyo Disks,HHFP66,VVBY18,10718400.0,USD,30000,05/01/2017,357.28,USD,324.6
11/03/2013 04:04,DXRQCMNP65960676,Stalkers,NFAH30,TKVF94,136664.0,USD,400,09/12/2018,341.66,USD,341.39
11/03/2013 04:04,KYOAHKCS81342242,Protective Pads,CAVR54,VESX21,47112.0,USD,300,04/04/2018,157.04,USD,144.49
11/03/2013 04:05,UAWPFDHQ53141910,Millennium Necklaces,TGZI54,ZXVX98,415763.81,NZD,800,21/09/2015,1706.09,KMF,494.85
11/03/2013 04:05,FQUWRXCP25586966,Stocks,WVHK10,QETH27,1442.0,USD,700,18/09/2016,2.06,USD,1.94
11/03/2013 04:05,EBUHJMER17780598,Stocks,CQPJ57,LIJW00,548250.0,USD,5000,04/04/2018,109.65,USD,117.77
11/03/2013 04:05,HCINZCAR91318244,Feedbags,ZMLP81,SUOX82,10451.0,USD,100,14/01/2016,104.51,USD,84.41
11/03/2013 04:05,LLBMNERE69052966,Stocks,UACN81,JVHD93,4487.0,USD,700,04/01/2017,20.01,BHD,5.55
11/03/2013 04:06,MIWUKREC01620768,Stocks,QMZU44,ERHJ34,1545320.0,USD,7000,01/01/2017,220.76,USD,199.03
11/03/2013 04:06,ROATJBOP82688520,Baku Disks,VKMV12,QWOA67,366724.8,NIO,9000,06/06/2015,24.96,USD,44.45
11/03/2013 04:06,WPPNWXTL49594010,Namekian Spring Water,YTAI13,OPET16,2895949.98,XOF,30000,09/05/2017,15.71,USD,87.23
11/03/2013 04:06,TXPZDBZM13018814,Saibamen Seeds,ZSXF19,YCZA59,248720.0,USD,1000,25/04/2017,248.72,USD,230.34
11/03/2013 04:06,PTJOZUZX35474562,Stocks,FAWI50,CBOX52,633900.41,ILS,400,30/10/2015,208.09,USD,1729.19
11/03/2013 04:06,IVJZEXHO44935188,Stocks,WVEI17,WYFO79,72088.0,USD,800,15/04/2015,90.11,USD,83.97
11/03/2013 04:06,XTTXLOVO58824409,Adamantium Bars,GBEZ65,LWGE44,1256480.0,USD,8000,30/03/2017,157.06,USD,147.37
11/03/2013 04:06,LIDTRFYG42954873,Z-crystals,KRRO64,QBAP68,21901.0,USD,100,13/02/2018,219.01,USD,243.34
11/03/2013 04:07,EPVPESGY27939790,Rupees,WYFO79,EDYH00,2197020.0,USD,6000,25/12/2015,4368.96,IQD,393.81
11/03/2013 04:07,EJKZSRCX19776832,Rings of See Invisible,SWGF93,DILF10,14735.68,BND,100,05/01/2017,408.53,USD,127.3
11/03/2013 04:07,ABMXYPEK23872587,Stocks,CMOI26,WIZJ73,697900.0,USD,70000,20/10/2014,9.97,USD,10.91
11/03/2013 04:07,BUQUZFEV98063369,Smoke Balls,YSSR29,QODV38,453453.0,USD,700,02/10/2018,647.79,USD,635.85
11/03/2013 04:07,QGSCAFNR43303616,Owls of Athena,SEKK26,WIZJ73,735660.0,USD,3000,11/06/2016,245.22,USD,222.51
11/03/2013 04:07,BBKOOECJ23837548,Primordial Flames,ZEHM52,HSWX88,14575.0,USD,500,29/05/2017,29.15,USD,24.71
11/03/2013 04:08,ZIXOHAEA15160728,Diverseys,SXHU74,TQSJ85,491987.7,XPF,10000,20/01/2017,137.35,USD,58.45
11/03/2013 04:08,BNUDEVUA25412015,Steel Soul Sake,SMYT95,WHPS18,2264235.12,TOP,2000,19/05/2018,119.07,USD,1000.55
11/03/2013 04:08,DETNVNOC40346776,Stocks,IBLA29,ZXVX98,3666228.05,STD,6000,03/12/2018,125.39,USD,529.92
11/03/2013 04:09,ODLPDWCZ79831440,Stocks,HSWX88,DBCS17,14564.0,USD,200,08/03/2016,278.76,XAF,79.95
11/03/2013 04:09,BODTGVTG52575051,Lavenders,RDBE21,KTLA69,838050.0,USD,3000,07/07/2015,279.35,USD,262.03
11/03/2013 04:09,TPFPLLCT99943676,Books of Cagliostro,FDWI64,MSHS03,893399.09,CVE,500,23/02/2016,136.78,USD,1458.05
11/03/2013 04:09,JPLGALDH12185903,Stocks,CIXF70,ISWT83,94722.0,USD,600,29/03/2016,157.87,USD,170.4
11/03/2013 04:09,YOGOUCAJ37383687,Rings of Hunger,SEKK26,ITTS26,519513.68,TMM,600,29/03/2017,228.44,USD,894.43
11/03/2013 04:10,UJNETSLN78881293,Damp Rocks,ZMLP81,YLGZ72,33568.0,USD,800,03/06/2014,41.96,USD,44.36
11/03/2013 04:10,TDCIVSMM20804178,Stocks,LIJW00,YWMD69,1196700.0,USD,6000,11/12/2015,199.45,USD,231.29
11/03/2013 04:10,TCINHFTG67205149,Terrain Extenders,VVBY18,IJPI82,72721489.8,SCR,60000,26/10/2014,270.65,USD,1265.99
11/03/2013 04:11,DUEHUQJH07534307,Fusion Loaders,TQSJ85,HHOA99,98667.41,JMD,700,08/01/2018,171.06,USD,156.96
11/03/2013 04:11,HYBWPLXA90685027,Stocks,TVQQ54,BBAX06,150509.74,SAR,700,06/05/2018,31.95,USD,252.06
11/03/2013 04:11,BFIVHCFF71064645,Stocks,DREA89,ZFHD93,58919.0,USD,700,28/03/2014,84.17,USD,86.66
11/03/2013 04:12,SMOKDVSW77836040,V-Tamer Taags,RJCA92,RDBE21,1332600.0,USD,10000,20/03/2016,133.26,USD,126.75
11/03/2013 04:12,OBUCQBMX53551095,BFG 9000s,XHYN07,QCRG59,91648.0,USD,800,26/08/2016,114.56,USD,94.49
11/03/2013 04:12,VJRVQADX24001460,Eyes of Agamotto,UFAY59,BPLN25,111031689.65,RWF,50000,21/11/2015,331.73,USD,2094.98
11/03/2013 04:12,YKBEGSJP63753147,Stocks,VCSF07,JXGF57,725520.0,USD,6000,16/03/2015,309.48,MRO,131.53
11/03/2013 04:12,XWFDUCNL97660131,Lavenders,NFAH30,KTLA69,38170.38,MNT,800,18/08/2014,279.35,USD,43.71
11/03/2013 04:12,OORULTUG70343868,Rings of Gain Constitution,ISWT83,YSSR29,58260.0,USD,500,21/11/2016,116.52,USD,120.27
11/03/2013 04:12,SWRYFMFZ48871441,Lunar Curtains,JVHD93,EPZN28,131796.0,USD,300,29/12/2018,439.32,USD,383.28
11/03/2013 04:12,XKGMWJDB82143504,Amulets of Change,MFZY76,CQPJ57,267590.0,USD,1000,30/03/2017,267.59,USD,291.95
11/03/2013 04:13,NGAUYADL33267682,Stocks,EWUY52,CBOX52,187281.0,USD,900,05/06/2017,208.09,USD,198.23
11/03/2013 04:13,ELHGEJDU21750664,Stocks,JXGF57,NCXS33,13827.0,USD,100,11/01/2014,50.15,BAM,149.92
11/03/2013 04:13,DIEIYXGX67300243,Stocks,WWNS72,VTKE98,51671.69,XAF,200,19/12/2018,736.3,GBP,311.66
11/03/2013 04:14,OQAZJEZN62081639,Assault Vests,MFZY76,LIIS96,40315.0,USD,100,12/12/2014,403.15,USD,363.13
11/03/2013 04:14,ZLLZPFOF68074746,Stocks,DGTY64,FJOI82,3615200.0,USD,40000,12/11/2018,90.38,USD,88.36
11/03/2013 04:14,XFIWGRIN39315264,Valars,QCRG59,KKGY69,13734000.0,USD,50000,27/11/2017,274.68,USD,280.5
11/03/2013 04:14,HSHPMSEC53123659,Stocks,MSHS03,TFLS35,7344.0,USD,300,30/01/2018,24.48,USD,22.48
11/03/2013 04:15,IEATKQAK04590734,Stocks,IZTD25,SMYT95,134208.0,USD,900,05/11/2015,149.12,USD,138.66
11/03/2013 04:15,KNJSSQMJ29460057,Stocks,ZBIO05,AGBH66,16002900.0,USD,90000,19/07/2014,177.81,USD,208.81
11/03/2013 04:15,TJTGFVQY63198489,Stocks,MFZY76,TQSJ85,95862.11,ZMK,100,05/04/2014,1896.66,TOP,898.01
11/03/2013 04:15,ANDDWIHY81088418,Fire Horns,CMZC67,ORQH73,233360.0,USD,500,08/11/2016,1940.86,LAK,490.76
11/03/2013 04:16,MGTIRPGJ10193768,Ethers,WIZJ73,PQSW95,132290.0,USD,1000,17/10/2014,492.77,QAR,140.66
11/03/2013 04:16,CPVRSIGO64022306,Ampules,QAZT26,LAUA80,232391.47,MGA,200,16/08/2014,274.15,USD,1265.84
11/03/2013 04:16,YYRERBQT39107000,Quick Claws,FYYD57,INIL60,20106.0,USD,300,09/10/2016,67.02,USD,58.63
11/03/2013 04:16,XBDWIOMX15363118,Stocks,SFZS08,ZVEN26,31950.0,USD,900,01/10/2017,35.5,USD,29.29
11/03/2013 04:16,ANSLTMAT81661292,Stocks,SFEO61,WVEI17,457800.0,USD,5000,18/02/2017,91.56,USD,99.6
11/03/2013 04:17,VMAXUGXZ23816084,Stocks,YTAI13,HWJF09,7347196.0,JMD,50000,12/08/2014,178.33,USD,164.61
11/03/2013 04:17,RDDWGFWD55702285,Stocks,CUVZ50,IBLA29,270344.0,USD,800,09/12/2017,2560.56,MDL,384.04
11/03/2013 04:17,MPXVKUTC71190262,Absorb Bulbs,DREA89,ITTS26,753691.1,ALL,2000,25/12/2017,200.92,USD,424.19
11/03/2013 04:17,VFUXKYVT07169524,Protective Pads,RJCA92,VESX21,12563200.0,USD,80000,15/11/2014,157.04,USD,185.61
11/03/2013 04:17,MACZTEFY96262751,Stocks,WVEI17,FGVK43,29830.0,USD,1000,20/12/2017,29.83,USD,28.01
11/03/2013 04:18,TVIFHFKB35818527,Stocks,DBCS17,VVXA11,284020.0,USD,1000,31/12/2016,284.02,USD,337.55
11/03/2013 04:18,KUNMGQLJ39135934,Stocks,VTKE98,OKYS51,13776.37,XPF,3000,27/03/2014,12.82,USD,4.18
11/03/2013 04:18,QPTIFRHY56645694,Leftovers,BBJG05,NXTO39,266328.0,USD,900,04/09/2018,295.92,USD,369.85
11/03/2013 04:18,VPEKCZCB51215437,Stocks,DOGG07,QOKP03,240486.0,USD,600,20/04/2016,400.81,USD,431.71
11/03/2013 04:18,MFWRDXQD82821255,Moranth Flamers,QETH27,ERHJ34,7944600.0,USD,20000,11/05/2015,2637.73,MVR,447.06
11/03/2013 04:18,RTFASPJR94739857,Wands of Nothing,UFAY59,PQSW95,1436400.0,USD,5000,02/02/2015,287.28,USD,257.82
11/03/2013 04:18,UDEEIAND46927689,Stocks,AGBH66,ORQH73,81024.0,USD,300,10/02/2015,270.08,USD,231.96
11/03/2013 04:18,QIVWTDVJ02970465,Stocks,AGBH66,GYWU23,114660.0,USD,7000,25/12/2018,16.38,USD,14.73
11/03/2013 04:18,OKBZXKOM61482164,Infobots,AGBH66,BMRZ75,2484285.23,RSD,9000,09/11/2015,278.37,USD,313.86
11/03/2013 04:18,OIBNKKYU66809987,Seastone Cuffs,MSHS03,HXDA52,5572.18,MNT,400,19/08/2016,81.56,USD,15.38
11/03/2013 04:18,QGSUVARR37755025,Stocks,GGLV00,TYAE14,61371.0,USD,900,27/09/2017,68.19,USD,63.63
11/03/2013 04:19,FLWRTEBZ84630472,Stocks,BPLN25,VAHJ53,465760.0,USD,8000,01/01/2016,58.22,USD,63.68
11/03/2013 04:19,OCBJCDUJ19412529,Stocks,OHKH76,KUWI70,7212.0,USD,600,01/11/2014,12.02,USD,10.21
11/03/2013 04:19,FZRNAMWV52812247,Noisy Crickets,KUWI70,MSHS03,9895900.0,USD,70000,29/06/2016,141.37,USD,131.33
11/03/2013 04:19,NCYISDFZ00630174,Stocks,GIWG34,TRFG21,11656.32,JPY,80000,23/02/2018,3.12,USD,0.17
11/03/2013 04:19,OMWEHIFK08151749,Stocks,AWYB85,WWNS72,1417368.05,CVE,500,08/08/2017,217.0,USD,2723.89
11/03/2013 04:19,FEYLHNDP28700664,Javelins,FDWI64,QHXJ50,38140.0,USD,100,02/11/2014,381.4,USD,347.09
11/03/2013 04:20,VIYCVDHH42646328,Stocks,QCRG59,FORM54,49410.0,USD,3000,26/01/2014,16.47,USD,16.0
11/03/2013 04:20,DEZRSCCE38740851,Orbs of Agamotto,ZELV96,DGTY64,1660700.0,USD,10000,02/06/2016,166.07,USD,162.3
11/03/2013 04:20,UZYYBGQF56739240,Stocks,YLGZ72,KRXZ15,26445.0,USD,100,20/12/2017,264.45,USD,262.03
11/03/2013 04:21,HYWIAVGW65498248,Stocks,QMZU44,LAUA80,1250760.0,USD,7000,10/07/2015,178.68,USD,157.8
11/03/2013 04:21,ITDYEUQK27915312,Spears of Destiny,TKVF94,YLGZ72,6869194.64,BTN,40000,30/11/2018,25.27,USD,191.77
11/03/2013 04:21,FCJJRVTH04982837,L-Viruses,MFJJ99,MHFC34,6329228.46,LBP,4000,04/09/2016,159.65,USD,1471.04
11/03/2013 04:21,MTGOMUIA78474309,Stocks,SRYE59,VVXA11,284020.0,USD,1000,11/10/2014,284.02,USD,235.75
11/03/2013 04:21,GVRAVVHU73755686,Stocks,RJUD59,EWUY52,1243760.0,USD,7000,22/06/2017,177.68,USD,194.68
11/03/2013 04:21,NUFQBOLM11502660,Stocks,KEVJ11,MKHA46,10203000.0,USD,50000,04/04/2016,204.06,USD,177.12
11/03/2013 04:21,MJZIEYEK30206883,Faerie Tonics,SMYT95,QOKP03,693940.0,USD,2000,01/03/2014,1328.24,XAF,370.28
11/03/2013 04:21,SOCTPYVA25334763,Stocks,JZTC69,SZRJ90,8802971.05,GMD,5000,19/11/2016,206.81,USD,1588.2
11/03/2013 04:21,JAIERKMW58298090,Stocks,AGBH66,RDBE21,7708.0,USD,400,29/04/2014,19.27,USD,17.65
11/03/2013 04:21,EVNFHXIJ37784781,Hoverboards,GBEZ65,MFZY76,668600.0,USD,20000,22/12/2015,33.43,USD,28.4
11/03/2013 04:22,PIXJRPTE56334345,3D Maneuver Gears,WIZJ73,NXTO39,301.0,USD,100,13/05/2015,3.01,USD,3.24
11/03/2013 04:22,CGIXGWOH99934956,Fusion Loaders,FYYD57,HHOA99,1442528.45,BBD,100,21/05/2015,171.06,USD,12116.71
11/03/2013 04:22,HLIDNFDF70375020,Amulet Coins,FGVK43,ESPL27,1187280.0,USD,4000,01/04/2018,296.82,USD,240.07
11/03/2013 04:22,REBQHVAY28263790,Stocks,KKZA87,SEKK26,484978.71,DJF,600,06/07/2015,92.49,USD,833.53
11/03/2013 04:22,PCWOZMLZ94944737,Knightmare Frames,HSWX88,YFAM59,120756.0,USD,400,13/06/2014,301.89,USD,333.19
11/03/2013 04:22,YBBIPMEE00028762,Stocks,SXTM39,MFZY76,28690.0,USD,200,10/04/2016,143.45,USD,127.14
11/03/2013 04:22,LJYOLUAU35355915,Focus Sashes,QLMY86,SZRJ90,25248.0,USD,800,07/10/2016,31.56,USD,28.38
11/03/2013 04:22,UXGIWMBE96179891,Stocks,OKYS51,VVXA11,142010.0,USD,500,09/03/2015,284.02,USD,239.66
11/03/2013 04:23,LZKJYAAD40089261,Moranth Burners,MYXF05,QHXJ50,12776000.0,USD,40000,08/05/2014,1210.62,TMM,286.13
11/03/2013 04:23,XWKPSBEL45589457,Stocks,JZTC69,HHOA99,1248.0,USD,100,29/04/2015,12.48,USD,13.98
11/03/2013 04:23,HBXAVDIL71058808,Ampules,TKVF94,LAUA80,19190500.0,USD,70000,25/09/2017,274.15,USD,249.75
11/03/2013 04:24,OHOQXZZM93983868,Dry Ethers,PIFN94,CMZC67,49631765.1,XCD,5000,12/07/2018,968.14,MAD,10115.4
11/03/2013 04:24,HNMRUAIH38841394,Stocks,NCCX02,XRBV61,102045.0,USD,500,14/06/2017,40.19,PLN,220.66
11/03/2013 04:24,REOPTENE39430083,Stocks,OUNH49,QBVN33,590560.0,USD,8000,17/04/2015,73.82,USD,64.07
11/03/2013 04:24,SSIQZKQW22561142,Stocks,OPZI26,LIJW00,9246652.92,BBD,1000,21/12/2014,109.65,USD,10330.66
11/03/2013 04:24,XPOUMYSO57661394,Sabor de Soledad Chips,KRXZ15,DBCS17,1472636.21,DKK,7000,22/11/2016,151.59,USD,177.79
11/03/2013 04:24,ASFYDRDU20032098,Stocks,PIFN94,FAWI50,6201750.71,STD,5000,06/12/2015,254.53,USD,1462.61
11/03/2013 04:24,NBJPDZLR26313732,Nemean Cestuses,KKZA87,JCWS17,2735000.0,USD,5000,04/02/2018,547.0,USD,577.17
11/03/2013 04:25,RXYIXTWG54751289,Stocks,VXSM31,DNIL23,22915.0,USD,100,26/12/2018,229.15,USD,254.97
11/03/2013 04:25,WOAIOSPJ23585800,Zoni Vessels,TQSJ85,WVEI17,101920.0,USD,500,13/11/2014,203.84,USD,183.88
11/03/2013 04:25,OKVWMVEJ90384810,Stocks,QBVN33,ISWT83,1262960.0,USD,8000,17/06/2016,157.87,USD,138.4
11/03/2013 04:25,YJMRPWSN24344728,Ninja Info Cards,HHOA99,EKXA24,40276000.0,USD,80000,18/12/2018,503.45,USD,563.64
11/03/2013 04:25,LLZZXFNR84379738,Stocks,SXTM39,KRXZ15,1852789.59,SHP,2000,29/05/2016,264.45,USD,941.5
11/03/2013 04:25,FMIPQXGQ18726510,Cornballers,TRFG21,HYSJ42,165402.0,USD,600,27/04/2014,275.67,USD,245.8
11/03/2013 04:26,CRVGYJVD62515882,Stocks,UEVD88,YSSR29,182005.78,TND,600,04/04/2015,51.72,USD,275.44
11/03/2013 04:26,JKHMKSEB42718330,Black Materia Orbs,IZLM67,VCSF07,486000.0,USD,60000,02/05/2015,8.1,USD,8.55
11/03/2013 04:26,SEJYESLW74718705,Stocks,TGZI54,IZLM67,6169600.0,USD,80000,21/02/2016,77.12,USD,68.2
11/03/2013 04:26,UPEZBDEW41722300,Stocks,VLJL11,RJCA92,13671.0,USD,700,15/08/2015,19.53,USD,16.18
11/03/2013 04:26,GLZBHWNZ13850726,Stocks,MDEQ10,TYAE14,4773300.0,USD,70000,07/12/2014,378.9,SRD,81.2
11/03/2013 04:26,BLTIOAPL79746130,Dornish Red,TKVF94,VCSF07,41266.0,USD,200,27/10/2018,206.33,USD,172.07
11/03/2013 04:26,FRLSOYML71967735,Stocks,RJCA92,BBJG05,55825.02,BWP,100,05/10/2014,178.11,USD,523.13
11/03/2013 04:27,WLFEAERQ20358408,Saibamen Seeds,VLJL11,YCZA59,74616.0,USD,300,17/03/2014,248.72,USD,219.36
11/03/2013 04:27,CLTAALYD53120039,Stocks,ZNQA84,JCWS17,156065.0,USD,700,12/03/2016,222.95,USD,228.9
11/03/2013 04:27,RNKXEKJR68692669,Stocks,SXHU74,TFLS35,489600.0,USD,20000,06/06/2016,24.48,USD,26.4
11/03/2013 04:27,ASLYDWAX97540681,Lightsabres,MFJJ99,LKPN86,342363.33,BOB,700,12/01/2017,13.19,USD,397.1
11/03/2013 04:27,UXEMERMM64298148,Elven Ropes,DREA89,JZTC69,3309300.0,USD,90000,02/02/2015,36.77,USD,41.66
11/03/2013 04:27,UBJTCMUG92036211,Stocks,FORM54,MFJJ99,40182.0,USD,600,10/06/2017,343.49,MZN,62.03
11/03/2013 04:27,ZACVMUWJ80575417,Stocks,FAWI50,FGQR22,2624.0,USD,200,23/02/2017,13.12,USD,12.49
11/03/2013 04:28,OWQLSGCX58900452,Amulets of Yendor,YFAM59,OPET16,1379940.0,USD,6000,10/09/2014,229.99,USD,247.48
11/03/2013 04:28,NSXOYZBL46996374,Stocks,QODV38,KUWI70,493149.35,CNY,6000,18/01/2015,115.36,FJD,80.82
11/03/2013 04:28,FIZGEZOE91009801,Stocks,VESX21,VGYT30,85489.7,TND,100,12/12/2016,145.76,USD,690.71
11/03/2013 04:28,ZSNFNYXS78640331,Stocks,KKGY69,ZMLP81,242288.86,YER,800,03/02/2017,327.24,GMD,333.01
11/03/2013 04:28,FJZYXPSQ93810265,Rings of Levitation,MRAH32,VGYT30,41000696.59,RUB,9000,20/07/2014,260.86,USD,4905.83
11/03/2013 04:28,VZUSFLWH33850609,Rings of Aggravate Monster,FORM54,TVQQ54,33382.0,USD,200,04/08/2018,166.91,USD,183.65
11/03/2013 04:28,GOBCOPHQ31680202,Stocks,UHOG52,WVHK10,89278.0,USD,700,01/07/2018,127.54,USD,114.53
11/03/2013 04:28,UZZGBLUH66588907,Stocks,GIWG34,DBCS17,794444.35,GBP,1000,11/05/2014,72.82,USD,937.14
11/03/2013 04:28,NZWJEIFA92457885,Stocks,CAVR54,NCXS33,110616.0,USD,800,26/12/2015,138.27,USD,148.41
11/03/2013 04:28,ZKANMCVZ41853042,Ent-draught,ZNQA84,LIJW00,18816.0,USD,600,16/04/2014,31.36,USD,23.47
11/03/2013 04:30,YEMCMFVR86462080,Focus Bands,QXFF29,AMBT33,48136500.0,USD,90000,13/09/2015,4496.75,KGS,596.33
11/03/2013 04:30,VZOGJVXH63885872,Stocks,NXTO39,VGYT30,29152.0,USD,200,01/08/2014,145.76,USD,127.31
11/03/2013 04:30,MZEAPSBT38794317,Key of Kings,SMYT95,KKZA87,7380600.0,USD,60000,18/05/2016,123.01,USD,120.03
11/03/2013 04:30,QDJTABFP29361063,Stocks,GIWG34,UWUK72,2335200.0,USD,20000,31/12/2018,116.76,USD,107.65
11/03/2013 04:30,HVWLPFGY72185374,Focus Bands,EDYH00,AMBT33,4411763.71,OMR,2000,23/05/2017,2394.84,CZK,2011.5
11/03/2013 04:30,SDXCECDF95944514,String of Beads,IIZF28,FTFI87,3370.0,USD,1000,11/06/2014,3.37,USD,3.18
11/03/2013 04:30,WSSABOPB91597095,Power Herbs,CMOI26,SFZS08,138630.0,USD,1000,06/04/2014,138.63,USD,125.04
11/03/2013 04:31,NZQXENPS05059785,Wrath Hammers,IJPI82,IBLA29,20673.0,USD,900,09/11/2014,22.97,USD,26.22
11/03/2013 04:31,DZAFBSFO06824846,Stocks,CMZC67,EDYH00,14594475.78,PGK,90000,01/06/2015,59.38,USD,149.33
11/03/2013 04:31,DAAEXPYB05624872,T-1000s,TRFG21,GBEZ65,78957.0,USD,900,13/05/2016,87.73,USD,89.0
11/03/2013 04:31,FIQBJCZB41112214,Cloaks of Magic Resistance,INIL60,GZED20,18760813.74,ISK,60000,26/02/2016,98.79,USD,248.48
11/03/2013 04:31,EHWMDMSI76947485,Teeth of the Dragon,HPTP65,HWJF09,849154.96,MGA,400,11/07/2014,1848.36,SLL,2283.57
11/03/2013 04:31,OQKCEBSL26400444,Stocks,ERHJ34,QWOA67,17197.0,USD,100,07/05/2017,171.97,USD,181.98
11/03/2013 04:32,UINTFXIN24261523,Stocks,HYSJ42,OCQF34,41928.0,USD,300,27/10/2016,139.76,USD,164.71
11/03/2013 04:32,JUBSCAOX17193958,Hero Association Mugs,THJF58,ZMLP81,10735.1,NOK,200,11/07/2014,328.64,AZN,59.66
11/03/2013 04:33,SSYYFCGS79381244,Stocks,BMRZ75,FGQR22,524800.0,USD,40000,13/03/2018,13.12,USD,12.05
11/03/2013 04:33,JIZFUNKB78806016,Stocks,QBAP68,YCZA59,354300.0,USD,3000,08/07/2014,118.1,USD,121.73
11/03/2013 04:33,BEWGRNNK72783985,Bolts,FDWI64,EPZN28,8721553.01,VUV,800,08/08/2018,388.93,USD,11365.18
11/03/2013 04:33,VBPEVFKU30188037,Stocks,OHKH76,TQSJ85,2229129.16,QAR,3000,20/08/2016,199.48,USD,630.28
11/03/2013 04:33,BSVFZQHI35566586,Stocks,INIL60,KEVJ11,631000.0,USD,50000,28/10/2018,12.62,USD,14.24
11/03/2013 04:34,RXNDRUHI47353333,Red Curtains,FYYD57,ZELV96,1788750.04,ZMK,900,15/09/2014,413.58,USD,1869.44
11/03/2013 04:34,KASMXUTP72169018,Safety Goggles,UACN81,SEKK26,4013000.0,USD,10000,24/09/2016,401.3,USD,372.92
11/03/2013 04:34,HIGOWYSQ08411224,Stocks,SMYT95,NCCX02,4589768.8,SOS,8000,24/11/2015,193.4,USD,624.15
11/03/2013 04:34,MIBOJIEX07500934,Stocks,RDBE21,ZVEN26,17750.0,USD,500,14/06/2017,35.5,USD,36.34
11/03/2013 04:34,GFGNSPMW81842471,Stocks,EKXA24,ZSXF19,405650.0,USD,5000,22/03/2016,81.13,USD,91.3
11/03/2013 04:34,ISHTAQWB45624417,Scouters,NXTO39,GGLV00,57880.0,USD,800,19/04/2014,72.35,USD,81.32
11/03/2013 04:34,LHAWCIVT61274173,Diverseys,IBLA29,TQSJ85,9614500.0,USD,70000,12/01/2018,137.35,USD,126.57
11/03/2013 04:35,SRDECIGK55414109,Stocks,KKGY69,ZELV96,47820.0,USD,3000,01/04/2016,15.94,USD,13.84
11/03/2013 04:36,MIQMJRXB06802555,Stocks,SFEO61,KEVJ11,130370.91,MMK,3000,10/05/2015,12.62,USD,48.39
11/03/2013 04:36,YSBLSXIK13370265,Stocks,ZDAI73,NGBA40,792540.0,USD,9000,07/07/2016,88.06,USD,74.62
11/03/2013 04:36,CJXHTEJO16963767,Futuros,VPTI00,IZTD25,154200.0,USD,400,05/06/2017,385.5,USD,404.09
11/03/2013 04:36,HTNPOYCK77265834,Stocks,TFLS35,VCSF07,19332.0,USD,600,18/01/2015,32.22,USD,32.39
11/03/2013 04:36,GQEYDBHZ82706638,Raiden Disks,VPTI00,KRRO64,2066928.57,RON,30000,02/06/2016,45.99,USD,67.17
11/03/2013 04:36,QPWAWILR37605900,Shinigami Eyes,LKPN86,GIWG34,78936.0,USD,800,31/03/2016,98.67,USD,90.74
11/03/2013 04:37,TOMYKGOT34622906,Infiltrators,KRRO64,BDBU00,3915940.0,USD,7000,30/09/2015,559.42,USD,461.97
11/03/2013 04:37,EXBHKUZI33638522,Stocks,ZNQA84,MHFC34,77791.0,USD,700,18/04/2014,111.13,USD,126.3
11/03/2013 04:37,HLUGRNEC98573977,Horns of Plenty,KKZA87,ZNQA84,23752800.0,USD,90000,15/01/2017,263.92,USD,272.74
11/03/2013 04:37,PFZFKRIE46012728,Stocks,MHFC34,GZED20,187767.0,USD,900,15/09/2018,208.63,USD,225.23
11/03/2013 04:38,SSSYWUAL29807757,Pensieves,KKGI60,OPZI26,28484.64,GTQ,800,02/02/2017,75.5,USD,32.91
11/03/2013 04:38,WMYWWFOV20915289,Stocks,ZVEN26,AMRO66,1326837.56,RWF,3000,22/04/2017,66.07,USD,431.72
11/03/2013 04:38,DCQVRLRE31584938,Stocks,CIXF70,VGYT30,1020320.0,USD,7000,28/02/2018,145.76,USD,127.29
11/03/2013 04:38,TGFKYNXD72977976,Stocks,NCXS33,KUWI70,961600.0,USD,80000,13/12/2014,12.02,USD,13.21
11/03/2013 04:39,JMMUTLPE60882529,Simarils,TFLS35,TVQQ54,10958.0,USD,100,29/07/2014,109.58,USD,98.4
11/03/2013 04:39,YWGDNHPY81559428,Stocks,SRYE59,BDBU00,73224.0,USD,600,29/01/2016,122.04,USD,110.2
11/03/2013 04:39,BEDZQZLZ91895433,Stocks,SEKK26,HFLM11,87031.0,USD,700,10/09/2016,124.33,USD,142.0
11/03/2013 04:39,PXVWOLLO24776268,Scrolls of Blank Paper,DREA89,EPZN28,155415.0,USD,500,13/09/2017,3628.97,PAB,328.45
11/03/2013 04:39,HJMGVLZD84806943,Venom Canisters,IBLA29,DOGG07,36507.0,USD,300,27/01/2017,121.69,USD,121.52
11/03/2013 04:40,ZXUHSXDY84048810,Grassy Seeds,JZTC69,XHYN07,5022.0,USD,600,14/08/2014,44.53,IDR,9.45
11/03/2013 04:41,YGIVVFOR29106886,Stocks,DBCS17,IIZF28,215320.0,USD,2000,24/04/2017,107.66,USD,102.2
11/03/2013 04:41,XLODBZRK26925991,Stocks,QLMY86,AMBT33,90173.06,BYR,800,15/01/2017,13.34,USD,99.61
11/03/2013 04:41,IYQNDTNB89219298,Stocks,LWGE44,QAZT26,83295046.8,MKD,70000,15/11/2014,285.3,USD,1339.56
11/03/2013 04:41,AVDXNVAX97291757,Stocks,LAUA80,MYXF05,1016000.0,USD,80000,13/05/2014,12.7,USD,11.68
11/03/2013 04:41,HAOCWDJP85235483,Stocks,AWYB85,VPTI00,11448.34,NPR,200,26/09/2014,175.81,KZT,59.49
11/03/2013 04:42,YZMWWNVR87178438,Stocks,ESPL27,WYFO79,18022.0,USD,200,14/03/2016,90.11,USD,95.98
11/03/2013 04:42,IAHVNBGV73442043,Stocks,SFEO61,SHXQ48,227084.45,TMM,800,23/12/2015,74.89,USD,310.34
11/03/2013 04:42,JKFSPPRZ84306383,Quicksilver Bullets,DJNE62,QMZU44,96297995.86,HRK,6000,30/06/2014,996.62,RWF,17617.87
11/03/2013 04:42,FGBYCDHY95161944,Stocks,BPLN25,OUNH49,51676961.3,AUD,5000,20/11/2017,110.19,USD,9049.32
11/03/2013 04:42,RISVEJQR70548811,Stocks,MSHS03,CBOX52,854251.07,CUC,800,05/04/2015,208.09,USD,1172.29
11/03/2013 04:43,AXUDOPYL74597718,Stocks,QAZT26,VGYT30,8920366.24,BZD,10000,25/10/2017,2486.61,CAD,810.96
11/03/2013 04:43,CTGRVXNI06800624,King Rocks,PKBF70,AYIH50,151000.0,USD,500,17/05/2014,302.0,USD,342.59
11/03/2013 04:43,WJEZMGMW84965496,Terondais,YSSR29,QXFF29,1434480.0,USD,8000,21/06/2016,179.31,USD,153.66
11/03/2013 04:43,PZYCTHLB68602763,Stocks,SFEO61,IJPI82,799830.0,USD,9000,02/10/2017,88.87,USD,77.61
11/03/2013 04:43,RLUNHKZK28150284,Sonic Screwdrivers,HSWX88,PVAZ61,921933.71,TOP,400,08/02/2016,242.41,USD,2650.15
11/03/2013 04:43,GYBFZIKV02706439,Gargantua Space Stations,TBVE46,FYYD57,64050.0,USD,5000,15/04/2018,12.81,USD,12.33
11/03/2013 04:44,OQCZSCFP95752649,Stocks,KEVJ11,NXTO39,28134.0,USD,200,13/10/2017,140.67,USD,142.57
11/03/2013 04:44,AJSUSLFV05992151,Stocks,FGQR22,IBLA29,20275800.0,USD,60000,28/09/2015,337.93,USD,357.14
11/03/2013 04:44,PYNWDWBD65731351,Stocks,WYFO79,LAUA80,125076.0,USD,700,15/04/2015,178.68,USD,157.7
11/03/2013 04:44,UNZIMNHH81341289,Neuralizers,AWYB85,IBLA29,26382975.92,KHR,70000,24/08/2018,1681.1,ETB,397.59
11/03/2013 04:44,QLWHBMLW75651913,Stocks,XRBV61,KUWI70,300798.1,MKD,6000,11/05/2014,12.02,USD,44.22
11/03/2013 04:44,FRUDNDFY20788394,Orcarinas of Time,HHOA99,PIFN94,551240.0,USD,2000,16/10/2016,275.62,USD,244.85
11/03/2013 04:44,OFBCXLNM41698741,Lunar Curtains,VIMV38,EPZN28,175728.0,USD,400,16/02/2018,439.32,USD,398.5
11/03/2013 04:45,RXPQFIFW82780713,Stalkers,QXFF29,TKVF94,30749400.0,USD,90000,17/09/2016,341.66,USD,309.51
11/03/2013 04:45,TFKZKVSI95833577,Cornballers,DREA89,HYSJ42,347881.76,CUP,500,11/03/2015,275.67,USD,713.42
11/03/2013 04:45,OWYGQZUR09784747,Stocks,GZED20,TFLS35,7344.0,USD,300,23/08/2017,24.48,USD,23.52
11/03/2013 04:46,QLBCSEBI17352736,Stocks,UIKN63,SWGF93,22675.0,USD,500,20/02/2014,45.35,USD,47.75
11/03/2013 04:46,QKGFQKVA68571427,Agents,HPTP65,GSTD71,1571800.0,USD,10000,01/10/2018,157.18,USD,145.84
11/03/2013 04:46,KUCYZOXU76730529,Heart Containers,WIZJ73,OCQF34,228486.0,USD,600,08/02/2016,380.81,USD,370.48
11/03/2013 04:46,KGTQMRLU51977977,Stocks,CMOI26,XHYN07,27369.0,USD,900,16/12/2018,30.41,USD,35.34
11/03/2013 04:46,YJYKTZPE17932422,Stocks,PQSW95,ZSXF19,56791.0,USD,700,21/02/2018,81.13,USD,87.7
11/03/2013 04:47,WZFPBXBB15560492,Stocks,ZELV96,DDIB11,11860002.43,BBD,8000,06/10/2015,17.58,USD,1239.24
11/03/2013 04:47,ZJIFXPLS22297193,Rift Crackers,WHPS18,LKPN86,7691687.0,NIO,40000,19/10/2014,117.79,USD,177.54
11/03/2013 04:47,LGFMIEVK48943223,Fumbles,CIXF70,JXGF57,54202.0,USD,200,05/07/2018,271.01,USD,254.11
11/03/2013 04:48,ETKHMQBL85773502,Stocks,RNZB01,KKZA87,2020384.87,PYG,7000,16/08/2014,39.94,USD,268.59
11/03/2013 04:48,XMQQUMKF19647594,Scrolls of Seals,GGLV00,WWNS72,764360.0,USD,4000,27/09/2016,191.09,USD,185.6
11/03/2013 04:48,RQOSKDVD54562887,Stocks,SAAM06,JXGF57,48368.0,USD,400,07/04/2018,543.84,HKD,110.93
11/03/2013 04:49,FZZXLPTE02306189,Magic Flute,MSHS03,AHMZ79,103710.0,USD,500,28/06/2015,207.42,USD,200.23
11/03/2013 04:49,IVHJPWSH49653746,Doodle Disks,HHFP66,QWOA67,58820.0,USD,500,01/03/2014,117.64,USD,97.46
11/03/2013 04:49,RSPCIHIZ30420078,Boom Brooms,DOGG07,THJF58,912262.39,KYD,900,02/11/2014,2419.16,HTG,881.83
11/03/2013 04:50,IKJCMZNM64997015,Stocks,HNLV68,AWYB85,87176.0,USD,800,04/09/2014,108.97,USD,105.46
11/03/2013 04:50,WCLJPZLN64748132,X-Potions,DOGG07,CMZC67,709280.0,USD,4000,20/12/2014,177.32,USD,179.33
11/03/2013 04:50,QXSHCYFZ68674618,Super Soldier Serums,GZED20,YOQG45,82540461.05,CVE,50000,20/07/2014,126.37,USD,1687.54
11/03/2013 04:50,QZGPHRFD15619007,Stocks,HHOA99,OPZI26,34690.0,USD,1000,15/07/2015,34.69,USD,36.95
11/03/2013 04:50,HGNNFKAP12318394,BFG 9000s,CAVR54,QCRG59,80192.0,USD,700,02/03/2017,114.56,USD,96.56
11/03/2013 04:50,RRSXNLQM33274863,Master Balls,VVXA11,DOGG07,993690.0,USD,9000,02/08/2016,110.41,USD,120.08
11/03/2013 04:50,ZVMZNLOU02345557,Horns of Gondor,LIJW00,JZTC69,13889310.0,CHF,5000,26/04/2017,326.5,USD,3082.0
11/03/2013 04:50,JKMCWTWK31465464,Pym Particles,HFLM11,FORM54,9275.0,USD,700,03/08/2017,13.25,USD,14.17
11/03/2013 04:51,NMLCHANV74823783,Helms of Telepathy,OQXV70,MEOQ86,12804.0,USD,600,24/12/2015,21.34,USD,20.23
11/03/2013 04:52,DSALLXGM49929590,Red Shells,PKBF70,THJF58,8843400.0,USD,90000,02/04/2015,98.26,USD,92.12
11/03/2013 04:52,HLGUFMLC17581735,Clank Model Robots,NCYN50,QETH27,890300.0,USD,10000,12/12/2018,89.03,USD,98.81
11/03/2013 04:52,LDUYJVNH87974557,Gundams,HXDA52,SBUT62,3309300.0,USD,10000,16/01/2018,330.93,USD,305.83
11/03/2013 04:52,MELWOBLX52000193,Stocks,YLGZ72,VGYT30,4372800.0,USD,30000,27/02/2018,145.76,USD,127.19
11/03/2013 04:52,ASWKTTUU06940713,Excalibers,QODV38,UWUK72,284169.69,SDG,900,27/09/2014,35.5,USD,313.05
11/03/2013 04:53,UTKPZHJJ79106294,Arrowhead Disks,UACN81,DJNE62,77307.0,USD,300,12/07/2015,257.69,USD,195.86
11/03/2013 04:53,VEBBVCLP17319677,Stocks,HPTP65,VAHJ53,16038445.6,MMK,80000,10/11/2014,58.22,USD,182.86
11/03/2013 04:53,DCLIRCFY58104876,Stocks,WHPS18,AGBH66,533430.0,USD,3000,04/04/2018,177.81,USD,180.57
11/03/2013 04:53,OBQCKSRH80352790,Momentum Gliders,YWMD69,SRYE59,1528155.1,ARS,500,13/03/2015,162.29,USD,2738.2
11/03/2013 04:53,BTBCXANU74730736,Protopacks,HWHS51,OKYS51,16028803.56,XOF,10000,29/09/2014,260.86,USD,1492.39
11/03/2013 04:54,VILLGCSD80497920,Steel Soul Sake,NQJL85,WHPS18,1071630.0,USD,9000,06/01/2018,119.07,USD,106.86
11/03/2013 04:54,TWFWVBCX09268074,Stocks,DNIL23,LIIS96,1432890.0,USD,9000,21/05/2014,159.21,USD,165.12
11/03/2013 04:54,NYQZCXQC03120954,Stocks,CMZC67,EWUY52,1421440.0,USD,8000,27/09/2016,177.68,USD,193.37
11/03/2013 04:54,OUTLNUGF78510150,Bolts,GGLV00,EPZN28,19446500.0,USD,50000,10/12/2015,388.93,USD,347.51
11/03/2013 04:55,TLAYTLUB59616669,Alchemy Smocks,OUNH49,GSTD71,121386.0,USD,300,12/07/2015,404.62,USD,344.24
11/03/2013 04:55,KZWUDFVP40971356,Stocks,YOQG45,TFLS35,529796.16,BND,60000,31/12/2015,24.48,USD,10.17
11/03/2013 04:55,AGZYXBRH69864764,Infinity Stones,EWUY52,SAAM06,3857700.0,USD,30000,17/01/2014,128.59,USD,118.5
11/03/2013 04:56,FRLLYHPI67896469,Stocks,KUWI70,MFZY76,1291050.0,USD,9000,22/08/2018,143.45,USD,155.04
11/03/2013 04:56,YATJXLRB80223461,Stocks,CVMG22,DOGG07,2074.54,PLN,300,11/09/2017,35.12,USD,7.2
11/03/2013 04:56,ODJSUTZD20534427,Mana Ore,HXDA52,JCWS17,372682.51,MGA,900,08/12/2017,97.7,USD,394.07
11/03/2013 04:56,RABFRVOA30340467,Stocks,FJOI82,TYAE14,340950.0,USD,5000,09/11/2018,68.19,USD,61.28
11/03/2013 04:56,CZITCKOO67058609,Stocks,TYAE14,CMZC67,44706.0,USD,600,25/11/2015,74.51,USD,84.87
11/03/2013 04:56,LBICFRFJ42137630,Stocks,DILF10,PVAZ61,476015.39,AMD,300,15/01/2015,143.8,USD,1794.5
11/03/2013 04:56,AFVSBIWI11277644,Metronomes,VKMV12,YWMD69,2699290.5,BWP,9000,18/11/2014,95.69,USD,335.3
11/03/2013 04:58,CABVJSOZ55873424,Stocks,FJOI82,QBVN33,73820.0,USD,1000,07/05/2018,73.82,USD,67.21
11/03/2013 04:58,ZVYXGIYO95309020,Stocks,QHXJ50,RDBE21,11562.0,USD,600,01/10/2017,19.27,USD,21.2
11/03/2013 04:58,UKWMRIVF74706682,Symbiotes,HWHS51,KKGI60,135378.0,USD,600,12/05/2014,225.63,USD,213.68
11/03/2013 04:58,OXCBYCGY64917410,Gravity Guns,UHOG52,MEOQ86,82872.0,USD,900,06/09/2017,92.08,USD,74.79
11/03/2013 04:59,MXAPRPYU61596219,Stocks,MDEQ10,SZRJ90,1265656.52,BZD,1000,10/10/2016,206.81,USD,1278.98
11/03/2013 04:59,XAHEPREP31072108,Replicators,EKXA24,SXTM39,35180.0,USD,400,02/04/2017,87.95,USD,72.98
11/03/2013 04:59,ROOUXUYQ75543725,Focus Sashes,ZDAI73,SZRJ90,7077165.89,VUV,8000,04/09/2016,31.56,USD,681.1
11/03/2013 04:59,CRXCILAL20712511,Stocks,VCSF07,QCRG59,15775.0,USD,100,01/03/2015,157.75,USD,160.17
11/03/2013 05:00,QPIIEHYZ43915813,Power Pluses,RFZG50,TBVE46,191088.0,USD,900,26/08/2017,212.32,USD,200.63
11/03/2013 05:00,IAKHCVGH97879070,X-Antibodies,AWYB85,ZDAI73,499905.99,IQD,100,07/02/2014,418.98,USD,5412.92
11/03/2013 05:00,ARQQHGRP55903948,Z-crystals,VPTI00,QBAP68,6570300.0,USD,30000,15/06/2014,219.01,USD,242.18
11/03/2013 05:00,GPUCVIFF76660975,Lucky Cat Paws,RNZB01,SFZS08,40606.0,USD,200,15/09/2017,203.03,USD,226.84
11/03/2013 05:01,TDPARADC80136748,Stocks,LKPN86,WYFO79,5358535.33,LBP,6000,20/09/2018,90.11,USD,790.65
11/03/2013 05:01,SBGYSLRW08791556,Stocks,SHXQ48,DREA89,93432.92,NZD,800,25/11/2016,132.37,KPW,123.22
11/03/2013 05:01,APPYXHWB32459913,Ethers,QHXJ50,PQSW95,529160.0,USD,4000,15/09/2014,132.29,USD,142.83
11/03/2013 05:02,PBRNOCCA80196627,Stocks,WHPS18,PQSW95,11346.0,USD,600,14/04/2018,18.91,USD,20.65
11/03/2013 05:02,LKJLDKIE72309289,Ultra Nanotech,FYYD57,KKGY69,44840.0,USD,800,30/06/2015,56.05,USD,57.88
11/03/2013 05:02,WYBMLUWJ49722572,Stocks,DREA89,ZXVX98,166485.32,EGP,300,22/08/2016,125.39,USD,507.36
11/03/2013 05:02,VHSTKLYJ73653303,Bombchus,AWYB85,OPET16,42542355.6,THB,90000,10/02/2018,508.6,USD,512.9
11/03/2013 05:03,THZYOHJC24490721,Stocks,QETH27,SXHU74,97460.0,USD,1000,22/11/2015,97.46,USD,88.41
11/03/2013 05:03,RLGPFFPD64766182,Stocks,ZNQA84,IJPI82,622090.0,USD,7000,17/11/2015,88.87,USD,104.67
11/03/2013 05:03,TRFFSYYE17965017,Stocks,PKBF70,UHOG52,7965.0,USD,300,25/10/2016,26.55,USD,24.33
11/03/2013 05:03,HSSOXUVR06975801,Holy Hand Grenades,QBAP68,VLJL11,778353.91,THB,4000,20/08/2016,209.37,USD,200.85
11/03/2013 05:03,NKZDHGOY58090610,Choice Specs,YSSR29,SXHU74,9893590.76,KZT,20000,05/10/2014,141.22,USD,450.51
11/03/2013 05:03,YSWRTNMA09358729,Stocks,ORQH73,VPTI00,40152.0,USD,800,01/10/2016,50.19,USD,50.35
11/03/2013 05:04,VMLPHOID78933378,Fire Papers,AWYB85,HHFP66,178812.0,USD,900,12/05/2014,1636.81,KWD,190.03
11/03/2013 05:04,RXGJUTQS36122944,Float Stones,QAZT26,SXTM39,201192.0,USD,600,15/06/2015,335.32,USD,397.72
11/03/2013 05:04,CVDTKBAN60691766,Megacorp Helmets,MRAH32,AHMZ79,394280.0,USD,4000,19/08/2016,98.57,USD,104.25
11/03/2013 05:04,TUOYQODR59314175,Stocks,AYIH50,DDIB11,3516.0,USD,200,05/02/2016,17.58,USD,15.14
11/03/2013 05:04,IZXPTCPS64540515,PP Ups,GZED20,OPZI26,359262.07,KRW,4000,02/04/2014,361.14,USD,85.63
11/03/2013 05:04,YZWAVMOK64862815,Stocks,UIKN63,EPZN28,7812.0,USD,200,20/12/2018,39.06,USD,41.25
11/03/2013 05:04,DWEMOLYM94473346,Stickers,HSWX88,WWNS72,5673000.0,USD,20000,28/07/2017,283.65,USD,256.24
11/03/2013 05:05,GTQLOIJS31499042,Stocks,CUVZ50,NFAH30,124061404.95,TTD,90000,22/08/2014,263.09,USD,1260.29
11/03/2013 05:05,VLDDLYYU56706793,Stocks,FGQR22,HHOA99,7488.0,USD,600,21/03/2017,12.48,USD,11.37
11/03/2013 05:05,YWQGJSHG90852234,Stocks,AMRO66,RJUD59,10723.42,THB,900,11/03/2016,12.82,USD,11.05
11/03/2013 05:05,LETTECKK74938537,Cloaks of Magic Resistance,NGBA40,GZED20,49395.0,USD,500,29/03/2018,98.79,USD,109.95
11/03/2013 05:05,VELUETEM08586317,Slurm,SAAM06,TRFG21,13949100.0,USD,90000,16/11/2018,154.99,USD,168.21
11/03/2013 05:06,VIKTZBFT28688819,Pokeballs,JVHD93,OUNH49,3414900.0,USD,30000,03/07/2017,113.83,USD,102.89
11/03/2013 05:06,SICSPPEU43809695,Nails of Helena,UHOG52,JVHD93,821280.57,XAF,500,19/07/2017,429.08,USD,1727.16
11/03/2013 05:06,PWMNYINW96445925,Stocks,JCWS17,TGZI54,1777611.9,BDT,800,07/02/2018,300.39,USD,2144.83
11/03/2013 05:06,OWNMWETO19802414,Stocks,HXDA52,TYAE14,4773300.0,USD,70000,06/10/2015,68.19,USD,61.36
11/03/2013 05:06,YUMHNPZW12592126,Joy Cans,CMZC67,ZEHM52,2884000.0,USD,8000,12/09/2015,751.17,KHR,274.62
11/03/2013 05:06,JTVDZVCJ46245030,Scrolls of Mail,SFZS08,UACN81,509600.0,USD,20000,04/03/2014,25.48,USD,27.35
11/03/2013 05:06,JJFFJYET75425914,Gonnes,LWGE44,NCYN50,504127.16,BDT,800,13/02/2017,85.19,USD,521.0
11/03/2013 05:06,LHVKGTOL66325080,Thousand Sunnys,NFAH30,WVHK10,483453.6,LRD,800,05/10/2018,147.0,USD,640.23
11/03/2013 05:07,AMLLXXQA27038656,Star Rubies,GIWG34,GYWU23,69669397.15,MUR,4000,09/08/2018,314.04,USD,19404.43
11/03/2013 05:07,YOHLVTXD88949828,Victory Gin,SFZS08,QETH27,2545200.0,USD,70000,18/05/2018,36.36,USD,36.57
11/03/2013 05:08,IOBEMCEY00941814,Pokedexes,SXHU74,HXDA52,461401.35,LBP,300,14/05/2017,155.18,USD,1379.63
11/03/2013 05:09,JNOKYZCU95924394,SMILEs,CIXF70,WVHK10,45212.0,USD,200,03/01/2018,226.06,USD,260.03
11/03/2013 05:09,JOWURCAU26330196,Golden Peaches,TFLS35,HPTP65,21979300.0,USD,70000,03/08/2018,313.99,USD,279.12
11/03/2013 05:10,FHHGNHKD01508979,Teeth of the Dragon,KRXZ15,HWJF09,2504350.0,USD,5000,19/03/2014,500.87,USD,550.15
11/03/2013 05:10,BBSZLSEX48851128,Stocks,IJPI82,QCRG59,11042500.0,USD,70000,20/03/2015,157.75,USD,168.42
11/03/2013 05:10,JLZTUIIO95619182,Stocks,PNFK78,ZEHM52,45909183.6,BSD,70000,13/07/2016,86.3,USD,713.06
11/03/2013 05:10,FUNWSAAG98768298,Shooters,UACN81,LBKT00,10650.0,USD,300,13/05/2017,75.18,NZD,40.24
11/03/2013 05:11,OPDTKVVD51072424,Choice Specs,UFAY59,SXHU74,28244.0,USD,200,16/06/2016,141.22,USD,154.94
11/03/2013 05:12,BKEQKOJG53004975,Stocks,VVBY18,WWNS72,195300.0,USD,900,01/01/2018,217.0,USD,242.65
11/03/2013 05:12,VECYYBJQ91775728,L Coffees,OUNH49,OHKH76,110136.0,USD,400,15/08/2017,275.34,USD,241.13
11/03/2013 05:12,CLZCCDGI38183432,Urns of Power,QOKP03,QLMY86,2410000.0,USD,10000,26/01/2017,241.0,USD,280.17
11/03/2013 05:12,QNMLWUUG08250221,Stocks,UIKN63,ZDAI73,33464.0,USD,200,24/08/2015,167.32,USD,154.39
11/03/2013 05:12,GUMSOYHQ93842259,Stocks,INIL60,RLZK87,1409522.81,DOP,1000,16/01/2018,192.02,USD,1233.43
11/03/2013 05:13,XOZFNPYS87556009,Vestiges,DVVB31,SZRJ90,19298000.0,USD,40000,13/03/2014,482.45,USD,445.14
11/03/2013 05:13,QRCPXVGD30823058,Stocks,UFAY59,GYWU23,32760.0,USD,2000,13/01/2015,16.38,USD,17.29
11/03/2013 05:13,XHOBMVKS78890200,Rings of Gain Strength,JXGF57,OQXV70,692790.0,USD,7000,15/11/2015,98.97,USD,90.32
11/03/2013 05:13,ICJAGYPK01714802,Full Faces,YSSR29,QLCE04,3356624.67,SBD,800,16/05/2016,440.22,USD,4663.62
11/03/2013 05:13,CYOMPNHC49747461,Rings of Slow Digestion,TYAE14,XHYN07,36209700.0,USD,90000,12/01/2014,402.33,USD,350.57
11/03/2013 05:13,GDRZQICC91325300,Stocks,WHPS18,VVXA11,2272160.0,USD,8000,15/11/2014,284.02,USD,236.32
11/03/2013 05:14,JQASQRLJ07110395,Stocks,MSHS03,QETH27,1442.0,USD,700,19/11/2015,2.06,USD,2.34
11/03/2013 05:14,IEVLLRUA65756581,Stocks,YFAM59,UACN81,3564.0,USD,200,27/06/2014,17.82,USD,19.57
11/03/2013 05:14,NQCESHNV43509767,Stocks,UHOG52,HXDA52,68022.0,USD,300,17/06/2014,226.74,USD,219.77
11/03/2013 05:15,HLKKGOSB82586490,Centipedes,YLGZ72,SUOX82,1214400.0,USD,4000,23/02/2017,303.6,USD,321.85
11/03/2013 05:15,JNCEOLVZ12291945,Millennium Puzzles,QOKP03,XHYN07,945600.0,USD,60000,18/04/2017,15.76,USD,17.67
11/03/2013 05:15,IIZARXDI56681151,Stocks,BBAX06,GIWG34,18690.29,ANG,600,01/09/2016,3.53,USD,32.12
11/03/2013 05:15,FLKJUOEI24798258,Stocks,HNLV68,ZMLP81,371307.34,BIF,6000,06/03/2015,38.44,USD,54.79
11/03/2013 05:16,XCHKSVUE61838286,Go-Pods,VPTI00,QOKP03,57132329.4,PKR,40000,22/07/2016,142.55,USD,1333.58
11/03/2013 05:16,COHZGLPB06972984,Unity Stones,DREA89,SMYT95,4367200.0,USD,20000,02/06/2015,218.36,USD,217.39
11/03/2013 05:16,SIITBVXC12857677,Stocks,NCXS33,SXTM39,137540.0,USD,1000,28/02/2015,137.54,USD,124.82
11/03/2013 05:16,YIMYWEJT85588365,Stocks,DREA89,MRAH32,8977600.0,USD,80000,18/07/2014,112.22,USD,106.48
11/03/2013 05:16,IZHRJYGW58934137,Gargantua Space Stations,NFAH30,FYYD57,3968614.86,EGP,70000,24/09/2016,12.81,USD,52.43
11/03/2013 05:17,PSLFPKNR05972124,Stocks,BPLN25,WYFO79,54066.0,USD,600,28/02/2018,858.85,SBD,80.83
11/03/2013 05:17,PFLPOGSW20180372,Portal Guns,ZBIO05,MDEQ10,31726400.0,USD,80000,28/06/2015,396.58,USD,424.55
11/03/2013 05:17,IOBJOKNX21002963,Cocoons,VVBY18,FGQR22,1967000.0,USD,7000,27/01/2016,281.0,USD,320.03
11/03/2013 05:17,ZUBMCACV29363295,Life Orbs,FYYD57,QBVN33,52170.0,USD,3000,06/07/2018,17.39,USD,15.91
11/03/2013 05:17,XFRMWMBI71478736,Stocks,KTLA69,FGVK43,11932.0,USD,400,24/06/2014,29.83,USD,33.45
11/03/2013 05:18,JZWHFZVP20163642,Stocks,ERHJ34,RJCA92,19530.0,USD,1000,22/07/2016,19.53,USD,17.42
11/03/2013 05:18,HRBUPVAE01609399,Garu Disks,KEVJ11,KUWI70,9520.0,USD,500,04/11/2018,19.04,USD,22.37
11/03/2013 05:18,ZLNVMLAN11237861,Simarils,DJNE62,TVQQ54,32874.0,USD,300,22/05/2014,312.24,JOD,102.57
11/03/2013 05:18,FLJONGNM05545808,Gadgebot Upgrade Chips,HWJF09,SEKK26,52980.0,USD,500,16/06/2018,105.96,USD,122.89
11/03/2013 05:19,ITIHZTEY61677299,Red Curtains,TKVF94,ZELV96,372222.0,USD,900,09/03/2017,413.58,USD,381.25
11/03/2013 05:19,EAUDJLGC76418058,Stocks,TFLS35,NQJL85,116174.26,BND,6000,27/07/2014,53.68,USD,17.27
11/03/2013 05:19,TPUULZVT09282795,Iron Spiders,KEVJ11,ZFHD93,5777985.91,SEK,7000,05/01/2017,249.63,USD,706.8
11/03/2013 05:19,LQNAWUSX96280090,Stocks,UWUK72,QHXJ50,577080.0,USD,7000,05/02/2014,82.44,USD,91.15
11/03/2013 05:19,YKLUCYXY21109221,Felix Felicis,HFLM11,ISWT83,1191390.0,USD,3000,11/12/2015,397.13,USD,446.38
11/03/2013 05:19,TXKECSXN69620519,Stocks,HWHS51,MHFC34,555650.0,USD,5000,26/05/2018,111.13,USD,92.44
11/03/2013 05:19,YXBTVBUA19560677,Coldblood Dews,ZELV96,VIMV38,79848.0,USD,300,01/05/2014,1110.1,MKD,244.04
11/03/2013 05:19,ENNUTCZE63543824,Futuros,PVAZ61,IZTD25,27757156.5,KPW,30000,31/08/2018,385.5,USD,816.87
11/03/2013 05:19,EYBRIFGD76796997,Stocks,YWMD69,WVHK10,89278.0,USD,700,28/08/2017,127.54,USD,114.87
11/03/2013 05:19,YYTAXXGC25149818,Misty Seeds,SXTM39,TQSJ85,85088.0,USD,400,11/10/2016,212.72,USD,178.93
11/03/2013 05:19,ITEOEDLZ40715856,Fatmans,PIFN94,AWYB85,48635.0,USD,500,21/12/2016,97.27,USD,100.0
11/03/2013 05:20,LJJTNUUF46899690,Ethers,FYYD57,PQSW95,1103510.26,MKD,2000,26/08/2017,132.29,USD,563.32
11/03/2013 05:20,SYGLVGTR68178092,Stocks,HYSJ42,ZSXF19,1222298.09,ARS,800,24/12/2015,3008.33,BOB,1720.77
11/03/2013 05:20,FGLQEURI18007660,Stocks,EWUY52,NXTO39,56268.0,USD,400,26/11/2015,1032.59,DOP,117.08
11/03/2013 05:20,TYYSNPJC86225855,Stocks,SRYE59,WYFO79,270330.0,USD,3000,30/07/2015,90.11,USD,80.88
11/03/2013 05:20,DQDYHGKR58779287,Rings of Searching,SAAM06,IZLM67,3234.0,USD,100,30/07/2014,32.34,USD,35.06
11/03/2013 05:20,PSZNEQQP21695453,Celestial Dials,KEVJ11,INIL60,53130.0,USD,300,02/08/2015,177.1,USD,161.38
11/03/2013 05:21,KKACKASL44463095,Stocks,WHPS18,QBAP68,4443.0,USD,300,28/11/2014,14.81,USD,15.98
11/03/2013 05:21,WZMHJKIC26473474,Holy Grails,INIL60,RLZK87,819796.65,TZS,200,15/12/2016,408.31,USD,5015.01
11/03/2013 05:21,NBBGKICW73611725,X-12s,YSSR29,UWUK72,277162953.6,MZN,80000,26/08/2014,675.48,USD,2793.34
11/03/2013 05:22,EHBFAFPG21989469,PP Ups,IZLM67,OPZI26,3250260.0,USD,9000,20/10/2015,6160.9,CAD,318.43
11/03/2013 05:22,ZEIZXBUV99400285,LiDAR Mark-Trackers,TGZI54,RNZB01,286479.0,USD,900,10/03/2017,318.31,USD,287.62
11/03/2013 05:23,PZASGPIC58110847,Stocks,TKVF94,CBOX52,20809.0,USD,100,11/11/2015,208.09,USD,174.32
11/03/2013 05:23,LVEGELQS53169589,Stocks,SZRJ90,FDWI64,1866.0,USD,100,23/02/2017,18.66,USD,15.66
11/03/2013 05:23,PIFPIBFN99087930,Full Faces,JCWS17,QLCE04,65689.63,KRW,600,24/11/2016,440.22,USD,127.54
11/03/2013 05:24,TKBEBDUS31761004,Saibamen Seeds,HHOA99,YCZA59,14067951.41,UGX,6000,27/10/2014,248.72,USD,2131.57
11/03/2013 05:24,MLSAVVWA48264397,Gauntlets,EKXA24,YWMD69,3296354.72,AFN,700,11/11/2017,354.65,USD,4064.7
11/03/2013 05:24,UTDXUEML03645469,Stocks,GYWU23,QAZT26,2235779.13,COP,100,16/09/2018,285.3,USD,20172.06
11/03/2013 05:24,FAXJLLMB22532366,Stocks,TVQQ54,OPZI26,31221.0,USD,900,27/07/2016,34.69,USD,31.79
11/03/2013 05:24,VCCFVHPI94957887,Stocks,EIWJ22,QMZU44,128317.0,USD,700,16/03/2016,183.31,USD,209.47
11/03/2013 05:24,POYGFLQD52803600,Nanomachines,IIZF28,MDEQ10,807390.0,USD,3000,03/09/2014,269.13,USD,237.23
11/03/2013 05:24,VKZQPORQ52352462,Rings of Adornment,UFAY59,VVXA11,71514.0,USD,600,30/05/2014,119.19,USD,128.99
11/03/2013 05:24,VDCIQPJS67453166,Goldy Charms,UFAY59,UEVD88,21688.0,USD,800,13/04/2015,27.11,USD,23.06
11/03/2013 05:24,JWYSIQYV22350435,Stocks,KEVJ11,RJCA92,15624.0,USD,800,22/08/2017,19.53,USD,23.24
11/03/2013 05:25,ELOEQJCS98792257,Stocks,OPZI26,GGLV00,1243900.0,USD,70000,23/06/2016,693.17,UYU,19.89
11/03/2013 05:25,VPYLFXNF07117208,Stocks,NCCX02,WVEI17,45780.0,USD,500,29/04/2014,91.56,USD,105.37
11/03/2013 05:25,QFDGSZVG40575503,Stocks,QETH27,TVQQ54,55125.0,USD,700,06/01/2018,78.75,USD,72.68
11/03/2013 05:25,LUKKVMSE89569493,Nanomachines,TGZI54,MDEQ10,188391.0,USD,700,13/08/2018,269.13,USD,292.85
11/03/2013 05:25,OBDFDFVF21691065,Stocks,ZXVX98,MEOQ86,4428.0,USD,900,19/09/2016,4.92,USD,4.51
11/03/2013 05:25,CADXIHWK11310817,Pokeballs,FDWI64,OUNH49,9106400.0,USD,80000,17/11/2018,113.83,USD,111.44
11/03/2013 05:25,EJBICJXM76302869,Inkfinity Stones,JVHD93,SXTM39,41797.0,USD,700,10/10/2015,59.71,USD,65.17
11/03/2013 05:25,EUYOKCIL38219433,Persuaders,QBAP68,FDWI64,33256000.0,USD,80000,27/04/2014,415.7,USD,440.89
11/03/2013 05:25,PKETNBIX39982271,Stocks,FTFI87,OCQF34,414651.15,MGA,700,04/07/2015,139.76,USD,578.48
11/03/2013 05:26,QUPBYQFH16279887,Tasters,CAVR54,MKHA46,2241595475.46,AUD,60000,06/02/2015,398.31,USD,41886.11
11/03/2013 05:26,GVGQQVYI72541830,Stocks,DNIL23,TYAE14,6819.0,USD,100,13/07/2017,68.19,USD,62.18
11/03/2013 05:26,ERSNBAQO62836587,Silver Apples,SFEO61,KUWI70,5318800.0,USD,20000,07/08/2018,265.94,USD,284.46
11/03/2013 05:26,XZBAICOO90654739,Stocks,HYSJ42,QODV38,9456000.0,USD,80000,10/10/2018,118.2,USD,126.83
11/03/2013 05:26,YEHJPKFT54721476,Stocks,SFEO61,TYAE14,48611287.2,HTG,40000,04/05/2015,683.24,PKR,1323.92
11/03/2013 05:26,WUFNRUMK86874253,Moranth Cussers,KUWI70,KKGI60,15199.0,USD,100,24/01/2015,151.99,USD,139.24
11/03/2013 05:26,SNTNDBMS25023471,Electric Seeds,VCSF07,EIWJ22,21008400.0,USD,70000,16/09/2014,300.12,USD,276.28
11/03/2013 05:27,XCLNDBOQ85710152,Naknadan Shrines,PBFW95,ZBIO05,310930.0,USD,1000,07/12/2014,310.93,USD,346.94
11/03/2013 05:27,NQYOHZES10208903,Stocks,MHFC34,WWNS72,4086630.8,ARS,1000,06/03/2018,217.0,USD,3648.42
11/03/2013 05:27,YJWZVCSI82232038,Persuaders,DOGG07,FDWI64,6468292.0,LSL,8000,09/06/2015,415.7,USD,880.96
11/03/2013 05:27,YBVSSPRR42134545,Valars,NXTO39,KKGY69,192276.0,USD,700,31/12/2016,274.68,USD,251.0
11/03/2013 05:27,EFHLMHOH16350831,Stocks,FGQR22,YLGZ72,578873.09,TZS,900,16/07/2016,64.07,USD,576.62
11/03/2013 05:27,EFMIKANK57726344,Turbo Ethers,ZEHM52,VPTI00,20500.0,USD,500,19/06/2016,41.0,USD,44.3
11/03/2013 05:27,UBCODCRR58917124,Stocks,SHXQ48,ZEHM52,8630.0,USD,100,21/02/2014,86.3,USD,79.68
11/03/2013 05:27,CEREPPBH82015767,Moranth Smokers,RNZB01,IIZF28,381560.0,USD,4000,02/12/2015,95.39,USD,84.27
11/03/2013 05:28,ZVDMQUWB77937310,Monster Cells,JVHD93,AGBH66,145480.0,USD,800,23/01/2014,181.85,USD,157.6
11/03/2013 05:28,RMQQRNFX18098059,Stocks,MEOQ86,QMZU44,183310.0,USD,1000,19/08/2016,183.31,USD,187.28
11/03/2013 05:28,LAPQKPOP91760313,Stocks,FJOI82,MYXF05,94164.91,KWD,900,30/09/2014,12.7,USD,107.49
11/03/2013 05:28,TWVCMSYJ39122664,Keys of the Ram,YSSR29,BBAX06,308600.0,USD,800,24/12/2018,385.75,USD,329.34
11/03/2013 05:28,XDOWFMVQ73343389,Stocks,QOKP03,SMYT95,44736.0,USD,300,24/04/2018,149.12,USD,135.64
11/03/2013 05:29,LVURXQPI14011337,Stocks,JXGF57,CBOX52,1040450.0,USD,5000,31/12/2017,208.09,USD,219.63
11/03/2013 05:29,MZCFZQBA70040923,Chainsaws,ERHJ34,VESX21,50368.0,USD,800,11/01/2017,62.96,USD,69.11
11/03/2013 05:29,DJLETHQX63333294,Eyes of Agamotto,KRRO64,BPLN25,199038.0,USD,600,20/11/2017,331.73,USD,390.54
11/03/2013 05:29,CCWNTFHB17844907,Stocks,FYYD57,FORM54,614940.39,KYD,5000,29/04/2015,16.47,USD,109.89
11/03/2013 05:29,CBSYOISC00392107,Rings of Cold Resistance,TGZI54,DGTY64,216220.0,USD,1000,18/04/2017,216.22,USD,192.44
11/03/2013 05:29,XFCRRCTK39617827,Infinity Stones,HHFP66,SAAM06,51436.0,USD,400,14/04/2014,128.59,USD,105.56
11/03/2013 05:29,YRRBPJQW18975593,Absorbing Eyes,GBEZ65,HYSJ42,8646.0,USD,300,17/12/2016,213.18,BDT,25.35
11/03/2013 05:29,KCDGPVQJ84780651,Stocks,YTAI13,GYWU23,4914.0,USD,300,13/11/2016,124.48,BSD,18.77
11/03/2013 05:29,KMDDOYDS77341465,Stocks,FORM54,DGTY64,10500.0,USD,600,18/06/2015,17.5,USD,17.97
11/03/2013 05:29,LUFVLXSD10686677,Stocks,AGBH66,NCXS33,96789.0,USD,700,10/04/2014,846.2,BZD,161.26
11/03/2013 05:30,QHZUGULF48366979,Curiel Greens,IBLA29,VPTI00,1522840.0,USD,4000,19/10/2015,380.71,USD,416.32
11/03/2013 05:30,MPBVRXQQ43052653,Nenyas,LAUA80,PVAZ61,533850.0,USD,5000,08/10/2018,908.94,GMD,96.79
11/03/2013 05:30,DQQZZJQL44649696,Pan-Galactic Gargle Blaster,EIWJ22,AYIH50,3413220.0,USD,6000,30/11/2015,568.87,USD,459.64
11/03/2013 05:30,VILNUAMN37181656,Stocks,MFJJ99,KRXZ15,79335.0,USD,300,24/10/2015,264.45,USD,221.71
11/03/2013 05:30,MPUGDGJM78894538,Stocks,QWOA67,PIFN94,1711131.63,TTD,900,10/07/2018,362.87,USD,2045.99
11/03/2013 05:30,PNPFRUVN73832692,Shinigami Eyes,IZLM67,GIWG34,29601.0,USD,300,28/09/2018,98.67,USD,91.78
11/03/2013 05:31,JVLAWBFC93687857,Stocks,KRRO64,VLJL11,1615020.0,USD,6000,22/09/2015,1106.56,LRD,305.44
11/03/2013 05:31,VESSZNHS98801641,Stocks,JXGF57,VESX21,864660.0,USD,6000,01/05/2015,144.11,USD,120.16
11/03/2013 05:32,NQVKPXGH62956345,White Gold Rings,EWUY52,SXHU74,77686.0,USD,700,14/07/2016,110.98,USD,98.64
11/03/2013 05:32,IBKTDHUO87461387,Stocks,RNZB01,VGYT30,583040.0,USD,4000,26/07/2016,145.76,USD,125.63
11/03/2013 05:32,WOLMNMYO20122180,Stocks,RJUD59,EPZN28,1953000.0,USD,50000,24/04/2016,39.06,USD,37.62
11/03/2013 05:32,WPZOJQDZ69035630,Stocks,RNZB01,WHPS18,1432000.0,USD,40000,14/03/2014,35.8,USD,30.91
11/03/2013 05:32,KTZUHUHP52165034,Stocks,CBOX52,TRFG21,2555.4,HNL,400,14/12/2018,3.12,USD,5.53
11/03/2013 05:32,WNRAQWFD22912778,Stocks,ZFHD93,DREA89,5515.0,USD,100,27/11/2016,55.15,USD,58.59
11/03/2013 05:32,DRFMDZJE23285461,Snowballs,MKHA46,YSSR29,520020.0,USD,9000,12/03/2017,57.78,USD,65.87
11/03/2013 05:32,XWVNLDZY90269379,Stocks,CBOX52,JXGF57,6046000.0,USD,50000,12/08/2018,120.92,USD,102.53
11/03/2013 05:32,CWWHGHAQ82986043,Stocks,NCXS33,JXGF57,6046000.0,USD,50000,15/06/2017,120.92,USD,122.07
11/03/2013 05:33,NAFXAEPC14753928,Stocks,RNZB01,MEOQ86,2460.0,USD,500,22/10/2015,4.92,USD,4.69
11/03/2013 05:33,COAAFSII38717109,Stocks,PQSW95,QOKP03,120243.0,USD,300,22/02/2017,400.81,USD,389.94
11/03/2013 05:34,XFWYXYAU17223298,Stocks,XHYN07,AMRO66,46249.0,USD,700,15/05/2015,66.07,USD,73.72
11/03/2013 05:34,ETJXJKUY26446349,Stocks,OPET16,NQJL85,62284.9,NOK,1000,28/05/2014,53.68,USD,70.01
11/03/2013 05:34,LCTHFCIM78172613,Premium Nanotech,HYSJ42,DREA89,1015890.0,USD,3000,11/02/2016,338.63,USD,361.48
11/03/2013 05:34,QEQOVWNG71583956,Veritaserums,WVHK10,AWYB85,149651877.25,UYU,8000,02/10/2018,479.56,USD,20026.16
11/03/2013 05:34,FCNLYBWP01412689,Rift Crackers,AGBH66,LKPN86,106011.0,USD,900,30/08/2014,117.79,USD,126.39
11/03/2013 05:34,FLIGTXVP72189557,Books of Vishanti,HYSJ42,QAZT26,15431.0,USD,100,04/08/2017,154.31,USD,171.01
11/03/2013 05:34,SNNWSGXI22153278,Stocks,AMBT33,SMYT95,4473600.0,USD,30000,22/12/2018,149.12,USD,126.37
11/03/2013 05:35,NISXFWAM15507714,Earth Harps,SFZS08,JCWS17,16322.0,USD,100,15/07/2015,163.22,USD,182.84
11/03/2013 05:35,SEVEZFHI32383797,Ampules,DNIL23,LAUA80,89509.97,NIO,200,15/04/2016,274.15,USD,410.67
11/03/2013 05:35,BGSXLNBD89558134,Shaman Bone Blades,CMOI26,QLCE04,25820397.72,LBP,20000,11/10/2018,130.26,USD,1328.81
11/03/2013 05:35,MAGBXBNI19810374,Sonic Screwdrivers,DREA89,PVAZ61,48482.0,USD,200,30/01/2014,242.41,USD,254.26
11/03/2013 05:35,NSWZQGME33560378,Wonka Bars,BBJG05,AWYB85,15275400.0,USD,70000,20/06/2015,218.22,USD,224.76
11/03/2013 05:36,BAELLDOG22618601,Surrounders,JCWS17,TKVF94,1498800.0,USD,30000,03/10/2014,49.96,USD,47.08
11/03/2013 05:36,CGZDJBCR03466890,Stocks,RDBE21,IBLA29,2703440.0,USD,8000,29/11/2017,337.93,USD,340.2
11/03/2013 05:37,WTNWFIJG74814964,Stocks,MFZY76,CMZC67,63115.93,NZD,400,13/07/2017,74.51,USD,168.84
11/03/2013 05:37,HEEHJDJD01952570,Mirrors of Erised,RFZG50,CQPJ57,1901700.0,USD,5000,19/07/2018,380.34,USD,426.77
11/03/2013 05:37,XJXUGFEY91654983,Stocks,UHOG52,LWGE44,5035.0,USD,500,07/01/2015,10.07,USD,9.18
11/03/2013 05:37,ALQCIXKJ36671071,Stocks,GGLV00,TGZI54,29494483.05,GBP,9000,15/06/2014,300.39,USD,3343.08
11/03/2013 05:37,NQNBWYFY13922198,Stocks,SXTM39,OUNH49,771330.0,USD,7000,18/02/2018,110.19,USD,95.68
11/03/2013 05:38,LRRTDHHT75257941,Stocks,XRBV61,HPTP65,186110.0,USD,1000,27/06/2017,186.11,USD,199.09
11/03/2013 05:38,DOOVGMRQ86434110,Hi-Potions,AGBH66,PKBF70,302130.0,USD,900,04/04/2015,335.7,USD,379.09
11/03/2013 05:39,TKZPMUKE51979351,Neuralizers,YTAI13,IBLA29,90440.0,USD,500,05/03/2018,180.88,USD,165.42
11/03/2013 05:40,TOKVOKFI25386399,Stringers,MSHS03,ZELV96,5628690.0,USD,9000,28/11/2014,625.41,USD,575.7
11/03/2013 05:40,PAUKBUIB18943856,Platinum Bolts,YLGZ72,GYWU23,535822.68,MKD,1000,10/09/2016,128.47,USD,494.79
11/03/2013 05:40,SVRKIXJQ47439795,Moranth Smokers,MEOQ86,IIZF28,76312.0,USD,800,24/08/2014,95.39,USD,88.96
11/03/2013 05:40,EUYKVSEJ83901444,Cainhurst Badges,UWUK72,UIKN63,433159.28,VND,200,22/05/2016,353.19,USD,2042.2
11/03/2013 05:40,RUBHPCJI74900168,Stocks,WVHK10,NCYN50,94560.0,USD,8000,18/05/2014,11.82,USD,9.81
11/03/2013 05:41,OLTMTUSK46875129,Stocks,ZELV96,WHPS18,10740.0,USD,300,19/03/2015,35.8,USD,40.51
11/03/2013 05:41,ECUCKPMW32591171,Megacorp Helmets,FJOI82,AHMZ79,4928500.0,USD,50000,23/07/2014,682.03,GIP,105.94
11/03/2013 05:41,EUPEPXBG36251594,Stocks,OPZI26,YSSR29,3620400.0,USD,70000,22/10/2015,51.72,USD,54.19
11/03/2013 05:41,BXQTLWVI98324937,Stocks,JZTC69,JXGF57,3359459.9,SRD,5000,24/02/2018,120.92,USD,592.11
11/03/2013 05:41,LBEPXJHF31590659,Keys of Orthanc,ZSXF19,KRXZ15,137090.0,USD,1000,28/02/2015,137.09,USD,124.51
11/03/2013 05:41,MCFCIMCW99199446,Stocks,BPLN25,TFLS35,122400.0,USD,5000,08/03/2018,24.48,USD,26.9
11/03/2013 05:42,TWITSKPD12281096,Lawgivers,LIIS96,FDWI64,3171200.0,USD,40000,18/06/2016,79.28,USD,67.6
11/03/2013 05:42,VIPVOZCF29810290,Drums of Earthquake,BMRZ75,DDIB11,4626400.0,USD,40000,29/10/2016,115.66,USD,127.78
11/03/2013 05:42,TKFHYHCI86657827,Platinum Bolts,SRYE59,GYWU23,89929.0,USD,700,21/09/2018,128.47,USD,129.28
11/03/2013 05:42,NLHGTTIE18809247,Berserk Genes,KEVJ11,CVMG22,76770.0,USD,1000,09/01/2015,76.77,USD,63.6
11/03/2013 05:42,TFSKJTJD57928833,Nitro Powder Blocks,IZTD25,LWGE44,187264.0,USD,800,14/10/2017,234.08,USD,277.84
11/03/2013 05:43,WQZONKFL08281970,Stocks,BPLN25,EIWJ22,187840.0,USD,2000,21/12/2018,93.92,USD,87.79
11/03/2013 05:43,YHMREZWI27873494,Cloaks of Invisibility,FGVK43,HPTP65,158500.0,USD,5000,14/08/2015,31.7,USD,32.66
11/03/2013 05:43,CAMBDTZX19680250,Stocks,RDBE21,RFZG50,14136205.54,MUR,4000,12/05/2018,63.72,USD,3348.13
11/03/2013 05:44,RYHTMVQY59903256,Rings of Free Action,MSHS03,QOKP03,146922.0,USD,600,31/08/2018,244.87,USD,206.28
11/03/2013 05:44,JLIQBIUM76609347,Stocks,QBVN33,SFZS08,61976090.52,LBP,40000,27/11/2017,156.33,USD,1600.81
11/03/2013 05:44,TNYFTQMY04251387,Flying Brooms,DILF10,WVEI17,1197.0,USD,100,07/10/2016,11.97,USD,13.17
11/03/2013 05:44,ZRBYSAOF95216403,Stocks,LIIS96,CMOI26,41500.0,USD,200,27/04/2014,207.5,USD,196.61
11/03/2013 05:44,IOTFOTZW19249302,Stocks,TVQQ54,CBOX52,21496737.45,MMK,30000,27/03/2018,208.09,USD,645.3
11/03/2013 05:44,XXBEPBCT44766735,Stocks,KKZA87,ISWT83,4199342.0,IDR,5000,06/01/2015,157.87,USD,852.46
11/03/2013 05:44,HVWJYSDG95184066,Stocks,ZXVX98,UHOG52,1593000.0,USD,60000,08/02/2018,26.55,USD,28.37
11/03/2013 05:44,TWNCTRMN21868537,Blank Spellbooks,MFJJ99,ISWT83,99045.0,USD,500,10/12/2014,198.09,USD,225.29
11/03/2013 05:45,PKUGTSXY57897770,Stocks,ZVEN26,VIMV38,97945.0,USD,500,02/06/2014,195.89,USD,232.03
11/03/2013 05:45,JZUTGPKR79145798,Stocks,THJF58,LBKT00,482322.24,BMD,80000,15/05/2018,0.31,JPY,5.74
11/03/2013 05:45,LBEOYHFI08578528,Samehadas,MFJJ99,ZMLP81,208712.0,USD,700,26/03/2018,298.16,USD,271.94
11/03/2013 05:45,NFLPPGGA19679882,Marvins,ZBIO05,WHPS18,119052.07,ISK,600,03/01/2015,62.69,USD,214.72
11/03/2013 05:45,QMJPCIUU06714654,Millennium Rings,KTLA69,NCYN50,43546.06,NOK,3000,14/10/2015,12.51,USD,15.11
11/03/2013 05:45,GZYFUDUT77848351,Blood Dregs,CBOX52,MDEQ10,702000.0,USD,5000,28/04/2016,140.4,USD,130.07
11/03/2013 05:46,WKESFVYF38244633,Stocks,ZXVX98,RDBE21,1927.0,USD,100,19/05/2015,19.27,USD,16.44
11/03/2013 05:46,NLFRSCCD65060617,Stocks,CMZC67,QODV38,236400.0,USD,2000,17/03/2015,118.2,USD,134.31
11/03/2013 05:46,CDVUCDXW18259795,Niflheim Alloy Bars,QCRG59,HPTP65,19917.0,USD,900,13/09/2014,22.13,USD,19.02
11/03/2013 05:46,DMZXGSNN35638473,Sausages inna bun,ZXVX98,CMOI26,9643.82,MRO,300,21/03/2015,12.56,USD,34.37
11/03/2013 05:46,EILAWWAE54343063,Stocks,XRBV61,CAVR54,508393.26,XPF,10000,10/11/2015,141.93,USD,45.43
11/03/2013 05:47,AWRLFEKG11276520,Stocks,ISWT83,AMBT33,11619.14,ZWD,200,18/03/2016,13.34,USD,65.12
11/03/2013 05:47,SVBEGATU97674388,Magic Harps,GSTD71,LIJW00,829513.98,KRW,30000,25/10/2018,111.18,USD,24.1
11/03/2013 05:47,UFCXZFTY56103823,Stocks,HWHS51,JXGF57,3627600.0,USD,30000,23/11/2016,120.92,USD,135.75
11/03/2013 05:47,UYANZPZL69007028,Stocks,QETH27,NCXS33,423570.79,SVC,800,25/02/2018,138.27,USD,488.45
11/03/2013 05:48,DLZCIBJT33745151,Stocks,CAVR54,TBVE46,106488.0,USD,600,15/11/2014,177.48,USD,167.09
11/03/2013 05:48,MRERXDDY59020318,Potions of Oil,PIFN94,TKVF94,229460.0,USD,7000,08/01/2017,32.78,USD,27.1
11/03/2013 05:48,YONWHUTW57782696,Stocks,JCWS17,OUNH49,66114.0,USD,600,10/10/2014,110.19,USD,120.46
11/03/2013 05:48,VEGGYIJZ93822296,Stocks,WVHK10,FORM54,8235.0,USD,500,23/12/2016,16.47,USD,14.46
11/03/2013 05:49,IEMYEQKY34611755,Cerebros,PQSW95,AMRO66,281022.0,USD,700,17/12/2014,401.46,USD,447.38
11/03/2013 05:50,RXGDNUJV67476306,Metronomes,BDBU00,YWMD69,9569.0,USD,100,21/04/2015,95.69,USD,109.14
11/03/2013 05:50,HPDRKXUV60905893,Stocks,LIIS96,MKHA46,122436.0,USD,600,19/01/2016,204.06,USD,230.27
11/03/2013 05:50,CEAVFJUJ37883327,Leftovers,SMYT95,NXTO39,14796000.0,USD,50000,14/07/2014,295.92,USD,301.35
11/03/2013 05:50,OQMLTHZU35528173,Momentum Gliders,OUNH49,SRYE59,1295171.57,LKR,6000,18/10/2016,162.29,USD,213.68
11/03/2013 05:51,LEXJVTLZ74329650,Cornballers,DVVB31,HYSJ42,14249547.7,MXN,9000,28/05/2016,275.67,USD,1722.84
11/03/2013 05:51,EKSQIIWW84191390,Full Faces,SZRJ90,QLCE04,352176.0,USD,800,17/02/2015,440.22,USD,386.42
11/03/2013 05:51,DPRVMEHI40278913,Moranth Melters,TQSJ85,VVXA11,31476.58,RON,100,08/05/2015,210.11,USD,265.46
11/03/2013 05:51,AZWZCDNV48974904,Sonic Screwdrivers,PJKH65,PVAZ61,193928.0,USD,800,23/03/2017,242.41,USD,263.95
11/03/2013 05:51,VZTQXMKW26664974,Ghost Disks,PVAZ61,NCCX02,199649.09,BSD,700,09/07/2016,37.53,USD,316.35
11/03/2013 05:52,QSRFOEMU87125996,Stocks,BMRZ75,WVHK10,2798240.35,BWP,7000,04/04/2017,127.54,USD,364.41
11/03/2013 05:52,YTFDJYHR31072449,Fridays,SZRJ90,SEKK26,225163.89,AMD,200,24/08/2014,102.03,USD,1215.51
11/03/2013 05:53,DFJDOCIM47780696,Stocks,AGBH66,CMZC67,596080.0,USD,8000,11/07/2018,74.51,USD,75.77
11/03/2013 05:53,BECOZWOB04178364,Stocks,BBAX06,MFZY76,100415.0,USD,700,30/06/2017,143.45,USD,163.71
11/03/2013 05:53,GMRDBYPK98594959,Stocks,GSTD71,FTFI87,11845200.0,USD,60000,13/06/2018,197.42,USD,178.28
11/03/2013 05:53,SDYCTUKD30022377,Moon Tears,VGYT30,PBFW95,2050110.0,USD,9000,26/02/2018,227.79,USD,181.56
11/03/2013 05:53,JUVBNHDI37230837,Otataral Bars,KUWI70,JZTC69,6936.0,USD,400,26/05/2017,17.34,USD,14.77
11/03/2013 05:53,ZUGPUTQT21456053,Stocks,UWUK72,UACN81,106920.0,USD,6000,10/02/2016,17.82,USD,15.85
11/03/2013 05:53,CJHAQURL48932670,Krytonite Ore,SXHU74,HFLM11,241416.0,USD,700,24/02/2018,344.88,USD,299.98
11/03/2013 05:54,RMSUJMQL56130467,Stocks,TGZI54,JVHD93,880.48,NGN,800,07/01/2017,6.41,USD,1.1
11/03/2013 05:54,COKQBGHQ70047679,Amulets Versus Poison,VAHJ53,PJKH65,13080.0,USD,200,19/01/2014,65.4,USD,70.94
11/03/2013 05:56,TBWYWTSJ22545769,Stocks,LKPN86,VPTI00,15057.0,USD,300,22/07/2014,50.19,USD,39.42
11/03/2013 05:56,KVVLRPGW69976497,Stocks,NGBA40,FDWI64,11196.0,USD,600,13/12/2015,18.66,USD,19.91
11/03/2013 05:56,XEQJYIAS15011804,Stocks,DNIL23,WVHK10,11478600.0,USD,90000,29/04/2018,1215.6,SBD,115.46
11/03/2013 05:57,MJJFSOMH24050721,B-4s,HHFP66,ESPL27,54272.69,PEN,7000,27/01/2015,35.21,USD,7.18
11/03/2013 05:57,FOYEZUOQ57997499,Golems,YTAI13,QODV38,5900.0,USD,400,22/10/2016,14.75,USD,15.58
11/03/2013 05:57,BNATWHCL33888464,Stocks,AMBT33,PBFW95,16841.0,USD,100,14/04/2015,168.41,USD,147.59
11/03/2013 05:58,WBVLNPND37124592,Stocks,XHYN07,OPZI26,357147.43,SYP,2000,14/11/2015,34.69,USD,203.93
11/03/2013 05:58,VDENOJUL68112205,Baku Disks,RJCA92,QWOA67,249600.0,USD,10000,01/08/2018,24.96,USD,22.75
11/03/2013 05:58,UYARWYJM19081839,Stocks,ZBIO05,CAVR54,88621092.0,SGD,80000,31/10/2014,141.93,USD,988.06
11/03/2013 05:58,FZZFHLZH08168803,Stocks,BBAX06,HYSJ42,113194.52,NAD,200,06/10/2017,249.47,USD,648.14
11/03/2013 05:59,SNYUSRKR27670277,Phoenix Downs,SEKK26,ORQH73,127673.8,BBD,100,05/04/2018,15.14,USD,1422.11
11/03/2013 05:59,GUGUTIET66848634,Koins,IBLA29,IZLM67,2844005.28,MRO,10000,19/06/2015,111.12,USD,305.57
11/03/2013 05:59,DBJLKQCR69505388,Stocks,PBFW95,FORM54,32940.0,USD,2000,22/06/2017,16.47,USD,15.84
11/03/2013 05:59,OHQOHAOB27572463,Urns of Power,SRYE59,QLMY86,5131613.0,BRL,2000,04/11/2014,241.0,USD,2284.51
11/03/2013 05:59,HILGVJOP69644055,Gundams,IBLA29,SBUT62,148835.77,HKD,100,07/10/2017,330.93,USD,1653.83
11/03/2013 06:00,VRRLUTED71104278,Behelits,QODV38,QCRG59,8600850.0,USD,9000,09/07/2015,955.65,USD,807.49
11/03/2013 06:00,PKREDIMU87381956,Hero Association Catalogs,KUWI70,QBAP68,90810.0,USD,600,31/08/2017,151.35,USD,139.28
11/03/2013 06:01,WUASYTXY94815851,Thermal Regulation Suppositories,HYSJ42,ZVEN26,111523.46,JMD,400,19/09/2014,338.36,USD,247.13
11/03/2013 06:01,OJFQOHLA56429959,Stocks,YOQG45,SRYE59,9762.86,DOP,500,04/08/2016,2.66,USD,17.21
11/03/2013 06:01,UTJPQMPA09643297,Stocks,TFLS35,LKPN86,16077.0,USD,300,04/12/2015,53.59,USD,57.85
11/03/2013 06:01,UZDUSXQX49649897,Grassy Seeds,YSSR29,XHYN07,41228.61,MWK,800,18/04/2018,8.37,USD,47.76
11/03/2013 06:01,BDSBFVRV99578295,Vampire Fangs,NXTO39,PNFK78,180120.0,USD,1000,06/12/2017,180.12,USD,197.93
11/03/2013 06:01,FUQHPBFL73245279,Amulets of Restful Sleep,PQSW95,VGYT30,9972.0,USD,900,31/03/2014,11.08,USD,11.87
11/03/2013 06:01,IZLKIYUK27184474,Stocks,CUVZ50,RLZK87,38404.0,USD,200,28/03/2018,192.02,USD,213.16
11/03/2013 06:01,GEMSIOOH75790143,Stocks,DJNE62,ESPL27,50949.71,THB,1000,13/03/2017,54.82,USD,55.53
11/03/2013 06:02,ZJLDLMNW98111219,Ent-draught,MFZY76,LIJW00,89113.83,AZN,400,18/12/2016,31.36,USD,260.74
11/03/2013 06:02,EVIGYYOD69630858,Chakra Puppets,GZED20,MKHA46,308214.0,USD,900,17/06/2015,342.46,USD,334.27
11/03/2013 06:02,SBKPTWET36766543,Stocks,SXHU74,PBFW95,84205.0,USD,500,09/04/2018,168.41,USD,129.73
11/03/2013 06:02,RZSGMLXL54056264,Stocks,GSTD71,DDIB11,334638.82,ZAR,4000,18/02/2016,17.58,USD,87.37
11/03/2013 06:02,TJHQGTYD02943190,Stocks,VTKE98,QBAP68,5924.0,USD,400,26/03/2014,14.81,USD,14.02
11/03/2013 06:03,YHKAIFEN06171512,Keys of the Ram,OCQF34,BBAX06,347175.0,USD,900,04/07/2016,385.75,USD,407.66
11/03/2013 06:03,LJKOFCDU85626675,Alchemy Smocks,LBKT00,GSTD71,24277200.0,USD,60000,26/08/2017,404.62,USD,402.5
11/03/2013 06:03,BSBXRBMQ90706171,Stocks,KKGI60,YLGZ72,576630.0,USD,9000,13/11/2014,64.07,USD,57.26
11/03/2013 06:03,UUMGXVWW46316033,Mjolnirs,EPZN28,FORM54,466683.0,USD,700,02/08/2018,666.69,USD,575.7
11/03/2013 06:04,IYHHEXWL28582199,Stocks,AMRO66,VVXA11,36113711.04,MGA,30000,07/02/2016,284.02,USD,1090.02
11/03/2013 06:04,RFURCEDM53801123,Stocks,LIIS96,VCSF07,165858.89,SYP,1000,01/09/2018,32.22,USD,183.78
11/03/2013 06:05,GUBQNLUN37910647,Rings of Levitation,PBFW95,VGYT30,1565160.0,USD,6000,31/10/2014,260.86,USD,252.26
11/03/2013 06:05,OJBXBBWI82901522,Stocks,CMZC67,ZEHM52,539469.93,KHR,3000,09/01/2015,86.3,USD,158.57
11/03/2013 06:05,XBTRUVQY75957139,Stocks,PBFW95,UEVD88,86408.0,USD,400,19/08/2016,216.02,USD,224.71
11/03/2013 06:05,WCTRUCFT45435880,Badgers,IZTD25,GGLV00,92775967.56,SYP,30000,12/10/2015,600.76,USD,3302.45
11/03/2013 06:05,UWOLGIAV96762868,Stocks,LKPN86,THJF58,1787100.0,USD,70000,13/10/2018,25.53,USD,23.74
11/03/2013 06:06,UUPQQWAM91883269,Stocks,RDBE21,BMRZ75,1676700.0,USD,6000,05/09/2015,279.45,USD,333.87
11/03/2013 06:06,LWRIXQAE60023134,Celestial Dials,YFAM59,INIL60,1845116.35,KHR,5000,07/01/2016,177.1,USD,315.74
11/03/2013 06:06,BWTQZIKN42368256,Stocks,DVVB31,QXFF29,1615000.0,USD,50000,15/02/2014,32.3,USD,33.57
11/03/2013 06:06,PVBQICBU11395662,Stocks,CIXF70,PBFW95,1530.85,BGN,100,15/10/2015,168.41,USD,16.67
11/03/2013 06:06,WWCJXBPQ77955997,Cell Cells,LWGE44,AGBH66,50540.0,USD,700,21/07/2014,72.2,USD,67.01
11/03/2013 06:07,DPBKLWWF95153946,Stocks,KKGY69,VESX21,6134114.21,GMD,5000,13/03/2016,144.11,USD,1376.92
11/03/2013 06:07,BAHMZOUH23561789,Simarils,TBVE46,TVQQ54,98622.0,USD,900,13/09/2017,1086.06,LBP,88.55
11/03/2013 06:07,HTOHNTWV48971417,Tarkartan Blades,AMBT33,WHPS18,919080.0,USD,6000,25/02/2017,153.18,USD,170.67
11/03/2013 06:07,TDZLJYJK65164457,Air Balloons,SFEO61,ITTS26,162465.43,ZAR,500,25/07/2018,68.28,USD,303.28
11/03/2013 06:07,MDXMYPPC47959583,Amulets of ESP,QLMY86,PIFN94,69325.27,ANG,800,11/12/2015,9.82,USD,78.92
11/03/2013 06:08,ZKENLWHF49310855,Stocks,YSSR29,RJUD59,51280.0,USD,4000,28/02/2017,12.82,USD,11.26
11/03/2013 06:08,TBVTNHNU92333857,Stocks,DJNE62,UWUK72,72793087.92,GHS,60000,17/09/2015,116.76,USD,1331.34
11/03/2013 06:08,YVWEHUGC59778934,Tasters,SWGF93,MKHA46,2788170.0,USD,7000,29/12/2016,398.31,USD,420.85
11/03/2013 06:09,DDBEENRM83066947,Magic Beans,HWHS51,MYXF05,609200.0,USD,4000,23/05/2018,152.3,USD,159.98
11/03/2013 06:09,WVPTMTRB54691757,Rings of Poison Resistance,GIWG34,KTLA69,183330.0,USD,700,16/02/2018,261.9,USD,279.16
11/03/2013 06:09,CUGSKHTD49790605,Bone Marrow Ashes,NCYN50,QAZT26,28685.0,USD,500,27/04/2015,57.37,USD,61.63
11/03/2013 06:09,VFWWZDYG90230489,Stocks,WVEI17,GGLV00,3554.0,USD,200,24/12/2014,17.77,USD,16.53
11/03/2013 06:09,DHCGXRWW20033660,Stocks,CIXF70,ZELV96,47820.0,USD,3000,18/02/2016,15.94,USD,17.27
11/03/2013 06:10,ZAGHLFPR69652642,Stocks,QOKP03,MHFC34,33339.0,USD,300,03/12/2015,111.13,USD,94.39
11/03/2013 06:10,QTMWTGGJ66781431,Gonnes,KKGI60,NCYN50,425950.0,USD,5000,21/04/2015,405.4,ZAR,73.16
11/03/2013 06:10,SBNYYOPV94231268,Safety Goggles,BDBU00,SEKK26,2407800.0,USD,6000,12/05/2015,401.3,USD,457.39
11/03/2013 06:10,EZMMWVKQ59713641,Victory Gin,GYWU23,QETH27,14544.0,USD,400,25/08/2015,36.36,USD,31.41
11/03/2013 06:10,NBOPLLLC15343888,Stocks,CMZC67,DOGG07,31608.0,USD,900,22/05/2017,35.12,USD,31.53
11/03/2013 06:11,EJRIYTYG46764994,Stocks,RJUD59,LIJW00,657900.0,USD,6000,04/05/2016,109.65,USD,122.29
11/03/2013 06:11,TNRTTRKD06704816,Stocks,QLMY86,IIZF28,75362.0,USD,700,20/02/2015,107.66,USD,93.38
11/03/2013 06:11,PIMBFQIV44528433,Stocks,HFLM11,BDBU00,24408.0,USD,200,11/09/2017,415.17,HUF,137.01
11/03/2013 06:11,NFWEQLOI15024415,Portal Guns,HWJF09,MDEQ10,277606.0,USD,700,25/12/2016,396.58,USD,343.06
11/03/2013 06:11,HIHIFEWU78929454,Seastone Cuffs,UEVD88,HXDA52,57092.0,USD,700,15/04/2015,81.56,USD,93.84
11/03/2013 06:11,HCBGTXAH99597770,Stocks,QOKP03,SFZS08,140697.0,USD,900,10/09/2018,156.33,USD,138.68
11/03/2013 06:11,UHJCJGPC69187865,Pacts,HYSJ42,KRXZ15,70104.0,USD,800,03/06/2015,87.63,USD,98.33
11/03/2013 06:12,SONFKBAI28673257,Stocks,SFEO61,VLJL11,573663.18,AZN,300,04/06/2016,269.17,USD,1713.45
11/03/2013 06:12,HQLQOPHS65768054,Stocks,GIWG34,NCXS33,57499.58,LAK,100,12/10/2015,138.27,USD,548.99
11/03/2013 06:12,IUAYWAUN81366947,Horns of Plenty,OHKH76,ZNQA84,156583.74,SOS,200,30/05/2016,263.92,USD,685.09
11/03/2013 06:12,XLMLAJMZ66961723,Heart Containers,JCWS17,OCQF34,266567.0,USD,700,18/04/2014,380.81,USD,450.69
11/03/2013 06:12,LRBHZNQJ57584060,Stocks,HYSJ42,GSTD71,814680.0,USD,9000,08/01/2018,90.52,USD,80.83
11/03/2013 06:12,MDUZAGIA34300088,Stocks,OPET16,HYSJ42,997880.0,USD,4000,15/02/2017,249.47,USD,225.08
11/03/2013 06:12,FBXJGDSF93965047,Stocks,KUWI70,LAUA80,14294400.0,USD,80000,28/04/2015,178.68,USD,161.08
11/03/2013 06:13,NZUFQOPP90054449,Frost Horns,KUWI70,BBJG05,99405.0,USD,300,11/02/2015,331.35,USD,258.45
11/03/2013 06:13,HVCXAVKC31341964,Stocks,ZFHD93,UEVD88,108010.0,USD,500,28/06/2016,216.02,USD,247.23
11/03/2013 06:14,NLWXGVUV99335309,Stocks,SRYE59,NQJL85,2088152.0,LSL,20000,29/10/2016,53.68,USD,102.66
11/03/2013 06:14,IITOTJNP65632148,Horns of Plenty,VGYT30,ZNQA84,527840.0,USD,2000,28/03/2016,263.92,USD,246.45
11/03/2013 06:14,UMPUWXJJ63349686,Knightmare Frames,HNLV68,YFAM59,123857617.86,CNY,60000,27/07/2016,301.89,USD,2017.28
11/03/2013 06:14,VXZLWFWE83757643,X-Potions,PIFN94,CMZC67,1361434.59,FJD,800,03/10/2018,177.32,USD,1894.71
11/03/2013 06:14,VNGKDGPN94536626,Horcuxes,XRBV61,LBKT00,13400100.0,USD,70000,10/11/2014,191.43,USD,217.8
11/03/2013 06:15,DCLFAAFD61811737,Electrolyzers,OCQF34,DVVB31,338103.0,USD,900,09/07/2018,375.67,USD,421.49
11/03/2013 06:15,LWGYARGC84222027,Stocks,ZBIO05,CMOI26,2479685.18,AFN,900,30/08/2018,207.5,USD,2642.48
11/03/2013 06:15,MRUSUSJD29956936,Bags of Holding,SFZS08,KKGY69,260960.0,USD,800,12/12/2018,326.2,USD,351.23
11/03/2013 06:15,LRTMEXXF83668512,Stocks,LIJW00,NXTO39,70335.0,USD,500,07/05/2017,140.67,USD,127.43
11/03/2013 06:15,QUTOEMHR29872499,Zoni Vessels,BPLN25,WVEI17,2038400.0,USD,10000,31/08/2016,203.84,USD,167.01
11/03/2013 06:15,NIVAONKN81850685,Death Notes,DREA89,FJOI82,317880.0,USD,900,26/08/2015,20390.91,PHP,386.02
11/03/2013 06:16,YJOKIDOH09073910,Hare Disks,UEVD88,LIIS96,2164050.0,USD,9000,07/03/2016,240.45,USD,270.92
11/03/2013 06:16,EHVOFUZC17287829,Pandora Boxes,EPZN28,VIMV38,32632.0,USD,200,18/07/2018,163.16,USD,150.62
11/03/2013 06:16,DOTWZQKP48203789,Stocks,TBVE46,WHPS18,21480.0,USD,600,27/06/2015,35.8,USD,31.36
11/03/2013 06:16,BUFIPMAW19854316,Tachyons,IIZF28,PNFK78,2884634.34,GNF,100,28/12/2018,224.16,USD,27827.9
11/03/2013 06:16,FUEEFKJZ43091453,Stocks,NCXS33,MFZY76,5113131.8,HTG,2000,11/01/2017,143.45,USD,2809.81
11/03/2013 06:17,AUMPGJEA97959465,Quick Claws,VLJL11,INIL60,268080.0,USD,4000,21/10/2015,67.02,USD,67.78
11/03/2013 06:17,KRBTLCWD48351249,Amulet Coins,YTAI13,ESPL27,296820.0,USD,1000,06/06/2015,296.82,USD,311.41
11/03/2013 06:17,ETGIPGHB69508539,Stocks,EDYH00,TVQQ54,63000.0,USD,800,01/09/2016,78.75,USD,85.85
11/03/2013 06:17,MRECBUBJ16795102,Stocks,CUVZ50,ERHJ34,1103800.0,USD,5000,11/07/2016,220.76,USD,204.77
11/03/2013 06:17,JFTZEYDT13903495,Stocks,TQSJ85,MKHA46,6121800.0,USD,30000,06/04/2015,605.34,SOS,233.59
11/03/2013 06:17,DMISRCXU59716917,Dragon Scale Mail,DVVB31,CAVR54,31819200.0,USD,70000,28/04/2014,454.56,USD,469.18
11/03/2013 06:18,GQCVWNIK60375390,Stocks,UWUK72,QMZU44,518413.51,UGX,300,12/05/2014,183.31,USD,1609.42
11/03/2013 06:18,LPEVNNJJ33857249,Stocks,LIIS96,VXSM31,23829.0,USD,300,11/05/2014,336.66,MGA,74.99
11/03/2013 06:18,TVKQWMYX01573658,Tortures,KRRO64,DVVB31,4676.54,JPY,2000,24/11/2016,50.07,USD,2.08
11/03/2013 06:18,KOZQDPQW67706559,Angainors,IJPI82,KRRO64,2157628.3,DJF,900,20/05/2014,533.55,LSL,2601.98
11/03/2013 06:18,IWYQIZYL68716921,Stocks,TRFG21,JCWS17,8918000.0,USD,40000,11/09/2016,222.95,USD,248.16
11/03/2013 06:19,AKEOQXZY51562330,Stocks,EDYH00,SFEO61,3150.0,USD,700,28/09/2017,4.5,USD,4.05
11/03/2013 06:19,GACYJNFP14958300,Stocks,WVHK10,OQXV70,5475.6,QAR,200,03/08/2016,7.35,USD,30.67
11/03/2013 06:19,XZNUFOOL26034607,Tear Stones,DGTY64,LIJW00,68225.0,USD,500,09/11/2016,136.45,USD,115.56
11/03/2013 06:19,OMPSKNCL89300272,Phials of Galadriel,QWOA67,WIZJ73,16914978.09,ANG,9000,27/04/2014,212.98,USD,1970.33
11/03/2013 06:20,ZRJTIRGJ27433694,Stocks,CBOX52,MDEQ10,640170.0,USD,9000,12/04/2014,71.13,USD,78.49
11/03/2013 06:20,GVEGZCUI47721982,Astro Boys,AGBH66,VPTI00,411732.0,USD,400,16/04/2015,1029.33,USD,1093.53
11/03/2013 06:20,NJBJLVIJ32375476,Golden Ink Pots,LWGE44,ZXVX98,1033786.96,PYG,300,22/07/2014,476.85,USD,3089.9
11/03/2013 06:20,TQINNDQS96871097,Stocks,WYFO79,NGBA40,70448.0,USD,800,19/11/2018,88.06,USD,76.32
11/03/2013 06:20,KXZBPZAB20193905,Lavenders,KKGI60,KTLA69,8380500.0,USD,30000,17/11/2014,279.35,USD,244.73
11/03/2013 06:21,KZQNPVOP13119403,Power Pluses,MDEQ10,TBVE46,4246400.0,USD,20000,19/12/2017,212.32,USD,236.42
11/03/2013 06:21,JWTOFYQL62044065,Stocks,FGVK43,KTLA69,859250.0,USD,7000,25/10/2015,122.75,USD,114.85
11/03/2013 06:21,EBOTTZEG10810907,Stocks,TFLS35,KRXZ15,528900.0,USD,2000,27/11/2014,2457.8,ETB,237.21
11/03/2013 06:21,CDBCDNUT16282191,Leaves of Lorien,YOQG45,GBEZ65,285450.0,USD,3000,08/03/2015,95.15,USD,103.64
11/03/2013 06:21,LHXFOVJH81008937,Stocks,ZELV96,SEKK26,3572148.78,VEB,30000,06/03/2014,92.49,USD,136.59
11/03/2013 06:21,TWMTTFYF49306734,Stocks,VESX21,CVMG22,59720.0,USD,1000,03/05/2017,59.72,USD,63.42
11/03/2013 06:21,JJSTCLZA20776969,Stocks,PIFN94,LWGE44,4028.0,USD,400,02/01/2016,10.07,USD,8.97
11/03/2013 06:21,PXTWHMXS09738068,Lucky Cat Paws,MFZY76,SFZS08,121818.0,USD,600,20/06/2018,203.03,USD,185.25
11/03/2013 06:21,UDMHALCP54873092,Stocks,GSTD71,QWOA67,859850.0,USD,5000,22/08/2015,171.97,USD,187.82
11/03/2013 06:22,ONXIOQCS97854061,Stocks,RNZB01,QBVN33,14764.0,USD,200,23/03/2014,73.82,USD,82.75
11/03/2013 06:22,GDASSGCS09351607,Cornuthaums,THJF58,FGQR22,13222.0,USD,100,15/02/2016,132.22,USD,147.71
11/03/2013 06:23,RHIDXIDV47465333,Stocks,MEOQ86,AHMZ79,1087840.0,USD,8000,30/04/2018,135.98,USD,153.01
11/03/2013 06:23,LCBNDJBB89851845,Stocks,RQGG65,CMOI26,958307.62,CUC,900,01/04/2018,207.5,USD,1193.69
11/03/2013 06:24,PXWNAFRV93785071,Koins,HHOA99,IZLM67,147546.25,AFN,100,03/08/2014,111.12,USD,1594.93
11/03/2013 06:24,GPNFXXAT78775245,Crystal Balls,UHOG52,QETH27,79140.47,BND,600,11/12/2014,365.68,USD,122.77
11/03/2013 06:24,UTDLCUJK33167126,Iron Spiders,OUNH49,ZFHD93,2246670.0,USD,9000,03/10/2018,249.63,USD,295.72
11/03/2013 06:24,YEAGXPSW46614185,Stocks,UWUK72,NFAH30,789270.0,USD,3000,08/08/2015,263.09,USD,294.93
11/03/2013 06:25,MPZSHITZ58881996,Raritanium Ore,QCRG59,GIWG34,1613200.0,USD,4000,04/03/2016,403.3,USD,414.16
11/03/2013 06:25,AUUHWDVJ36981467,Stocks,UHOG52,XHYN07,182460.0,USD,6000,24/05/2018,30.41,USD,28.25
11/03/2013 06:26,QUBRFYJV51275925,Spyders,JCWS17,ZDAI73,590664.64,XPF,9000,24/09/2015,183.22,USD,59.72
11/03/2013 06:26,CRTKTESV85437864,Stocks,JVHD93,NGBA40,1761200.0,USD,20000,16/09/2016,88.06,USD,84.85
11/03/2013 06:26,RGZNAFCF37142601,Blue Flutes,WIZJ73,TYAE14,68703.0,USD,300,17/05/2015,229.01,USD,284.91
11/03/2013 06:26,ZTSKIVGG49150375,Mirrors of Hope,HNLV68,QLCE04,208239.0,USD,300,26/09/2017,40073.44,PHP,672.87
11/03/2013 06:26,CNKYYYZK06321932,Alchemy Smocks,NGBA40,GSTD71,336223.04,GYD,200,09/04/2018,404.62,USD,1827.71
11/03/2013 06:26,WJBBWLVS36711558,Stocks,WVEI17,KRXZ15,1719943.13,PYG,900,17/07/2015,264.45,USD,2219.6
11/03/2013 06:26,GUGLBKEZ42614518,Lightning Barrels,KRXZ15,JXGF57,302470.0,USD,7000,23/06/2015,43.21,USD,46.21
11/03/2013 06:26,PCBARDFF63406638,Bone Marrow Ashes,CMOI26,QAZT26,115836.91,CUP,800,21/10/2014,57.37,USD,168.22
11/03/2013 06:27,MOFCIDQB36808343,Cancellers,IZTD25,DILF10,656850.0,USD,3000,31/12/2016,218.95,USD,245.42
11/03/2013 06:27,WKGIJJAS24498115,Katchin Bars,FGQR22,WVEI17,108400.0,USD,5000,29/03/2016,21.68,USD,20.0
11/03/2013 06:27,LKKSINPE17196495,Crystal Balls,FAWI50,QETH27,109704.0,USD,300,11/01/2014,365.68,USD,437.73
11/03/2013 06:27,AYZIWCMG44743007,Stocks,WWNS72,BPLN25,23794.0,USD,200,11/05/2014,118.97,USD,128.62
11/03/2013 06:27,JLCFPALU07316012,Stocks,RJCA92,ISWT83,141394.69,SCR,200,27/03/2016,157.87,USD,747.93
11/03/2013 06:27,TAJBMXGO18736024,Phials of Galadriel,MSHS03,WIZJ73,106490.0,USD,500,01/09/2017,212.98,USD,172.57
11/03/2013 06:28,EHIPOCXA12212314,Stocks,THJF58,BMRZ75,83835.0,USD,300,03/07/2017,279.45,USD,329.63
11/03/2013 06:28,YRXMICSC81096541,Stocks,VIMV38,ZNQA84,941300.0,USD,10000,10/10/2015,94.13,USD,86.89
11/03/2013 06:28,IWZOVWCM14528098,Evangelions,LBKT00,NGBA40,5129036.53,NOK,9000,20/07/2015,491.16,USD,662.61
11/03/2013 06:28,IAAOGIOV75260068,Stocks,DOGG07,GIWG34,1059.0,USD,300,02/08/2017,3.53,USD,4.37
11/03/2013 06:28,PTBLOURC38821169,Stocks,CAVR54,EMNK67,94312.0,USD,400,10/12/2014,1445.83,VND,259.67
11/03/2013 06:29,THLCPFKT27625969,Smooth Rocks,FDWI64,VXSM31,10270200.0,USD,30000,14/02/2016,342.34,USD,365.08
11/03/2013 06:29,WBSTNOCN17883074,Ultra Nanotech,YFAM59,KKGY69,33630.0,USD,600,21/11/2018,56.05,USD,62.45
11/03/2013 06:29,HDHNIHEF21336786,Rings of Aggravate Monster,RFZG50,TVQQ54,333820.0,USD,2000,22/06/2018,166.91,USD,190.26
11/03/2013 06:29,EBMWMFBR48205415,Stocks,CMOI26,JZTC69,152166.0,USD,700,31/03/2017,19.76,BGN,198.35
11/03/2013 06:30,GIINURXI13203071,Stocks,UEVD88,OUNH49,661140.0,USD,6000,18/02/2016,110.19,USD,125.49
11/03/2013 06:30,JEKWORGZ02986878,Naryas,MFZY76,ISWT83,120192.0,USD,600,05/06/2014,200.32,USD,167.08
11/03/2013 06:31,JMFZPGIM05788571,Sausages inna bun,TQSJ85,CMOI26,10048.0,USD,800,22/12/2016,12.56,USD,12.21
11/03/2013 06:31,BVIUSQTY35184872,Fog Pots,LIJW00,VAHJ53,160389.0,USD,900,19/04/2015,178.21,USD,198.99
11/03/2013 06:31,GSFOXBTV75817575,Drops,TKVF94,MEOQ86,59897.92,GTQ,500,29/08/2015,254.02,USD,112.93
11/03/2013 06:31,PDDSXMHD09294093,Wood Mats,QOKP03,QMZU44,1852312.1,SBD,800,20/01/2015,242.93,USD,2120.19
11/03/2013 06:31,CZKWWBKA60865204,Stocks,QETH27,CBOX52,208090.0,USD,1000,22/01/2018,1584.75,ILS,190.1
11/03/2013 06:31,FDRKUTMP64502639,Stocks,BPLN25,SXTM39,962780.0,USD,7000,30/07/2017,1826.27,AFN,106.59
11/03/2013 06:31,WPHZGYWX37607551,White Gold Rings,CMZC67,SXHU74,55490.0,USD,500,27/11/2014,110.98,USD,107.91
11/03/2013 06:32,YMRVTZLR87839905,Stocks,HFLM11,AHMZ79,9518600.0,USD,70000,11/06/2017,135.98,USD,115.06
11/03/2013 06:32,JBXDXJNV69105133,Dunce Caps,KEVJ11,HWJF09,1051600.0,USD,8000,03/01/2017,131.45,USD,112.04
11/03/2013 06:33,RXPUGLVJ03431112,Stocks,RJCA92,HHFP66,128075.53,KRW,3000,13/08/2014,171.66,USD,48.38
11/03/2013 06:33,MRLTTOGI06405567,Stocks,THJF58,NFAH30,1841630.0,USD,7000,06/12/2017,263.09,USD,230.59
11/03/2013 06:33,ELORSBJC97379821,Azath Houses,VTKE98,TFLS35,449228.25,SDG,300,08/02/2017,168.36,USD,1637.8
11/03/2013 06:34,FMXEPGOC01192921,Rings of Adornment,FGQR22,VVXA11,801671.94,KGS,800,23/06/2016,119.19,USD,1195.95
11/03/2013 06:34,HIQQCDRI22127296,Alchemy Smocks,CMZC67,GSTD71,3641580.0,USD,9000,30/11/2018,404.62,USD,466.63
11/03/2013 06:34,DDOLNKBS24337099,Stocks,DBCS17,OPET16,301500.0,USD,50000,18/02/2017,54.25,LYD,7.18
11/03/2013 06:34,GGCINSLU41133496,6IV Shiny Dittos,FDWI64,AMBT33,194655.0,USD,500,22/11/2017,389.31,USD,413.56
11/03/2013 06:34,KYOMZQFL85762935,Pressures,SAAM06,SWGF93,321847.33,ALL,300,04/01/2015,571.99,USD,913.64
11/03/2013 06:35,UTNIGZNA58257508,Millennium Puzzles,INIL60,XHYN07,4675.2,SOS,100,09/08/2015,15.76,USD,38.8
11/03/2013 06:35,NUYCSKAB01745266,Redstone Blocks,KKZA87,CAVR54,15062569.2,SBD,4000,16/06/2017,395.09,USD,3720.36
11/03/2013 06:35,ZFMLMFGP66179186,Shaman Bone Blades,YCZA59,QLCE04,3195069.38,VND,4000,29/04/2017,130.26,USD,735.49
11/03/2013 06:35,DSHGZAFC89967327,Blood Dregs,AHMZ79,MDEQ10,56160.0,USD,400,04/02/2017,140.4,USD,129.76
11/03/2013 06:35,JWEMEAEW79660523,Stocks,PBFW95,DNIL23,160405.0,USD,700,08/12/2017,229.15,USD,247.45
11/03/2013 06:35,WVWVDJHC96882133,Katchin Bars,HYSJ42,WVEI17,4336.0,USD,200,21/06/2014,21.68,USD,21.69
11/03/2013 06:35,OVDUXKXP89032251,Stocks,FTFI87,LWGE44,805600.0,USD,80000,12/11/2018,10.07,USD,11.47
11/03/2013 06:36,OKNGBOYJ61470986,Stocks,YOQG45,CMOI26,830000.0,USD,4000,22/07/2015,207.5,USD,173.75
11/03/2013 06:36,FORFQGPX01378255,Stocks,BBJG05,SWGF93,22675.0,USD,500,10/11/2017,45.35,USD,49.32
11/03/2013 06:36,JHYHWBKS84777220,Stocks,MKHA46,YWMD69,3538163.22,WST,6000,26/04/2017,199.45,USD,677.89
11/03/2013 06:36,LXIBOBUP51557425,Stocks,MKHA46,BMRZ75,371126.37,MVR,200,17/11/2015,279.45,USD,1720.98
11/03/2013 06:36,VWDDJDUC29757923,Amulets Versus Poison,CBOX52,PJKH65,135122.94,MMK,600,21/06/2016,65.4,USD,196.17
11/03/2013 06:36,HZAEAGJC63426747,Stocks,KTLA69,RNZB01,3605.0,USD,500,30/11/2018,7.21,USD,6.79
11/03/2013 06:36,MKKWNXXB02055282,Elven Ropes,DOGG07,JZTC69,14708.0,USD,400,13/04/2014,36.77,USD,31.3
11/03/2013 06:37,CUGPGILM69770283,Levitation Boots,YFAM59,FAWI50,24627.0,USD,300,27/11/2018,82.09,USD,66.86
11/03/2013 06:37,SKKPWUUB77942848,Beams,AWYB85,UEVD88,1587000.0,USD,60000,19/01/2014,26.45,USD,22.73
11/03/2013 06:37,YLNVFSPA78358997,T-1000s,HHFP66,GBEZ65,350920.0,USD,4000,13/07/2014,87.73,USD,77.19
11/03/2013 06:37,XJXSBVHD82134290,Stocks,EIWJ22,VGYT30,131184.0,USD,900,22/08/2015,145.76,USD,160.79
11/03/2013 06:38,VTQTXSUT26803036,Stocks,UIKN63,CQPJ57,149116.86,STD,600,29/10/2018,51.0,USD,246.87
11/03/2013 06:38,HHUHBCCP23653812,Rings of Stealth,MYXF05,RLZK87,2429190.0,USD,9000,11/10/2017,269.91,USD,231.49
11/03/2013 06:39,INBPYMUR22471021,Choice Specs,YSSR29,SXHU74,1270980.0,USD,9000,23/02/2015,141.22,USD,137.84
11/03/2013 06:39,BUVZVIKY78833914,Stocks,JCWS17,WHPS18,25060.0,USD,700,10/08/2017,35.8,USD,31.41
11/03/2013 06:39,YLEEMFAC11703612,Stocks,YWMD69,IJPI82,44435.0,USD,500,27/07/2017,88.87,USD,88.09
11/03/2013 06:40,FRHUMNMV70581743,Stocks,QXFF29,EIWJ22,28176.0,USD,300,02/07/2015,93.92,USD,76.94
11/03/2013 06:40,HQSVCMJH43093089,Stocks,AMBT33,ZBIO05,1894400.0,USD,80000,12/03/2018,23.68,USD,22.46
11/03/2013 06:40,XVHLFMSU73296774,Repulsor Beams,IIZF28,XRBV61,329800.0,USD,800,04/02/2018,412.25,USD,462.79
11/03/2013 06:40,CDOQCWKJ68247487,Stocks,YSSR29,YFAM59,356350.0,USD,5000,18/07/2015,71.27,USD,62.19
11/03/2013 06:41,WXTPWONT57049675,B-4s,RFZG50,ESPL27,3521.0,USD,100,22/08/2015,35.21,USD,31.11
11/03/2013 06:41,DUMJYRUG36736272,Stocks,IZLM67,VTKE98,53992.0,USD,800,10/03/2015,67.49,USD,73.26
11/03/2013 06:41,PHXWSQAO45843763,Crystal Balls,AWYB85,QETH27,363148763.04,AMD,90000,26/10/2016,365.68,USD,3410.26
11/03/2013 06:41,NPJWKOQV98819716,Sorceror Stones,LIJW00,QBVN33,9640.03,ZMK,100,27/04/2018,20.06,USD,82.38
11/03/2013 06:41,MMNTMLQR08751505,Stocks,QWOA67,VIMV38,2349504.66,AED,10000,09/07/2017,195.89,USD,200.84
11/03/2013 06:41,NMZBKNBZ19434182,Cornballers,HPTP65,HYSJ42,248103.0,USD,900,12/12/2015,275.67,USD,293.62
11/03/2013 06:42,NVLPTZZZ95582504,Levitation Boots,MRAH32,FAWI50,4104500.0,USD,50000,01/02/2018,82.09,USD,75.17
11/03/2013 06:42,TYFAWODX84605207,Stocks,FGQR22,SFZS08,1063638.05,HUF,2000,15/09/2018,156.33,USD,606.64
11/03/2013 06:42,DJOJWYXK35927395,Stocks,TRFG21,UIKN63,6944610.26,IQD,4000,24/06/2014,145.51,USD,1896.42
11/03/2013 06:42,DXMQOEAN25766109,Centipedes,SXTM39,SUOX82,242880.0,USD,800,10/03/2014,303.6,USD,325.29
11/03/2013 06:42,QRFUCABM67774498,Adrenaline Orbs,ZXVX98,MKHA46,185418.0,USD,900,09/07/2018,206.02,USD,201.8
11/03/2013 06:42,PSGBACCL71608376,Niflheim Alloy Bars,UHOG52,HPTP65,66390.0,USD,3000,14/06/2018,157.21,AZN,23.71
11/03/2013 06:43,KISHJPBH89978095,Faerie Tonics,ZELV96,QOKP03,312273.0,USD,900,16/07/2014,346.97,USD,297.56
11/03/2013 06:43,COQWNYDS39271074,Stocks,UFAY59,AMBT33,933800.0,USD,70000,12/02/2015,13.34,USD,14.16
11/03/2013 06:43,ZKMKJDVE21761349,Infobots,EDYH00,BMRZ75,50078763.0,HKD,40000,14/02/2017,278.37,USD,1037.22
11/03/2013 06:43,FVRMQDXI78642312,Rings of Warning,ORQH73,HNLV68,9967500.0,USD,50000,06/05/2014,199.35,USD,183.89
11/03/2013 06:43,CXQLEQKY30950029,Wings of Icarus,AMRO66,CVMG22,63039.86,ZMK,100,05/12/2014,131.18,USD,558.62
11/03/2013 06:44,PZPLOQUL56679644,Stocks,QBAP68,FTFI87,118452.0,USD,600,08/07/2017,197.42,USD,222.77
11/03/2013 06:44,VXUFGZFA52999994,Stocks,WHPS18,QOKP03,280567.0,USD,700,19/10/2018,400.81,USD,456.89
11/03/2013 06:44,FKBTMHKM48906375,Map-o-matics,ITTS26,KKGI60,53006.0,USD,100,24/07/2014,530.06,USD,542.24
11/03/2013 06:44,MRGKIHIF48026908,Rings of Slow Digestion,UWUK72,XHYN07,4023300.0,USD,10000,02/06/2016,402.33,USD,367.72
11/03/2013 06:44,VJYQAYWX61627709,Stocks,IZLM67,DREA89,27575.0,USD,500,05/12/2016,55.15,USD,61.74
11/03/2013 06:45,FTQVVUOB46627586,Stocks,DDIB11,CAVR54,99351.0,USD,700,28/05/2014,141.93,USD,119.17
11/03/2013 06:45,HJDGVANL62145654,Tickle-tickle Bugs,TRFG21,FJOI82,161273.46,RON,600,20/07/2016,179.42,USD,293.1
11/03/2013 06:45,OOBBCVFI94725484,Stocks,UFAY59,GZED20,1999061.37,BRL,900,11/12/2014,208.63,USD,2098.84
11/03/2013 06:45,XUQZTWWX47802255,Stocks,ZXVX98,AGBH66,711240.0,USD,4000,06/11/2016,177.81,USD,200.21
11/03/2013 06:45,MILYVBMP27849575,Stocks,ZELV96,TGZI54,693683417.64,PHP,40000,24/01/2017,300.39,USD,17739.55
11/03/2013 06:45,KSOTSJUA15081160,Stocks,UWUK72,SRYE59,13300.0,USD,5000,17/09/2015,2.66,USD,3.14
11/03/2013 06:45,YNPCZQLS14527012,Leftovers,TQSJ85,NXTO39,266328.0,USD,900,02/07/2014,295.92,USD,332.27
11/03/2013 06:45,OTLBNWOG26937343,Evangelions,UEVD88,NGBA40,2455800.0,USD,5000,20/09/2015,491.16,USD,448.51
11/03/2013 06:46,IZTIMPGG02938610,PP Ups,FORM54,OPZI26,107431.93,RSD,300,02/12/2017,361.14,USD,398.3
11/03/2013 06:46,WIIOKZIM37933880,Earth Harps,QETH27,JCWS17,102743.73,AOA,100,07/11/2015,163.22,USD,1149.5
11/03/2013 06:46,POTTGKUQ87015055,Digi-eggs,NGBA40,BBAX06,12181.0,USD,100,14/08/2016,121.81,USD,110.16
11/03/2013 06:46,YSOOUQHJ08275567,Stocks,FDWI64,IJPI82,35548.0,USD,400,20/06/2016,88.87,USD,79.61
11/03/2013 06:46,XYUDTWFU76704295,Neuralizers,NQJL85,IBLA29,917007.34,BYR,600,13/10/2014,1681.1,ETB,1356.73
11/03/2013 06:47,DPHRNHBO99464457,Stocks,JCWS17,RNZB01,1027972.96,HTG,8000,28/08/2016,7.21,USD,136.09
11/03/2013 06:47,YXEXIYQD49968116,Stocks,RJCA92,AMBT33,133400.0,USD,10000,13/01/2018,13.34,USD,10.99
11/03/2013 06:47,BVMFIVCD59947460,Stocks,PKBF70,HPTP65,279254.33,ALL,800,23/06/2015,186.11,USD,383.39
11/03/2013 06:47,HIYBURWB07967208,Stocks,VTKE98,CBOX52,1248540.0,USD,6000,29/03/2016,208.09,USD,237.04
11/03/2013 06:47,KQTRBVQY27246205,Metal Knight Units,TFLS35,FTFI87,9630.0,USD,1000,24/10/2015,10.74,CRC,9.08
11/03/2013 06:47,WAVVGDIY58974268,Stocks,ITTS26,SMYT95,13420800.0,USD,90000,16/06/2018,149.12,USD,177.76
11/03/2013 06:48,MTFFCHQU12297632,Victory Gin,EDYH00,QETH27,2910538.01,SDG,9000,24/10/2018,36.36,USD,340.55
11/03/2013 06:48,KORGQGOQ90219885,Scope Lens,ESPL27,UACN81,1443.0,USD,100,11/06/2014,14.43,USD,15.74
11/03/2013 06:48,SPXCLNKV42474568,Choice Scarfs,MDEQ10,PVAZ61,119020.23,SRD,300,23/02/2018,642.41,LYD,321.63
11/03/2013 06:48,BZAKWHRS69126190,Stocks,GYWU23,MFZY76,22335165.0,MAD,60000,10/08/2018,143.45,USD,421.58
11/03/2013 06:48,PHOIABNC41419679,DigiBytes,PJKH65,PBFW95,25424.0,USD,100,13/05/2017,254.24,USD,285.72
11/03/2013 06:49,PNLDGCOJ63944115,Icy Rocks,KKGY69,MFJJ99,2365870.5,KGS,800,20/03/2016,351.75,USD,2777.15
11/03/2013 06:49,PRLOUVGE28394736,Stocks,WVHK10,ZSXF19,77737549.05,BRL,90000,07/12/2018,81.13,USD,885.37
11/03/2013 06:50,VMMNWSJW48978814,Stocks,QODV38,QWOA67,49001.13,JOD,100,19/03/2017,171.97,USD,428.43
11/03/2013 06:50,UDFKTFRL32456986,Stocks,CUVZ50,MFZY76,430350.0,USD,3000,18/10/2018,143.45,USD,124.31
11/03/2013 06:50,RDRAFMFK33161787,Naknadan Shrines,YLGZ72,ZBIO05,310930.0,USD,1000,24/11/2016,310.93,USD,335.97
11/03/2013 06:50,PILFFVLU49152727,Stocks,TQSJ85,EIWJ22,845280.0,USD,9000,23/07/2016,93.92,USD,110.97
11/03/2013 06:51,NMNDWSWZ66929054,Iron Sands,AGBH66,YTAI13,156460.0,USD,400,05/05/2016,391.15,USD,430.69
11/03/2013 06:51,QCRZRLRA86459291,Stocks,OHKH76,ZXVX98,1253900.0,USD,10000,27/08/2015,125.39,USD,106.63
11/03/2013 06:51,PAZSIQAY42266759,Holy Bones,GBEZ65,IIZF28,6722000.0,USD,20000,18/07/2016,336.1,USD,310.9
11/03/2013 06:51,TORJXGNY57914406,Stocks,EMNK67,MFJJ99,40182.0,USD,600,23/02/2018,66.97,USD,61.32
11/03/2013 06:51,BQYALRZL33542424,Amulets of Reflection,MEOQ86,UHOG52,66924.0,USD,600,21/02/2017,111.54,USD,128.09
11/03/2013 06:51,XLJXAUFT80426451,Stocks,VVBY18,IZLM67,457552.96,SOS,2000,17/05/2016,77.12,USD,212.94
11/03/2013 06:51,VVNUIHMF81994717,Stocks,IBLA29,QMZU44,9165500.0,USD,50000,01/12/2017,183.31,USD,170.49
11/03/2013 06:51,YRUKTMGJ11142892,Stocks,INIL60,TVQQ54,31500.0,USD,400,27/05/2016,78.75,USD,67.94
11/03/2013 06:52,ILGBQHBR21436016,Fatmans,QWOA67,AWYB85,19454.0,USD,200,05/11/2015,97.27,USD,107.09
11/03/2013 06:52,IZCQURBI55374018,X-12s,NCCX02,UWUK72,3377400.0,USD,5000,16/03/2017,675.48,USD,778.11
11/03/2013 06:52,ZRNPFCSB35287441,Learning Beds,AWYB85,OCQF34,296880.0,USD,6000,16/08/2015,49.48,USD,51.69
11/03/2013 06:52,YRNGRJVM85004018,Stocks,PKBF70,HPTP65,11166600.0,USD,60000,16/04/2015,67.13,BND,198.31
11/03/2013 06:52,LTMFIUVL63126522,Stocks,OUNH49,QOKP03,3206480.0,USD,8000,24/03/2015,400.81,USD,371.49
11/03/2013 06:53,YVUWVMPX73758874,Stocks,MFZY76,TRFG21,624.0,USD,200,03/07/2017,24.35,SGD,2.96
11/03/2013 06:53,GNEUOXGB69533354,Gold Dust,KKGY69,QBVN33,65972.92,SYP,200,07/09/2018,64.08,USD,291.86
11/03/2013 06:53,HVSXZEJG44850927,Bags of Tricks,VESX21,WVHK10,8484000.0,USD,30000,15/05/2018,282.8,USD,305.42
11/03/2013 06:53,HUHZDCAJ78474985,Stocks,FGVK43,ZNQA84,874907.29,AFN,700,16/02/2014,94.13,USD,1465.4
11/03/2013 06:53,MZDMOTPP55253435,Veritaserums,YFAM59,AWYB85,3356920.0,USD,7000,30/09/2016,479.56,USD,439.66
11/03/2013 06:54,HRZDMXJU84029635,Monster Cells,BBJG05,AGBH66,90925.0,USD,500,18/08/2017,181.85,USD,193.88
11/03/2013 06:54,XKHZWCIY95818812,Stocks,QCRG59,INIL60,97073.76,MAD,800,29/01/2016,46.76,USD,137.15
11/03/2013 06:54,NWSNBPPC22702995,Joy Cans,NGBA40,ZEHM52,2884000.0,USD,8000,26/06/2018,360.5,USD,375.41
11/03/2013 06:54,UOMAZTBV99687063,Stocks,OPZI26,PIFN94,108861.0,USD,300,27/05/2018,362.87,USD,398.51
11/03/2013 06:54,VYIGFOKF46576202,Stocks,TQSJ85,NQJL85,119122.9,BDT,300,14/05/2017,53.68,USD,307.41
11/03/2013 06:54,CQVQDAYT47496540,Decks of Many Things,ZFHD93,UFAY59,200979.0,USD,900,17/01/2014,223.31,USD,199.97
11/03/2013 06:55,OYTDMDEJ30843174,Stocks,UWUK72,UACN81,534600.0,USD,30000,13/12/2014,17.82,USD,15.5
11/03/2013 06:55,QARWKCOH84801419,Stocks,SAAM06,DGTY64,17500.0,USD,1000,21/04/2014,17.5,USD,20.11
11/03/2013 06:55,QGHGLOVE43418494,Elven Boots,CQPJ57,RFZG50,50050.0,USD,7000,26/08/2017,7.15,USD,6.78
11/03/2013 06:55,QPNBXLOA95559136,Stocks,FGVK43,CQPJ57,255000.0,USD,5000,28/03/2016,51.0,USD,49.43
11/03/2013 06:55,NEIWGRGI43671104,Rings of Gain Strength,GIWG34,OQXV70,59382.0,USD,600,30/05/2018,98.97,USD,109.55
11/03/2013 06:56,RSZJBLKE87335621,Golden Peaches,XHYN07,HPTP65,2511920.0,USD,8000,17/01/2017,313.99,USD,283.98
11/03/2013 06:56,LIRLCIPK76717795,Simarils,VIMV38,TVQQ54,4383200.0,USD,40000,08/05/2015,109.58,USD,117.41
11/03/2013 06:56,ACBZEEHH47520705,Stocks,ZNQA84,PNFK78,8088000.0,USD,40000,27/07/2015,202.2,USD,188.38
11/03/2013 06:57,YLTCGIXY33356323,Stocks,WVEI17,TBVE46,53244.0,USD,300,06/04/2015,177.48,USD,141.1
11/03/2013 06:57,ZRMWGYYA75015974,Rings of Protection,OKYS51,RNZB01,329665.0,USD,700,11/12/2017,6152.16,CVE,557.85
11/03/2013 06:57,EWXWKSYV51378654,Blinds,RLZK87,ZEHM52,2805000.0,USD,20000,09/04/2016,140.25,USD,166.29
11/03/2013 06:57,HMZTWDSP99540678,Stocks,NXTO39,TBVE46,106488.0,USD,600,27/12/2015,177.48,USD,196.73
11/03/2013 06:57,VALIGAJK58797431,Decepticons,ESPL27,SXHU74,15715218.75,CUC,50000,08/06/2014,61.25,USD,341.49
11/03/2013 06:57,HJYJQLSQ75670787,Stocks,HHOA99,WVHK10,63770.0,USD,500,12/01/2017,127.54,USD,113.33
11/03/2013 06:58,XREHRMHC52730044,Stocks,AMRO66,JCWS17,66885.0,USD,300,11/07/2016,222.95,USD,207.48
11/03/2013 06:58,VLMHPTDH57142722,Moranth Flamers,CIXF70,ERHJ34,397230.0,USD,1000,07/11/2014,397.23,USD,451.02
11/03/2013 06:58,TRBVFKYH13559064,Stocks,UACN81,WVEI17,27468.0,USD,300,17/07/2016,91.56,USD,80.54
11/03/2013 06:58,AXDBGMCA96763100,Stocks,CUVZ50,WWNS72,6510000.0,USD,30000,08/12/2015,217.0,USD,209.43
11/03/2013 06:58,LFFGADFZ61905858,Wands of Nothing,WWNS72,PQSW95,28728.0,USD,100,03/09/2016,287.28,USD,257.41
11/03/2013 06:58,TTHCFMGV00819548,Piranha Plants,GZED20,HNLV68,2281320.0,USD,4000,24/04/2018,570.33,USD,610.8
11/03/2013 06:59,MFROWJIH68588679,Stocks,IZTD25,SXTM39,8252400.0,USD,60000,21/08/2014,137.54,USD,131.37
11/03/2013 06:59,PAZFNWGS42069994,Stocks,EMNK67,MSHS03,667620.0,USD,6000,01/05/2017,111.27,USD,97.65
11/03/2013 06:59,KWIKJIJP67122136,Stocks,AGBH66,UACN81,891000.0,USD,50000,01/10/2014,17.82,USD,21.23
11/03/2013 06:59,BWVQWJDP48174362,Stocks,KRRO64,QOKP03,2942145.8,DOP,1000,12/08/2015,400.81,USD,3187.37
11/03/2013 06:59,XLFQQWUZ69612523,Dream Powder,DNIL23,LIIS96,596260.0,USD,7000,05/12/2018,85.18,USD,71.34
11/03/2013 06:59,PMNOQFMV02179657,String of Beads,YOQG45,FTFI87,2696.0,USD,800,08/10/2016,3.37,USD,3.09
11/03/2013 07:00,XCXOUJLG57477930,Peace Bells,YWMD69,OKYS51,71610.0,USD,1000,17/09/2016,71.61,USD,78.63
11/03/2013 07:00,DONLORKZ76759193,Cloaks of Displacement,ERHJ34,NXTO39,12926.0,USD,200,16/05/2016,64.63,USD,54.47
11/03/2013 07:00,GPBEPVEQ31996673,Amulets Versus Poison,NCYN50,PJKH65,196200.0,USD,3000,17/04/2018,65.4,USD,59.11
11/03/2013 07:01,LXRAOFIC50719841,DigiBytes,TBVE46,PBFW95,1016960.0,USD,4000,12/08/2014,254.24,USD,289.17
11/03/2013 07:01,KHRCAMXU30439961,Stocks,QCRG59,TBVE46,106488.0,USD,600,19/06/2018,177.48,USD,162.59
11/03/2013 07:01,ACAZQZVW09159067,Stocks,IJPI82,YWMD69,99725.0,USD,500,10/10/2016,2328.6,PAB,217.24
11/03/2013 07:02,IRONODAV45077421,Stocks,TRFG21,FGVK43,71461.94,KES,400,13/10/2014,29.83,USD,201.15
11/03/2013 07:02,GBVDMYZO86224790,Stocks,ZDAI73,SUOX82,3229000.0,USD,20000,30/12/2014,161.45,USD,142.11
11/03/2013 07:02,WKBZMRRK93111585,Wise Glasses,HSWX88,AYIH50,47040.0,USD,200,28/07/2018,235.2,USD,280.04
11/03/2013 07:02,NTYFTGKS84569831,Stocks,OPZI26,BBJG05,17811.0,USD,100,12/09/2017,178.11,USD,176.72
11/03/2013 07:03,BICFBTLQ34041569,Stocks,UHOG52,VIMV38,564821.39,ZMK,600,26/01/2017,195.89,USD,808.01
11/03/2013 07:03,XZCMANZZ25673720,Stocks,AGBH66,FDWI64,16794.0,USD,900,29/06/2014,18.66,USD,16.85
11/03/2013 07:03,NOOMLBJT18536704,Stocks,BBJG05,GYWU23,131040.0,USD,8000,12/08/2015,57.38,SHP,14.7
11/03/2013 07:05,BRKIXGTB12239297,Shell Bells,SZRJ90,TRFG21,510849.0,USD,900,09/08/2014,913.8,BIF,563.8
11/03/2013 07:05,QJKSYXZC73422600,Stocks,LIJW00,VVXA11,25561800.0,USD,90000,09/08/2014,284.02,USD,284.42
11/03/2013 07:05,VVXRYVWC52252279,Keys of the Ram,YCZA59,BBAX06,4620590.65,KES,2000,02/12/2015,385.75,USD,2680.81
11/03/2013 07:05,DMYCCXJG97221744,Stocks,FGVK43,UWUK72,25174086.5,HRK,2000,26/08/2015,116.76,USD,11765.47
11/03/2013 07:05,OHSQCIHT80834090,Tachyons,CUVZ50,PNFK78,20174400.0,USD,90000,10/08/2017,224.16,USD,263.75
11/03/2013 07:05,LREWBPCR08306327,Wood Mats,SUOX82,QMZU44,14575800.0,USD,60000,07/01/2018,242.93,USD,251.34
11/03/2013 07:05,SFWUJWHG89166734,CodeBots,IBLA29,ZBIO05,45378.0,USD,900,04/12/2015,50.42,USD,55.36
11/03/2013 07:05,INTSMRQL44578112,Stocks,TGZI54,OCQF34,83856.0,USD,600,20/11/2017,139.76,USD,148.26
11/03/2013 07:06,TGBZSLGW67589410,Fusion Loaders,DDIB11,HHOA99,51318.0,USD,300,19/03/2017,1277.37,KYD,137.31
11/03/2013 07:06,PVLMEXPM80990314,Black Materia Orbs,VVXA11,VCSF07,243000.0,USD,30000,12/09/2018,8.1,USD,8.57
11/03/2013 07:06,MUFJLVJQ68553761,Stocks,BDBU00,LKPN86,32154.0,USD,600,12/10/2014,53.59,USD,61.21
11/03/2013 07:07,SUQVZITR63689229,Tasters,UACN81,MKHA46,3983100.0,USD,10000,08/07/2018,398.31,USD,438.0
11/03/2013 07:07,CQBRIAJG00005618,Cloaks of Protection,IIZF28,SBUT62,89396.0,USD,400,19/01/2018,249.24,CRC,250.49
11/03/2013 07:07,BGUJNFAW13263200,Stocks,UACN81,UFAY59,70128.0,USD,600,27/12/2017,116.88,USD,130.05
11/03/2013 07:07,YIPLEKHU04956333,Decepticons,OCQF34,SXHU74,3062500.0,USD,50000,27/10/2018,61.25,USD,71.8
11/03/2013 07:07,ZISRBFKA06306479,Hi-Potions,GYWU23,PKBF70,2618970.26,UYU,200,28/08/2016,335.7,USD,14267.03
11/03/2013 07:07,KHADDTAP28999313,Unity Stones,NCCX02,SMYT95,109180.0,USD,500,16/02/2015,218.36,USD,232.16
11/03/2013 07:08,SKMJBEBG13393154,Electrolyzers,RDBE21,DVVB31,112701.0,USD,300,19/11/2015,375.67,USD,396.51
11/03/2013 07:08,FDASVOZN69793182,Stocks,NCXS33,UACN81,3564.0,USD,200,14/03/2018,17.82,USD,17.64
11/03/2013 07:08,HIORQMOM27111013,Stocks,CAVR54,FGQR22,6560.0,USD,500,03/02/2015,54.56,LAK,11.92
11/03/2013 07:08,PXDCXXGU94531530,Grassy Seeds,IZTD25,XHYN07,75428.77,VEB,7000,19/02/2016,8.37,USD,11.37
11/03/2013 07:08,DSADBTPS25393489,Radioactive Spiders,CBOX52,RJCA92,716920.0,USD,2000,17/10/2018,358.46,USD,339.05
11/03/2013 07:08,MUUSXSTC85942309,Adamantium Bars,KTLA69,LWGE44,1413540.0,USD,9000,14/07/2016,157.06,USD,177.67
11/03/2013 07:08,HNFFSKOH52245532,Stocks,TVQQ54,UIKN63,436530.0,USD,3000,15/01/2016,145.51,USD,165.61
11/03/2013 07:09,RSYWUWOW95292665,Pensieves,BPLN25,OPZI26,5285000.0,USD,70000,27/02/2015,75.5,USD,80.64
11/03/2013 07:09,VPJGNSTE85913784,Scrolls of Blank Paper,NXTO39,EPZN28,15541500.0,USD,50000,05/03/2015,310.83,USD,276.34
11/03/2013 07:09,PXMYRLLF63414159,Dragon Medallions,EKXA24,RNZB01,242298.46,MKD,200,13/12/2017,290.47,USD,1366.02
11/03/2013 07:10,JSWFXNUN93380831,Stocks,HWJF09,MSHS03,4979555.04,IRR,4000,05/05/2016,111.27,USD,1138.56
11/03/2013 07:10,AWDXOOVJ35256081,White Fangs,NGBA40,OHKH76,186392.32,FKP,400,13/06/2018,62.51,USD,565.76
11/03/2013 07:10,RWKHHBNB70138748,Nitro Powder Blocks,UFAY59,LWGE44,2340800.0,USD,10000,01/03/2016,234.08,USD,187.7
11/03/2013 07:11,VAKYUDGZ81573622,Stocks,SMYT95,TYAE14,98384.53,BND,4000,30/10/2014,68.19,USD,21.13
11/03/2013 07:11,GYILECLZ02095026,Stocks,GSTD71,YCZA59,472400.0,USD,4000,12/04/2015,118.1,USD,111.45
11/03/2013 07:11,OQKGLCFC07700893,Stocks,TRFG21,MSHS03,556350.0,USD,5000,25/01/2016,111.27,USD,128.53
11/03/2013 07:11,FJPALDVQ91816863,Stocks,ITTS26,VXSM31,6757904.4,CHF,10000,04/06/2017,79.43,USD,747.49
11/03/2013 07:11,MABYKDTO42225611,Wise Glasses,UEVD88,AYIH50,110797780.8,SAR,70000,11/09/2015,235.2,USD,1678.62
11/03/2013 07:12,RUIZFWBG42803073,Stocks,GYWU23,XRBV61,408180.0,USD,2000,01/02/2014,204.09,USD,211.01
11/03/2013 07:12,ZFFWMBIH47461967,Stocks,KKGY69,MFJJ99,4915932.85,DOP,10000,22/11/2014,66.97,USD,426.52
11/03/2013 07:13,WOMEXINO47746524,Bolts,PNFK78,EPZN28,777860.0,USD,2000,28/02/2016,388.93,USD,353.77
11/03/2013 07:13,BMHPSJPS33859189,Gold Bolts,VGYT30,PNFK78,16384500.0,USD,50000,02/04/2016,327.69,USD,277.11
11/03/2013 07:13,YWUYSXXY66780938,Tarkartan Blades,OKYS51,WHPS18,137862.0,USD,900,23/09/2017,153.18,USD,135.71
11/03/2013 07:14,DOYMQJMX60324504,Stocks,KKGY69,SAAM06,110873.0,USD,700,07/06/2018,158.39,USD,131.04
11/03/2013 07:15,JAVKDYEA28633144,Amulets of Unchanging,THJF58,FGVK43,7179200.0,USD,40000,07/08/2017,147.89,JMD,198.17
11/03/2013 07:15,MWQOVIWV02219227,Soma Drops,VPTI00,OCQF34,4410000.0,USD,30000,19/09/2014,147.0,USD,129.42
11/03/2013 07:15,WRCSZKVP70460060,Stocks,SWGF93,NCXS33,553080.0,USD,4000,30/04/2018,138.27,USD,152.89
11/03/2013 07:15,XPIEXJRX37487588,Stocks,CUVZ50,QBVN33,22146.0,USD,300,17/09/2018,73.82,USD,64.06
11/03/2013 07:15,DUXOLWWH74481257,Flying Carpets,MDEQ10,IJPI82,6240237.96,RSD,30000,27/10/2014,209.77,USD,173.19
11/03/2013 07:15,QNOKEFLK63391522,Razor Claws,SZRJ90,UWUK72,79904.79,FKP,300,02/08/2014,35.73,USD,229.12
11/03/2013 07:15,RXKXMUGT57449000,Stocks,PBFW95,VGYT30,87456.0,USD,600,12/09/2018,145.76,USD,169.38
11/03/2013 07:15,UFDPZYFY40284307,Wrath Hammers,TVQQ54,IBLA29,229700.0,USD,10000,30/08/2017,22.97,USD,20.61
11/03/2013 07:16,UNRGFBHA50043478,Holy Bones,VVBY18,IIZF28,302490.0,USD,900,25/03/2017,336.1,USD,337.26
11/03/2013 07:16,QEBWTAWJ08691682,Niflheim Alloy Bars,XRBV61,HPTP65,110650.0,USD,5000,23/03/2015,22.13,USD,20.69
11/03/2013 07:16,ZMLBMGWO57842605,Muscle Bands,VIMV38,EDYH00,65970.0,USD,200,25/10/2018,329.85,USD,304.78
11/03/2013 07:16,OTQPSAIP47113997,Victory Gin,TFLS35,QETH27,1703782.33,RWF,7000,15/03/2018,307.22,BYR,249.11
11/03/2013 07:16,TZPTUIRY03884920,Stocks,MFJJ99,QCRG59,8741684.7,MWK,9000,03/05/2017,403.75,MRO,1121.01
11/03/2013 07:17,YMZDGJQY67207382,Stocks,QBAP68,PVAZ61,218564.5,BSD,200,15/01/2016,143.8,USD,1043.23
11/03/2013 07:17,DFCBIKEE90840826,Stocks,KEVJ11,GIWG34,247100.0,USD,70000,13/11/2017,3.53,USD,3.34
11/03/2013 07:17,NCWIRKBQ65585554,Stocks,LBKT00,ZVEN26,5970517.8,VUV,6000,03/03/2015,35.5,USD,1128.85
11/03/2013 07:17,JHJAKUDF92071441,Stocks,ZBIO05,ZEHM52,217713670.2,VUV,90000,20/03/2017,86.3,USD,2806.98
11/03/2013 07:17,IZBGSOPN85795740,Lavenders,DREA89,KTLA69,167610.0,USD,600,05/11/2016,279.35,USD,299.13
11/03/2013 07:17,AOCNSZFJ46472240,Stocks,NFAH30,NQJL85,10736.0,USD,200,29/04/2014,53.68,USD,49.63
11/03/2013 07:17,QNHANKRN26220510,Stocks,PVAZ61,ISWT83,3003880.9,INR,600,27/07/2018,157.87,USD,4478.72
11/03/2013 07:18,RVNAWLFJ33908114,Lasan Nuts,WHPS18,VTKE98,147645.0,USD,900,11/04/2015,164.05,USD,149.7
11/03/2013 07:18,NOQLCLDU60724312,Night Dust,WWNS72,QLMY86,1522980.0,USD,6000,04/04/2014,253.83,USD,197.89
11/03/2013 07:18,JSIDNHSV63591461,Kamidogus,EKXA24,EWUY52,69365.0,USD,500,12/10/2018,138.73,USD,153.52
11/03/2013 07:18,MHYRDKNK15258193,Dire Rat Tails,UIKN63,QXFF29,3151880.0,USD,4000,03/10/2016,787.97,USD,723.94
11/03/2013 07:18,VOGPXEJH17821300,Elven Ropes,PNFK78,JZTC69,11031.0,USD,300,14/07/2017,36.77,USD,37.37
11/03/2013 07:18,SBTBHKXI05786106,Astro Boys,QHXJ50,VPTI00,926397.0,USD,900,14/01/2015,1029.33,USD,1162.11
11/03/2013 07:19,TCUKONRO59733846,Stocks,UIKN63,NCXS33,691350.0,USD,5000,11/02/2017,138.27,USD,146.47
11/03/2013 07:19,SKSOIIBI29364111,Stocks,IZLM67,FJOI82,9038.0,USD,100,11/12/2016,90.38,USD,76.54
11/03/2013 07:19,OFMPXTTU18014866,Stocks,EDYH00,SXTM39,68770.0,USD,500,04/06/2017,177.07,VEB,162.39
11/03/2013 07:20,VNTNCHWS17505093,Nemean Cestuses,PNFK78,JCWS17,13961628.0,CHF,3000,04/02/2018,547.0,USD,4831.29
11/03/2013 07:20,FVLLCULQ65648449,Stocks,TQSJ85,IIZF28,215320.0,USD,2000,05/11/2015,512.33,ZAR,93.02
11/03/2013 07:20,ZDFMOKKA25796358,Beatas Disks,QWOA67,KRXZ15,2065730.63,NPR,9000,19/04/2015,201.25,USD,240.01
11/03/2013 07:20,BKDCPNLP86806812,Dornish Red,BBJG05,VCSF07,165064.0,USD,800,31/10/2014,206.33,USD,221.48
11/03/2013 07:20,SJDLMNJY08014077,Gold Pendants,SBUT62,NQJL85,28258200.0,USD,60000,01/07/2017,470.97,USD,541.13
11/03/2013 07:21,XLCNALEL02073888,Companion Cubes,RJCA92,EKXA24,552510.0,USD,9000,22/08/2016,61.39,USD,56.84
11/03/2013 07:21,PTAHFKRV78110768,Nano-paks,ZFHD93,VLJL11,62315200.0,USD,80000,17/12/2018,2611.16,DZD,706.19
11/03/2013 07:21,RZWOXJHU28009693,Jumbonium Atoms,SRYE59,MYXF05,69371843.4,AOA,50000,03/06/2017,18586.91,BBD,1548.01
11/03/2013 07:21,XFADKBWF03588635,Stocks,ZBIO05,YLGZ72,192588.65,PKR,300,06/06/2017,64.07,USD,659.77
11/03/2013 07:21,KAIQVKAB56595071,Stocks,HHFP66,KRRO64,21670655.89,AFN,6000,08/04/2015,272.01,USD,2986.08
11/03/2013 07:22,EKEAVWZW19781919,Stocks,HPTP65,ZEHM52,345200.0,USD,4000,22/09/2018,529.2,VND,95.97
11/03/2013 07:22,SFFMXIWL31399641,Stocks,ZNQA84,PIFN94,1011754.13,ETB,300,04/04/2015,362.87,USD,3400.63
11/03/2013 07:22,GAYYTWPS57580212,Toxic Orbs,CMZC67,QXFF29,370800.0,USD,20000,16/09/2016,18.54,USD,17.55
11/03/2013 07:22,ETGGJSBO64148661,Stocks,QETH27,CVMG22,418040.0,USD,7000,05/08/2018,59.72,USD,64.24
11/03/2013 07:23,KUVBXQTY65939521,Stocks,BBAX06,KUWI70,4808.0,USD,400,11/08/2015,12.02,USD,13.38
11/03/2013 07:23,NNPYFEQO15370427,Stocks,BBJG05,RDBE21,3854.0,USD,200,14/01/2014,19.27,USD,17.39
11/03/2013 07:23,VPSNKPTT53384311,Javelins,FJOI82,QHXJ50,457451.16,AED,1000,19/10/2014,381.4,USD,516.97
11/03/2013 07:23,KLTRDXPQ84017482,Hurtloam,RFZG50,DVVB31,267507.0,USD,900,07/01/2015,297.23,USD,326.2
11/03/2013 07:24,OZVKWTUX88865991,Holy Bones,BMRZ75,IIZF28,6038809.53,KES,3000,25/10/2017,336.1,USD,2414.21
11/03/2013 07:24,LFATKHBZ12710973,Stocks,ZVEN26,MEOQ86,2460.0,USD,500,09/10/2015,4.92,USD,5.19
11/03/2013 07:24,VAVYGZYT01462557,Learning Beds,MHFC34,OCQF34,1484400.0,USD,30000,28/03/2017,49.48,USD,48.91
11/03/2013 07:25,TQYTBCWG67361542,Pixie Disks,FYYD57,UFAY59,975562.86,HUF,600,22/12/2016,477.95,USD,1783.44
11/03/2013 07:25,NNOEJHXH89346995,Blue Fire Powder,ZNQA84,CIXF70,264600.0,USD,3000,20/12/2018,88.2,USD,101.37
11/03/2013 07:25,MEHULXFV28828079,Stocks,SFEO61,PVAZ61,719000.0,USD,5000,16/05/2015,143.8,USD,154.49
11/03/2013 07:26,ILZYFQAT44471173,Stocks,OQXV70,BPLN25,35452108.24,QAR,80000,01/09/2014,118.97,USD,476.69
11/03/2013 07:26,PMOWVSRS37332996,Stocks,PQSW95,YWMD69,119670.0,USD,600,05/02/2017,199.45,USD,183.67
11/03/2013 07:26,OAJICBWQ95362525,Stocks,NCXS33,LIJW00,1046631.18,IQD,800,06/10/2015,109.65,USD,1186.37
11/03/2013 07:26,EKRAVAHG72037930,Stocks,HHOA99,HWJF09,1426640.0,USD,8000,16/12/2018,178.33,USD,166.06
11/03/2013 07:27,QQTZYXUO20216386,Adrenaline Orbs,OUNH49,MKHA46,412040.0,USD,2000,04/12/2016,206.02,USD,181.71
11/03/2013 07:27,HIDVOQIP15756958,Decks of Many Things,DREA89,UFAY59,112648729.5,KGS,60000,10/04/2018,223.31,USD,1567.21
11/03/2013 07:27,YYHGTRQZ00255738,Tachyons,DVVB31,PNFK78,1793280.0,USD,8000,10/07/2018,224.16,USD,200.93
11/03/2013 07:28,SIKTDOHN76482020,Stocks,KTLA69,INIL60,4676.0,USD,100,23/10/2015,1244.12,XCD,43.46
11/03/2013 07:28,AVRNQHQD45082584,Excalibers,SWGF93,UWUK72,781.71,PEN,100,14/10/2014,35.5,USD,9.1
11/03/2013 07:28,UOMCSGPX19790102,Stickers,TKVF94,WWNS72,283650.0,USD,1000,15/05/2014,283.65,USD,306.24
11/03/2013 07:28,BLFKZMUI15514709,Stocks,CMOI26,FDWI64,1866.0,USD,100,13/02/2016,18.66,USD,16.61
11/03/2013 07:28,SMQNAUEU11816291,Meat Rings,ZXVX98,FAWI50,53928.0,USD,700,08/01/2014,77.04,USD,84.03
11/03/2013 07:29,COHJELKN21648912,Stocks,FTFI87,MFJJ99,20091.0,USD,300,03/11/2014,66.97,USD,67.1
11/03/2013 07:29,TUILZDRI82341650,Stocks,HHFP66,LIIS96,1068744.89,IRR,600,02/08/2017,159.21,USD,1962.67
11/03/2013 07:29,EPCGYIPF73554360,Stocks,VAHJ53,MSHS03,66762.0,USD,600,30/08/2015,111.27,USD,83.26
11/03/2013 07:29,WIVFQHFF59709054,Stocks,FYYD57,SMYT95,745600.0,USD,5000,06/11/2018,149.12,USD,134.99
11/03/2013 07:29,PXOWQNLL46500657,Ampules,NCCX02,LAUA80,14657703.9,HTG,3000,11/06/2018,813.27,SOS,5143.48
11/03/2013 07:29,GADJVTGQ72058521,Stocks,CQPJ57,VLJL11,5383400.0,USD,20000,25/09/2017,1694.37,AOA,283.86
11/03/2013 07:30,SOXLETDY40752884,Rings of Teleportation,MDEQ10,CBOX52,1113540.0,USD,6000,02/01/2014,185.59,USD,157.09
11/03/2013 07:30,XOZGGQAJ88422830,Stocks,ZXVX98,ISWT83,9959071.08,BMD,70000,18/06/2015,157.87,USD,156.48
11/03/2013 07:30,LCXQAWKZ57461212,Stocks,FAWI50,CIXF70,9666.0,USD,200,08/05/2018,48.33,USD,54.39
11/03/2013 07:30,MXINFBSE17147988,Stocks,ZEHM52,HYSJ42,199576.0,USD,800,19/12/2015,249.47,USD,216.68
11/03/2013 07:30,XXCTMXJD19444353,Golden Peaches,LWGE44,HPTP65,3139900.0,USD,10000,11/05/2014,313.99,USD,279.6
11/03/2013 07:30,OHHAAZMN07101510,Stocks,JZTC69,INIL60,1402800.0,USD,30000,29/03/2018,46.76,USD,47.42
11/03/2013 07:30,ZKWGCKBE61797451,Stocks,VPTI00,SXHU74,678497.03,NOK,6000,20/09/2017,97.46,USD,123.87
11/03/2013 07:31,KRWCHQZY44233468,Shinigami Eyes,LIJW00,GIWG34,88803.0,USD,900,11/05/2017,98.67,USD,113.02
11/03/2013 07:31,VPBYOPJQ65237774,Mystic Keys,ZNQA84,RFZG50,3610400.0,USD,40000,18/02/2015,90.26,USD,94.0
11/03/2013 07:31,XGCZGCJB00557894,Jumbonium Atoms,ZVEN26,MYXF05,22041.0,USD,100,01/07/2014,220.41,USD,197.29
11/03/2013 07:31,JBWJTQLK08065675,Jumbonium Atoms,TFLS35,MYXF05,1763280.0,USD,8000,16/10/2015,220.41,USD,195.62
11/03/2013 07:31,LLANZOFW01687873,Stocks,GZED20,CMZC67,7451.0,USD,100,20/08/2016,74.51,USD,67.35
11/03/2013 07:32,ERSXMPJR78757186,Armour Magnetizers,KEVJ11,CUVZ50,217270.0,USD,1000,27/04/2017,217.27,USD,265.79
11/03/2013 07:32,FQCJQFCP43086810,Cornuthaums,TBVE46,FGQR22,528880.0,USD,4000,26/06/2016,132.22,USD,135.49
11/03/2013 07:32,GMKWRPMP43928048,Stocks,LWGE44,TVQQ54,55125.0,USD,700,21/07/2017,78.75,USD,87.03
11/03/2013 07:32,PXZGSFXS48842733,Stocks,WHPS18,GYWU23,139511.74,BRL,800,01/08/2015,16.38,USD,153.06
11/03/2013 07:33,LYNSBVRA83263528,Stocks,OCQF34,SFZS08,164291.89,SHP,300,27/04/2017,156.33,USD,586.08
11/03/2013 07:33,OOKLLVIV53810812,Stocks,AMBT33,SMYT95,1491200.0,USD,10000,01/04/2014,149.12,USD,146.78
11/03/2013 07:33,LAJNRQGH62685076,Stocks,YCZA59,MDEQ10,6265.13,PEN,400,19/07/2015,71.13,USD,13.14
11/03/2013 07:33,EJJAUJSX26437807,Mirrors of Hope,OUNH49,QLCE04,44699195.48,BIF,40000,12/08/2016,694.13,USD,898.94
11/03/2013 07:34,HOZCGYQH65542845,Azath Houses,QMZU44,TFLS35,553702.37,LRD,800,26/05/2018,168.36,USD,748.45
11/03/2013 07:34,JRJYHPJL00852220,Stocks,QHXJ50,QCRG59,9673387.75,VND,10000,17/08/2014,1841.75,PAB,1013.79
11/03/2013 07:34,WNLTTIKA55371361,Stocks,ZVEN26,PBFW95,101046.0,USD,600,17/09/2018,168.41,USD,147.2
11/03/2013 07:34,GACWZQFS22052164,Stocks,VIMV38,VLJL11,53834.0,USD,200,14/07/2016,1381.25,CUC,309.12
11/03/2013 07:35,WAVOCNGG86767613,Millennium Keys,SBUT62,JXGF57,16064466.87,SAR,5000,01/07/2015,477.42,USD,2760.98
11/03/2013 07:35,ZFPJRARS77299542,Stocks,UWUK72,SRYE59,1042266.47,COP,5000,13/06/2018,2.66,USD,233.71
11/03/2013 07:35,IVCRPUNV03930185,Stocks,QMZU44,VGYT30,72880.0,USD,500,04/05/2015,145.76,USD,139.15
11/03/2013 07:35,BFOOPDBL26793944,Stocks,RJUD59,KKGY69,9132000.0,USD,80000,20/02/2015,114.15,USD,111.08
11/03/2013 07:35,ROLQWUAY80164171,Stocks,HSWX88,ZMLP81,153760.0,USD,4000,01/10/2015,38.44,USD,33.14
11/03/2013 07:35,WNWEPXMD96236324,Stocks,WVHK10,UACN81,124740.0,USD,7000,26/09/2015,17.82,USD,15.03
11/03/2013 07:35,HKRNXJXL53113061,Scrolls of Mail,DGTY64,UACN81,193811.07,TOP,800,17/03/2014,25.48,USD,244.03
11/03/2013 07:36,PZXTHQPI60290354,Stocks,TYAE14,KKGY69,6849000.0,USD,60000,05/07/2015,6183.57,MYR,97.24
11/03/2013 07:36,YRMKUEYV05506879,Stocks,FYYD57,QCRG59,631000.0,USD,4000,15/01/2015,157.75,USD,160.13
11/03/2013 07:36,XKXJELKD98026539,Stocks,KKGY69,BBAX06,852509.07,SDG,3000,12/04/2016,31.95,USD,245.63
11/03/2013 07:36,QASFCSFA38964822,Turbo Ethers,UEVD88,VPTI00,24600.0,USD,600,01/11/2015,41.0,USD,44.67
11/03/2013 07:37,RSVGLBUX18840582,Platinum Bolts,HHFP66,GYWU23,2569400.0,USD,20000,05/03/2016,128.47,USD,134.7
11/03/2013 07:37,XSKHZOVQ81020998,Stocks,GZED20,VKMV12,7197.03,RSD,100,17/06/2015,249.93,MMK,68.2
11/03/2013 07:37,LWHVZVJX19078102,Amulets of Reflection,UEVD88,UHOG52,55770.0,USD,500,29/07/2016,111.54,USD,96.59
11/03/2013 07:37,TISIYZUR76888180,Stocks,IBLA29,HNLV68,22056591.75,SAR,50000,06/08/2018,65.55,USD,419.82
11/03/2013 07:37,KYYTADPD19207142,Stocks,WVHK10,WIZJ73,5982.0,USD,600,26/10/2015,9.97,USD,11.17
11/03/2013 07:37,FPSBCALE44899047,Stocks,HWJF09,GIWG34,61829.71,SHP,5000,03/01/2014,3.53,USD,10.65
11/03/2013 07:38,IXJQDBGZ14587635,Snowballs,OPET16,YSSR29,144879.88,BWP,800,04/03/2014,57.78,USD,154.09
11/03/2013 07:38,DIXVFFCI88293725,Stocks,UFAY59,GGLV00,1777.0,USD,100,07/10/2015,17.77,USD,16.31
11/03/2013 07:38,FYZFNZIM70937523,Protective Pads,GBEZ65,VESX21,109928.0,USD,700,01/01/2017,157.04,USD,135.23
11/03/2013 07:38,MRIMESMQ04025128,Stocks,EKXA24,CIXF70,24165.0,USD,500,27/09/2015,152.97,ISK,52.77
11/03/2013 07:39,UALPYYPU07645194,Katchin Bars,FYYD57,WVEI17,1300800.0,USD,60000,05/10/2016,21.68,USD,25.24
11/03/2013 07:39,EHYGQCYK40679211,Stocks,GSTD71,ZEHM52,1726000.0,USD,20000,12/10/2016,86.3,USD,93.78
11/03/2013 07:39,ATXFKZIU37466902,Stocks,SBUT62,VIMV38,78356.0,USD,400,19/09/2017,195.89,USD,210.2
11/03/2013 07:39,LTGMWDLA00719729,Stocks,DILF10,PVAZ61,42756485.4,LBP,30000,21/04/2016,143.8,USD,1257.64
11/03/2013 07:40,JWQAWOBI23033817,Mocchi Disks,SXHU74,VVBY18,54320.0,USD,800,26/03/2016,67.9,USD,71.55
11/03/2013 07:40,QEQZUAOI55473359,Shell Bells,FGQR22,TRFG21,510849.0,USD,900,30/05/2014,567.61,USD,635.36
11/03/2013 07:40,ERIOAZFW58926741,Metal Knight Units,QXFF29,FTFI87,8667.0,USD,900,16/02/2018,9.63,USD,10.46
11/03/2013 07:40,FRCARQTY92631372,Decks of Many Things,HXDA52,UFAY59,15451265.52,GIP,10000,28/10/2015,223.31,USD,1269.14
11/03/2013 07:41,EJZJCYBT38916229,Stocks,SZRJ90,PJKH65,46350.0,USD,3000,11/08/2014,15.45,USD,18.8
11/03/2013 07:41,VKPOBOUZ27989630,Sending Stones,BPLN25,ZEHM52,4523540.0,USD,7000,12/07/2015,646.22,USD,737.45
11/03/2013 07:41,MKFACFHX16313278,Stocks,DBCS17,JZTC69,1521660.0,USD,7000,02/02/2018,217.38,USD,236.99
11/03/2013 07:41,FGEBKNYD95396913,Naknadan Shrines,DGTY64,ZBIO05,551577.38,WST,600,29/04/2016,413.57,LKR,877.02
11/03/2013 07:41,JPVJNJJV29131773,Owls of Athena,RLZK87,WIZJ73,12261000.0,USD,50000,28/10/2018,245.22,USD,239.1
11/03/2013 07:41,WTHYUJVV77390409,Stocks,FGVK43,FDWI64,1119600.0,USD,60000,07/08/2016,18.66,USD,20.24
11/03/2013 07:42,OKPDXAJL13473890,Stocks,YWMD69,KKGI60,220444.5,KZT,400,09/07/2018,157.33,USD,614.07
11/03/2013 07:42,MHPRZYWV70342418,Stocks,JXGF57,ZSXF19,243390.0,USD,3000,30/09/2018,81.13,USD,78.18
11/03/2013 07:43,OBKWJOPZ58045942,Rings of Aggravate Monster,KRXZ15,TVQQ54,50073.0,USD,300,16/04/2018,166.91,USD,149.23
11/03/2013 07:43,UFEAYJXF29238070,Radioactive Spiders,SHXQ48,RJCA92,179230.0,USD,500,29/11/2018,61.55,NGN,312.43
11/03/2013 07:43,MCCKLIMW87659301,Stocks,RNZB01,VTKE98,674900.0,USD,10000,10/06/2015,67.49,USD,54.94
11/03/2013 07:44,VOZXGHNZ12893371,Stocks,IBLA29,ZBIO05,449697.41,ISK,6000,15/02/2015,23.68,USD,84.09
11/03/2013 07:44,DIYELGVB00116424,Stocks,LKPN86,SAAM06,633560.0,USD,4000,17/03/2015,158.39,USD,144.91
11/03/2013 07:45,RKQMECOW11472257,Metal Knight Units,ZFHD93,FTFI87,28890.0,USD,3000,13/07/2018,13.36,DKK,10.63
11/03/2013 07:45,DCYZUAIA40222424,Orbs of Agamotto,AMBT33,DGTY64,858425.79,MXN,900,19/07/2017,166.07,USD,937.28
11/03/2013 07:45,TQDQXVJJ36761829,Stocks,PKBF70,NCXS33,96789.0,USD,700,11/12/2014,138.27,USD,135.91
11/03/2013 07:45,MEKWKIOT22617568,Javelins,TBVE46,QHXJ50,228840.0,USD,600,13/08/2015,381.4,USD,365.4
11/03/2013 07:45,QCFVYOQK25614767,Owls of Athena,HFLM11,WIZJ73,1961760.0,USD,8000,04/02/2018,245.22,USD,260.32
11/03/2013 07:45,JRUEZGQF09913547,Peace Bells,CIXF70,OKYS51,1046888.07,STD,3000,12/01/2018,397.9,SRD,317.98
11/03/2013 07:46,OTKTHSSE50554140,Stocks,IJPI82,ZNQA84,564780.0,USD,6000,28/03/2016,94.13,USD,98.69
11/03/2013 07:46,XATMABUS63750491,Stocks,FGQR22,SHXQ48,374450.0,USD,5000,01/10/2017,74.89,USD,82.35
11/03/2013 07:46,XEOGLBKK94288799,Stocks,EKXA24,MEOQ86,3936.0,USD,800,07/02/2016,4.92,USD,4.26
11/03/2013 07:46,EQJOPNWM33031870,Stringers,WVEI17,ZELV96,96040461.24,MRO,60000,10/07/2015,625.41,USD,1814.0
11/03/2013 07:46,RPFZJLGZ60818328,Stocks,YFAM59,BDBU00,1098360.0,USD,9000,20/03/2018,122.04,USD,134.7
11/03/2013 07:46,OVFJXLNG05999393,Stocks,SEKK26,JVHD93,641.0,USD,100,12/11/2017,6.41,USD,5.92
11/03/2013 07:47,SOYZJLVO65605199,Stocks,QXFF29,TRFG21,18720.0,USD,6000,16/06/2014,3.12,USD,3.45
11/03/2013 07:47,UGQQEURW77061629,Fire Papers,FAWI50,HHFP66,4410461.56,INR,700,18/05/2014,198.68,USD,6732.32
11/03/2013 07:47,QBLKFOSM56056048,Stocks,IZTD25,CAVR54,1419300.0,USD,10000,04/05/2018,141.93,USD,136.22
11/03/2013 07:47,FGGLMUXN95851096,Magic Lamps,TFLS35,JVHD93,6342.0,USD,200,07/06/2018,31.71,USD,27.16
11/03/2013 07:48,IQEBDUPS66056419,Choice Bands,MHFC34,AMRO66,1727229.51,BIF,8000,24/06/2016,134.11,USD,232.37
11/03/2013 07:48,CVEXWSBB05502317,Horcuxes,PIFN94,LBKT00,13400100.0,USD,70000,12/10/2017,191.43,USD,160.95
11/03/2013 07:48,DAZXHQOF55605110,Stocks,BMRZ75,PJKH65,270452.25,LSL,9000,02/02/2018,15.45,USD,29.27
11/03/2013 07:48,LDMANNQF14482034,Stocks,XHYN07,UWUK72,1050840.0,USD,9000,23/04/2018,116.76,USD,108.59
11/03/2013 07:48,OQBDBJUI69912952,Stocks,FAWI50,BMRZ75,838350.0,USD,3000,10/07/2016,279.45,USD,237.87
11/03/2013 07:48,YMKFWWSN29691702,Moranth Flamers,AMBT33,ERHJ34,31778400.0,USD,80000,26/02/2016,397.23,USD,442.75
11/03/2013 07:49,HQCOPGEY60875481,Stocks,MRAH32,DOGG07,3160800.0,USD,90000,28/07/2015,35.12,USD,35.3
11/03/2013 07:49,DEBTBRQU71811338,Ambrosia,PKBF70,FGVK43,436320.0,USD,8000,16/03/2015,54.54,USD,62.4
11/03/2013 07:49,TKGWQJLC65532384,Golden Apples,SAAM06,NCCX02,20240911.8,SHP,50000,14/09/2015,341.66,WST,378.03
11/03/2013 07:49,KXXCDHWH99947769,Feedbags,LBKT00,SUOX82,836080.0,USD,8000,18/03/2014,104.51,USD,120.8
11/03/2013 07:50,NZOACMST14738905,Stocks,MFJJ99,NCCX02,19340.0,USD,100,01/06/2014,193.4,USD,176.45
11/03/2013 07:50,CQNNDVWG40206418,Stocks,VIMV38,NQJL85,10638.3,PEN,900,09/08/2015,53.68,USD,9.76
11/03/2013 07:50,IJGXKRLB66256162,Focus Bands,HSWX88,AMBT33,4453588.98,DKK,6000,05/04/2018,534.85,USD,694.93
11/03/2013 07:51,AKLLLABZ12886974,Stocks,QHXJ50,HSWX88,4940.01,GTQ,500,14/06/2017,20.95,USD,11.62
11/03/2013 07:52,AHJTZQOM30147583,Berserk Genes,OKYS51,CVMG22,537390.0,USD,7000,31/07/2017,632.46,KWD,70.3
11/03/2013 07:52,COIKGEGC75300925,Stocks,LBKT00,DNIL23,1833200.0,USD,8000,20/04/2014,229.15,USD,193.4
11/03/2013 07:52,QZKFMHYT25424611,Master Balls,ORQH73,DOGG07,128848.47,LSL,600,28/01/2016,110.41,USD,200.87
11/03/2013 07:52,MFNRSTOR53994092,Stocks,LWGE44,OHKH76,15012.0,USD,600,16/06/2014,25.02,USD,26.2
11/03/2013 07:52,EQTDPPBH67522852,Dino Disks,DVVB31,MHFC34,567600.0,USD,20000,29/03/2018,28.38,USD,24.22
11/03/2013 07:52,EFQTQIAC26549156,Stocks,HHOA99,HNLV68,351038.6,RWF,800,05/08/2016,65.55,USD,465.43
11/03/2013 07:52,CHVBMPVS78071102,Stocks,OPET16,DGTY64,1650.6,GTQ,200,08/02/2016,17.5,USD,8.71
11/03/2013 07:52,CHWOGJZP99318122,Stocks,CMZC67,EWUY52,2332796.26,ALL,7000,15/07/2017,177.68,USD,282.33
11/03/2013 07:53,SMHEZKKW29829184,Falco Disks,SMYT95,CBOX52,15373600.0,USD,80000,19/09/2018,192.17,USD,202.19
11/03/2013 07:53,HTNOJXTZ71613419,Stocks,HPTP65,ORQH73,27008.0,USD,100,14/03/2015,270.08,USD,225.76
11/03/2013 07:54,KWGQSOOK98134366,Stocks,ZELV96,JVHD93,25640.0,USD,4000,19/06/2014,6.41,USD,7.6
11/03/2013 07:54,ISEKXRST34699735,Rejuvenation Tanks,FYYD57,PQSW95,3649750.0,USD,5000,23/05/2018,729.95,USD,787.79
11/03/2013 07:54,EODNYWFH05366663,Dazers,MFJJ99,MRAH32,23331148.8,KWD,8000,20/01/2014,354.0,USD,2709.0
11/03/2013 07:55,AEAVPQIY96845420,Cocoons,QMZU44,FGQR22,196700.0,USD,700,03/04/2014,955.93,HUF,273.3
11/03/2013 07:55,RWBLRYHW46310267,Stocks,VVBY18,IIZF28,211244207.72,VUV,70000,24/12/2017,107.66,USD,3257.71
11/03/2013 07:55,CFOKGHKP93868927,L Coffees,SFZS08,OHKH76,21831378.19,LBP,8000,05/09/2014,275.34,USD,2714.93
11/03/2013 07:55,YOGFAGVB25525149,Stocks,OCQF34,VCSF07,6444.0,USD,200,25/08/2015,32.22,USD,35.34
11/03/2013 07:55,GKHXVJNQ17810797,Spyders,CMZC67,ZDAI73,164898.0,USD,900,29/10/2015,254.27,DKK,175.04
11/03/2013 07:55,OUCRTGRJ42158215,Stocks,ISWT83,UEVD88,151214.0,USD,700,18/12/2015,216.02,USD,280.9
11/03/2013 07:55,MYIXTZXB54299607,Stocks,OHKH76,VLJL11,242253.0,USD,900,15/04/2017,269.17,USD,309.56
11/03/2013 07:55,JPNGJSRL05599857,Stocks,VGYT30,YWMD69,19945.0,USD,100,22/10/2018,199.45,USD,195.27
11/03/2013 07:55,VRDBXJLN26367901,Stocks,LIJW00,UEVD88,6480600.0,USD,30000,21/05/2018,216.02,USD,255.69
11/03/2013 07:56,JUWCUPGR10581704,Stocks,VKMV12,GGLV00,1175165.64,SEK,20000,12/04/2015,17.77,USD,66.69
11/03/2013 07:56,SKKHSXSI36722817,Repulsor Beams,EMNK67,XRBV61,14206299.9,MXN,6000,23/10/2015,412.25,USD,2173.9
11/03/2013 07:56,VRDBFHVV70811305,Stocks,JZTC69,HNLV68,32775.0,USD,500,03/05/2016,65.55,USD,61.3
11/03/2013 07:56,BRPSPHZR23642419,Stocks,GIWG34,QMZU44,141587544.14,AMD,70000,09/05/2016,183.31,USD,1857.47
11/03/2013 07:56,UCKKRTVV16434924,Rings of Shock Resistance,KTLA69,RQGG65,33468.0,USD,600,04/12/2016,55.78,USD,57.15
11/03/2013 07:57,BIRRVMZX08263788,Stocks,PNFK78,DOGG07,24584.0,USD,700,20/07/2017,313.22,AWG,27.01
11/03/2013 07:58,WBHJZDZU10113403,Weakness Policies,EWUY52,ZBIO05,1216560.0,USD,6000,02/02/2017,202.76,USD,228.18
11/03/2013 07:58,FTQHVLON24926678,Stocks,NQJL85,MEOQ86,6728.49,CNY,200,14/11/2017,152.66,UAH,36.06
11/03/2013 07:58,NRZSGVDY26797143,Stocks,HWJF09,INIL60,42084.0,USD,900,07/05/2018,46.76,USD,51.52
11/03/2013 07:58,JTKHAQGZ62205987,Stocks,SUOX82,SFZS08,346916.59,BDT,300,07/02/2016,156.33,USD,1310.31
11/03/2013 07:58,BKSUENZF17219573,Jumping Boots,UFAY59,SFEO61,63721.0,USD,700,26/08/2017,91.03,USD,103.77
11/03/2013 07:58,RTXYFLMQ84451329,Adrenaline Orbs,CAVR54,MKHA46,9466042.14,MXN,8000,01/09/2017,1386.45,SAR,1066.94
11/03/2013 07:58,UJCZPKNI21560345,V-Tamer Taags,VGYT30,RDBE21,26652.0,USD,200,30/10/2017,133.26,USD,111.53
11/03/2013 07:58,UDDTXKPU69953656,Blue Fire Powder,NCXS33,CIXF70,17640.0,USD,200,21/10/2016,88.2,USD,99.39
11/03/2013 07:59,GAHXGKDO31741440,Pan-Galactic Gargle Blaster,VVXA11,AYIH50,455096.0,USD,800,11/01/2016,568.87,USD,489.84
11/03/2013 07:59,SOAMPHLR53086108,Old Hunter Bells,AGBH66,WYFO79,510680.0,USD,2000,06/04/2015,255.34,USD,201.72
11/03/2013 07:59,KLTGJZQZ29951589,Stocks,QAZT26,TGZI54,60078.0,USD,200,29/03/2016,300.39,USD,265.91
11/03/2013 07:59,WTUOHRTM57607518,Stocks,KUWI70,HWJF09,5349900.0,USD,30000,20/04/2014,178.33,USD,192.18
11/03/2013 07:59,LQDOXXQS16556807,Stocks,EDYH00,SBUT62,54280.0,USD,800,27/11/2014,67.85,USD,59.73
11/03/2013 08:00,KODRMCDN52950453,Stocks,DREA89,QXFF29,3230.0,USD,100,07/01/2015,32.3,USD,33.04
11/03/2013 08:00,SJLFOCKP23862470,Stocks,VAHJ53,DBCS17,65538.0,USD,900,15/08/2018,72.82,USD,85.15
11/03/2013 08:00,EDCCBYSR43086763,Stocks,TFLS35,OKYS51,5128.0,USD,400,26/02/2018,12.82,USD,11.78
11/03/2013 08:00,PIICZFBN80193199,Moon Tears,AGBH66,PBFW95,159453.0,USD,700,13/06/2018,227.79,USD,206.25
11/03/2013 08:00,EHCGHUMT47647914,Stocks,SUOX82,KRRO64,54402.0,USD,200,24/03/2018,272.01,USD,311.55
11/03/2013 08:00,XVFXSJHU10720264,Stocks,VLJL11,BMRZ75,3753795.96,CZK,3000,06/10/2015,279.45,USD,1392.3
11/03/2013 08:01,CKIFHLQL18002877,Stocks,AGBH66,MEOQ86,2460.0,USD,500,10/10/2014,4.92,USD,4.4
11/03/2013 08:01,NZGBJRWW44022371,Stocks,AMBT33,VGYT30,151454.84,GHS,100,11/03/2014,145.76,USD,1374.11
11/03/2013 08:01,RIYBJTZM16164909,Stocks,SZRJ90,LWGE44,30210.0,USD,3000,18/02/2015,10.07,USD,9.21
11/03/2013 08:01,DZIGDEZM71343090,Stocks,HNLV68,SBUT62,134611.69,SEK,600,04/01/2016,67.85,USD,201.69
11/03/2013 08:02,HOXGHTCS24566066,Drums of Earthquake,EMNK67,DDIB11,3469800.0,USD,30000,06/08/2018,115.66,USD,106.99
11/03/2013 08:02,QKMMCXRX11468242,Stocks,MRAH32,OQXV70,441000.0,USD,60000,30/06/2016,7.35,USD,8.08
11/03/2013 08:02,MFROMMBI25182777,Stocks,QBAP68,OPET16,542700.0,USD,90000,16/01/2015,6.03,USD,6.84
11/03/2013 08:02,FFXOIIQS11244129,Stocks,MFZY76,WVHK10,7652400.0,USD,60000,17/06/2015,127.54,USD,107.95
11/03/2013 08:02,IHGGPZAE08507795,Golden Peaches,NCYN50,HPTP65,941970.0,USD,3000,03/06/2017,313.99,USD,260.99
11/03/2013 08:03,RATUSRBD08802178,Stocks,VLJL11,DJNE62,92196.0,USD,900,11/11/2016,102.44,USD,121.63
11/03/2013 08:03,KYBBACQR50515087,Phoenix Downs,HWJF09,ORQH73,1948312.1,GNF,1000,22/06/2015,15.14,USD,2087.21
11/03/2013 08:03,QDNEMIRB26138447,Stocks,CAVR54,LWGE44,58136.02,PHP,100,02/07/2016,10.07,USD,627.62
11/03/2013 08:04,LQGRKNON27490722,Pressures,QAZT26,SWGF93,457592.0,USD,800,25/03/2017,571.99,USD,639.63
11/03/2013 08:04,ULTLXBYQ14078091,Stocks,HFLM11,CVMG22,537480.0,USD,9000,25/08/2018,59.72,USD,65.37
11/03/2013 08:04,TKASIUCW80218122,Stocks,AWYB85,ZVEN26,1065000.0,USD,30000,03/11/2015,337.53,TOP,35.33
11/03/2013 08:05,SWORHERA18213810,Cranium Inflolinks,OPET16,ZVEN26,33200.0,USD,200,03/11/2015,166.0,USD,184.38
11/03/2013 08:05,NIDTHKHK49583726,Millennium Scales,LKPN86,VXSM31,54229.0,USD,700,22/06/2014,77.47,USD,69.56
11/03/2013 08:05,GZHSCKKL10571070,Stocks,PJKH65,BMRZ75,63398.82,NAD,100,20/07/2015,279.45,USD,706.25
11/03/2013 08:05,YCFXKMSH60132940,Drums of Earthquake,VKMV12,DDIB11,364126.59,HKD,700,12/07/2014,115.66,USD,474.13
11/03/2013 08:05,NEYQOULK43827378,Stocks,VKMV12,SUOX82,4843500.0,USD,30000,13/07/2016,161.45,USD,181.8
11/03/2013 08:05,EMYTJNRL43999320,Stocks,CVMG22,PQSW95,113460.0,USD,6000,16/01/2015,18.91,USD,15.22
11/03/2013 08:05,WTVJVOSD92701212,Jumbonium Atoms,GZED20,MYXF05,220410.0,USD,1000,01/01/2015,220.41,USD,195.2
11/03/2013 08:06,TXGYJDQY35093137,Stocks,TGZI54,RLZK87,38404.0,USD,200,21/06/2017,192.02,USD,189.66
11/03/2013 08:06,BILYBETN63560355,Stocks,ZFHD93,WHPS18,204728.03,SBD,600,28/07/2014,35.8,USD,294.13
11/03/2013 08:06,XMZMVNOB92549819,Stocks,CMZC67,TGZI54,34327067.25,NIO,70000,04/06/2017,300.39,USD,524.8
11/03/2013 08:06,OTYHERBE62966595,Stocks,XRBV61,VXSM31,119183.13,ALL,800,23/09/2014,79.43,USD,172.5
11/03/2013 08:07,TLQUFREY14876388,Stocks,GIWG34,RNZB01,31910.02,EGP,1000,17/04/2015,7.21,USD,33.68
11/03/2013 08:07,ELRWBOMK61609914,Stocks,SXHU74,PIFN94,725740.0,USD,2000,25/12/2015,362.87,USD,350.72
11/03/2013 08:08,LRXGCUDM91870684,T-800s,ISWT83,QAZT26,80723068.32,CZK,60000,01/01/2014,300.47,USD,1180.31
11/03/2013 08:08,GWDCYRQF57961836,Gadgebot Upgrade Chips,IZTD25,SEKK26,423840.0,USD,4000,10/01/2014,105.96,USD,117.84
11/03/2013 08:08,TNSYPSJR22630925,Ogyo Disks,PNFK78,VVBY18,17864000.0,USD,50000,02/04/2015,357.28,USD,323.82
11/03/2013 08:10,HXHKEZUA23531765,Rings of Polymorph,SXTM39,UHOG52,72309787.02,AED,90000,15/01/2014,669.87,USD,891.13
11/03/2013 08:10,CGRLVBIJ62946995,Deck of Dragons,OPET16,OKYS51,94036.0,USD,400,01/10/2017,235.09,USD,269.74
11/03/2013 08:10,SWPVHIXQ57912698,Stocks,AYIH50,HWHS51,6311307.42,SEK,10000,07/08/2014,190.87,USD,743.1
11/03/2013 08:10,UHBEDGHX58997561,Stocks,FDWI64,PVAZ61,86280.0,USD,600,11/02/2015,28.31,PLN,148.45
11/03/2013 08:10,OATEMMVQ88097110,Blue Elixirs,HYSJ42,QLMY86,68630.0,USD,200,27/03/2016,343.15,USD,286.35
11/03/2013 08:11,VQPLDKYP78773589,Knightmare Frames,UFAY59,YFAM59,301890.0,USD,1000,28/02/2018,301.89,USD,351.33
11/03/2013 08:11,LHOCTNKZ01153534,Stocks,SFZS08,WYFO79,30666235.2,CHF,40000,14/06/2015,90.11,USD,683.54
11/03/2013 08:11,UVIYDJPV98140718,Heat Rocks,IJPI82,KKZA87,103207.88,PAB,500,15/05/2017,17.68,USD,216.22
11/03/2013 08:11,WNIGGTJC18246081,Stocks,NGBA40,ZFHD93,2359335.6,VUV,1000,02/05/2018,218.42,MAD,2026.65
11/03/2013 08:11,VCOXPZIN83934358,Vorpal Swords,MKHA46,OQXV70,47710.25,PLN,900,14/09/2016,269.23,USD,49.27
11/03/2013 08:11,UBFJTIVN49936181,Pipboys,IJPI82,DDIB11,781974.97,GEL,1000,20/09/2014,172.53,USD,829.73
11/03/2013 08:11,XSIYZFCG58696416,Stocks,FTFI87,QMZU44,366620.0,USD,2000,23/08/2017,183.31,USD,154.79
11/03/2013 08:11,OQUZAQIU18397203,Stocks,QOKP03,FAWI50,127265.0,USD,500,02/02/2014,254.53,USD,239.58
11/03/2013 08:12,SMZYLHOX62217319,Stocks,WIZJ73,RDBE21,96350.0,USD,5000,16/07/2018,19.27,USD,18.07
11/03/2013 08:13,CTXTTRGZ81953886,Otataral Bars,PIFN94,JZTC69,10404.0,USD,600,16/04/2014,17.34,USD,14.55
11/03/2013 08:13,HSHBCUJN16557539,Sausages inna bun,GBEZ65,CMOI26,8792.0,USD,700,08/12/2017,12.56,USD,13.31
11/03/2013 08:13,HXJDRUNV91196777,Scrolls of Seals,KRRO64,WWNS72,15287200.0,USD,80000,02/04/2016,191.09,USD,211.81
11/03/2013 08:13,EGLAUPQN32591426,Stocks,DOGG07,MEOQ86,53038.93,HRK,100,17/04/2015,4.92,USD,591.5
11/03/2013 08:14,PCHUPKJD22829157,PP Ups,OQXV70,OPZI26,216684.0,USD,600,02/05/2017,361.14,USD,357.58
11/03/2013 08:14,NLQTESXP22219744,Stocks,AMBT33,SWGF93,136050.0,USD,3000,01/07/2015,45.35,USD,41.57
11/03/2013 08:14,IUYGABHN66308677,Fog Pots,SFZS08,VAHJ53,17821.0,USD,100,31/03/2015,178.21,USD,203.78
11/03/2013 08:15,SWFBZKSJ48077678,Big Roots,DDIB11,MFZY76,193333.0,USD,700,12/07/2015,7348.45,XCD,277.39
11/03/2013 08:16,KEZZCLCR33435914,Stocks,OPET16,ZEHM52,604100.0,USD,7000,02/11/2017,4982.26,PHP,78.39
11/03/2013 08:16,ODOOVVIE46480503,Decepticons,WVHK10,SXHU74,18109.17,WST,100,24/10/2017,61.25,USD,201.05
11/03/2013 08:16,PCOLNRPK66383873,Stocks,KKGI60,MEOQ86,12899.21,DJF,300,13/04/2016,4.92,USD,40.24
11/03/2013 08:16,GTRBTCDL08552511,Gauntlets of FUmbling,HSWX88,NQJL85,443184940.8,BOB,80000,10/11/2017,149.4,USD,6485.58
11/03/2013 08:16,CONZNLJX74935191,Pym Particles,YWMD69,FORM54,92750.0,USD,7000,08/04/2017,13.25,USD,12.49
11/03/2013 08:17,XCPSLVHG56360784,Heat Rocks,MSHS03,KKZA87,15912.0,USD,900,24/09/2017,17.68,USD,18.71
11/03/2013 08:17,ZLOKFUHH10655259,Stocks,OCQF34,EMNK67,235780.0,USD,1000,03/06/2014,235.78,USD,198.83
11/03/2013 08:17,BERPLUKF50565843,Stocks,CMOI26,MFZY76,12910500.0,USD,90000,28/07/2018,143.45,USD,160.57
11/03/2013 08:17,BRQOBEVK34285972,Stocks,DOGG07,PBFW95,1178870.0,USD,7000,08/11/2014,168.41,USD,182.94
11/03/2013 08:17,RCCMPBJE08103455,Rings of Shock Resistance,ZDAI73,RQGG65,5020200.0,USD,90000,11/02/2016,474.58,CHF,56.02
11/03/2013 08:18,HKCDLEHO51424541,Momentum Gliders,UHOG52,SRYE59,64916.0,USD,400,31/12/2016,162.29,USD,174.59
11/03/2013 08:18,LXMIDCHV85144254,Stocks,HHOA99,QWOA67,687880.0,USD,4000,08/12/2018,171.97,USD,155.73
11/03/2013 08:18,MGWZCQKE55507896,Chain Wind Staffs,PKBF70,NCYN50,7327776.22,ISK,7000,22/10/2016,330.74,USD,1015.37
11/03/2013 08:18,SKGCTEAZ92973197,Wild Card Virus Vials,QCRG59,NQJL85,29544.0,USD,600,14/06/2016,653.81,AFN,43.26
11/03/2013 08:18,RJUIDAZO92141951,Slurm,NCYN50,TRFG21,30998.0,USD,200,31/12/2018,154.99,USD,133.77
11/03/2013 08:19,USIYXDET79176718,Stocks,ZNQA84,WIZJ73,9970.0,USD,1000,12/02/2017,33.92,HUF,11.52
11/03/2013 08:19,YBORPCRI23663267,Stalkers,GSTD71,TKVF94,239162.0,USD,700,05/10/2015,341.66,USD,366.34
11/03/2013 08:19,BXYZHEUF26210357,Flames of Apollo,DOGG07,FTFI87,8896500.0,USD,50000,06/10/2015,177.93,USD,190.03
11/03/2013 08:19,UCRLMHIV67288031,Safety Goggles,SRYE59,SEKK26,3611700.0,USD,9000,21/06/2015,2455.92,BZD,325.83
11/03/2013 08:19,NKSSTKKH77540991,Stoles,UIKN63,DJNE62,170153.69,SCR,100,13/06/2017,712.65,ALL,1597.9
11/03/2013 08:20,NLPLHVYG61114595,Millennium Necklaces,PVAZ61,ZXVX98,98164.0,USD,400,11/03/2018,245.41,USD,211.74
11/03/2013 08:20,ZUOAJBRI02979902,Potions of Sickness,MEOQ86,DREA89,182456.38,RSD,600,29/06/2014,306.67,USD,311.38
11/03/2013 08:20,YOKSGOTD51975367,Stocks,CMZC67,RNZB01,4502.07,BHD,200,08/11/2014,7.21,USD,23.15
11/03/2013 08:20,TDTEEXET92088743,Focus Bands,HHOA99,AMBT33,106970.0,USD,200,12/07/2017,534.85,USD,583.56
11/03/2013 08:20,PKQADSAO41695812,Stocks,SXTM39,GIWG34,211800.0,USD,60000,11/05/2015,3.53,USD,3.79
11/03/2013 08:21,QAZQXPEO51788434,Stocks,GBEZ65,HWHS51,17827410.7,PAB,8000,10/11/2016,190.87,USD,2382.11
11/03/2013 08:21,EOETBPWZ99017958,Dragon Disks,EMNK67,OUNH49,1071780.0,USD,3000,18/09/2017,357.26,USD,404.03
11/03/2013 08:22,RXIUGMSO91799244,Cainhurt Summons,NXTO39,KEVJ11,1047290.4,ZWD,800,20/06/2016,1996.07,MVR,1527.88
11/03/2013 08:22,GYHGHUFD83153295,Stocks,IJPI82,IZTD25,65709.0,USD,700,01/07/2016,93.87,USD,81.33
11/03/2013 08:22,MXLWEKEO57375795,Luckstones,HWHS51,VKMV12,4319000.0,USD,20000,13/03/2014,215.95,USD,186.02
11/03/2013 08:22,TQUGUGOQ60737829,Stocks,ORQH73,ZDAI73,16732.0,USD,100,31/05/2015,167.32,USD,190.2
11/03/2013 08:22,FEEPYPRF53818810,Pixie Disks,CBOX52,UFAY59,238975.0,USD,500,23/02/2018,477.95,USD,515.17
11/03/2013 08:22,UUDYMPHS50995632,Dragon Medallions,AMBT33,RNZB01,5470247.23,ARS,1000,04/08/2018,290.47,USD,4986.15
11/03/2013 08:22,JOYBGDUS06112176,Pipboys,MFZY76,DDIB11,176629.31,MRO,400,16/12/2016,172.53,USD,517.35
11/03/2013 08:23,QCHGAVPU43863364,Scouters,CMZC67,GGLV00,75176.71,GHS,100,01/06/2017,72.35,USD,629.13
11/03/2013 08:23,TZNPFQTU91085584,Butterflys,SMYT95,SBUT62,20596500.0,USD,90000,04/10/2018,228.85,USD,266.68
11/03/2013 08:23,HPLBQVOP35415506,Holodecks,NQJL85,GBEZ65,24624.27,BND,400,14/02/2017,170.67,USD,53.14
11/03/2013 08:23,ACDSBAIX90679206,Stocks,VPTI00,MRAH32,67332.0,USD,600,14/11/2018,218.27,LSL,126.13
11/03/2013 08:24,ZOXIMUOQ61983657,Stocks,ESPL27,JVHD93,57690.0,USD,9000,12/07/2015,6.41,USD,7.0
11/03/2013 08:24,JLOPPQTA70404392,Lunar Curtains,SEKK26,EPZN28,1545993.44,TND,600,10/12/2016,439.32,USD,2874.24
11/03/2013 08:24,PZBDDLLT90461814,Stocks,OQXV70,RFZG50,19116.0,USD,300,23/04/2017,63.72,USD,59.06
11/03/2013 08:24,QVXLZWRI79163019,Stocks,CIXF70,WHPS18,358000.0,USD,10000,07/11/2018,35.8,USD,34.78
11/03/2013 08:24,KSYLWPYK39758126,Stocks,ESPL27,WYFO79,72088.0,USD,800,13/08/2015,90.11,USD,94.64
11/03/2013 08:24,RPTGMYEW93598760,Amulets of Yendor,TVQQ54,OPET16,22999.0,USD,100,01/10/2014,229.99,USD,204.23
11/03/2013 08:25,KCXIKAMK62527218,Rocky Helmets,CUVZ50,AHMZ79,2150280.0,USD,9000,04/03/2014,238.92,USD,226.79
11/03/2013 08:25,UMWMPFSR45229115,Electrolyzers,NQJL85,DVVB31,1432219.33,SBD,400,23/10/2018,375.67,USD,3121.01
11/03/2013 08:26,XJHRUWXN07974652,Stocks,YTAI13,HYSJ42,748410.0,USD,3000,10/12/2015,249.47,USD,262.66
11/03/2013 08:26,KIPXOZEQ94156707,Stocks,RJCA92,TYAE14,477330.0,USD,7000,09/04/2017,68.19,USD,71.26
11/03/2013 08:26,AVPKTTML46066954,Atium Bars,HPTP65,YTAI13,6286373.5,GHS,5000,22/01/2014,121.0,USD,1036.73
11/03/2013 08:26,SEKLTUOW54106180,Wands of Nothing,GBEZ65,PQSW95,861840.0,USD,3000,01/06/2018,287.28,USD,253.89
11/03/2013 08:26,LQLEZPDF36629944,Rupees,YFAM59,EDYH00,329553.0,USD,900,25/07/2018,366.17,USD,308.66
11/03/2013 08:27,XVVLBBNW21894742,Rings of Stealth,VAHJ53,RLZK87,13495500.0,USD,50000,29/12/2017,269.91,USD,296.18
11/03/2013 08:27,SFTONHAR10870050,Dragon Medallions,IZTD25,RNZB01,261423.0,USD,900,29/06/2014,290.47,USD,309.09
11/03/2013 08:27,RDYRUHPK53590787,Sending Stones,DNIL23,ZEHM52,38773200.0,USD,60000,31/05/2015,646.22,USD,679.09
11/03/2013 08:27,UQETTHRA44726397,Momentum Gliders,ZEHM52,SRYE59,187386201.02,PHP,20000,26/08/2014,162.29,USD,8147.53
11/03/2013 08:27,GKQEZQAL72373057,Muscle Bands,VLJL11,EDYH00,7338581.96,BOB,600,03/01/2014,1250.23,TMM,13975.65
11/03/2013 08:27,QDPQSTQX85274316,Lasan Nuts,EPZN28,VTKE98,1846153.08,ALL,6000,24/03/2017,164.05,USD,329.53
11/03/2013 08:27,WVHPNRDA76942033,Gadgetrons,KKZA87,SHXQ48,91720.0,USD,4000,14/02/2017,22.93,USD,19.56
11/03/2013 08:28,UAOLRYML95746459,Dino Disks,HNLV68,MHFC34,192864.8,BTN,1000,20/02/2017,28.38,USD,226.11
11/03/2013 08:28,OVDEPWZI33357905,Stocks,DILF10,UIKN63,4365300.0,USD,30000,05/04/2014,145.51,USD,170.52
11/03/2013 08:28,HRIKCMZF78589629,Stocks,GYWU23,AHMZ79,9518600.0,USD,70000,29/06/2016,135.98,USD,143.6
11/03/2013 08:28,VQHRDPUA38586884,Stocks,NQJL85,SXTM39,460153.82,CRC,3000,05/02/2017,137.54,USD,159.48
11/03/2013 08:28,SQIAMQWE94403822,Stocks,TYAE14,VESX21,144110.0,USD,1000,11/10/2015,144.11,USD,153.85
11/03/2013 08:28,GGCVXQJH59425776,Redstone Blocks,NCYN50,CAVR54,1139186.7,ZMK,600,15/04/2018,395.09,USD,2101.06
11/03/2013 08:29,PGOJWITQ64322329,Owls of Athena,EIWJ22,WIZJ73,17165400.0,USD,70000,25/07/2018,245.22,USD,243.25
11/03/2013 08:29,VUONYBZM49112592,X-12s,DDIB11,UWUK72,337740.0,USD,500,06/04/2015,675.48,USD,716.41
11/03/2013 08:29,WXOPRWFO86387523,Scouters,UACN81,GGLV00,5788000.0,USD,80000,21/06/2017,72.35,USD,77.43
11/03/2013 08:29,MYBBHSOU80780163,Wood Mats,NCXS33,QMZU44,971720.0,USD,4000,16/08/2017,242.93,USD,250.91
11/03/2013 08:30,TENMKPPZ06690338,Stocks,AMRO66,FORM54,5039737.65,BZD,50000,27/04/2017,16.47,USD,91.83
11/03/2013 08:30,RFBXJNIR54219045,Gorgon Heads,FORM54,KKZA87,41834.0,USD,200,10/06/2015,209.17,USD,166.27
11/03/2013 08:31,PBXPIMRK51050394,Millennium Scales,PKBF70,VXSM31,69723.0,USD,900,19/10/2018,77.47,USD,86.77
11/03/2013 08:32,XDZXRVLB18675469,Nails of Helena,NCXS33,JVHD93,214540.0,USD,500,05/05/2015,429.08,USD,451.03
11/03/2013 08:32,ZMZQGRJP72833715,Mr. Zerkons,UACN81,IZTD25,1021239.74,LBP,700,19/10/2014,147.2,USD,1372.01
11/03/2013 08:32,TKDXJDXB88127326,Stocks,YCZA59,RLZK87,7680800.0,USD,40000,08/05/2014,192.02,USD,206.08
11/03/2013 08:33,OACRSZAH27026153,Pixie Disks,ZMLP81,UFAY59,1911800.0,USD,4000,15/10/2016,477.95,USD,519.38
11/03/2013 08:33,FGDEEBDE86536217,Stocks,IBLA29,NCXS33,553080.0,USD,4000,05/03/2014,138.27,USD,154.58
11/03/2013 08:33,WPOWKMWA75356859,Float Stones,FORM54,SXTM39,167660.0,USD,500,25/11/2014,335.32,USD,379.6
11/03/2013 08:33,KBQFEMLF67066807,Stocks,ZFHD93,QHXJ50,32976.0,USD,400,08/05/2018,82.44,USD,86.42
11/03/2013 08:33,QBIKDICM78560041,Stocks,MRAH32,MYXF05,3810.0,USD,300,03/02/2016,12.7,USD,12.5
11/03/2013 08:34,JTGHWGAH86006793,Stocks,VAHJ53,HNLV68,441131.84,SAR,1000,11/09/2018,65.55,USD,421.81
11/03/2013 08:34,DMGVMACS70050491,Leaves of Lorien,GSTD71,GBEZ65,76120.0,USD,800,08/10/2014,95.15,USD,83.55
11/03/2013 08:34,AXRHZWRC19941694,Stocks,HWJF09,RDBE21,173430.0,USD,9000,02/04/2017,19.27,USD,16.58
11/03/2013 08:34,RDILFRYL52084411,Stocks,HHOA99,HFLM11,87031.0,USD,700,07/02/2018,124.33,USD,115.63
11/03/2013 08:34,LIZSTUTQ38009562,Stocks,YOQG45,CIXF70,338310.0,USD,7000,24/04/2018,48.33,USD,41.28
11/03/2013 08:35,XLFUCZZL41000675,LiDAR Mark-Trackers,LKPN86,RNZB01,22281700.0,USD,70000,24/09/2015,318.31,USD,302.16
11/03/2013 08:35,ZYKGWGSO21671763,Rings of Protection,OPET16,RNZB01,235475.0,USD,500,20/04/2014,470.95,USD,406.33
11/03/2013 08:35,EWRQPKDB59489001,Symbiotes,OQXV70,KKGI60,55455567.03,PGK,90000,08/12/2015,225.63,USD,547.12
11/03/2013 08:36,FLDARWNL81511770,Speed Boots,YTAI13,VVBY18,27272.0,USD,100,26/06/2016,272.72,USD,297.49
11/03/2013 08:37,IEIIVNAY59201365,Ruby Slippers,YOQG45,FYYD57,23180.0,USD,500,09/07/2015,41.78,BMD,48.84
11/03/2013 08:37,AUNISFJQ10271463,Stocks,QXFF29,NQJL85,483120.0,USD,9000,13/12/2017,53.68,USD,43.47
11/03/2013 08:37,JZVAZYRS09939145,Stocks,TBVE46,SMYT95,134208.0,USD,900,09/09/2016,149.12,USD,141.77
11/03/2013 08:37,VCTKPOPE82784908,Stocks,MYXF05,SAAM06,126712.0,USD,800,08/09/2016,158.39,USD,178.53
11/03/2013 08:37,SYPEAWML98006399,Tricorders,TBVE46,FGQR22,9803534.9,RUB,4000,07/08/2014,140.34,USD,2746.47
11/03/2013 08:37,EWHUEEQY12298755,Millennium Puzzles,YWMD69,XHYN07,1043393.95,AMD,6000,25/09/2014,15.76,USD,148.54
11/03/2013 08:37,BXNGORQR34333808,Stocks,CBOX52,QLMY86,909080.0,USD,4000,29/08/2016,227.27,USD,214.39
11/03/2013 08:37,WWLKKWQE00271771,Stocks,HSWX88,WVHK10,5101600.0,USD,40000,24/09/2017,127.54,USD,131.97
11/03/2013 08:37,JFIHTJYT30206551,Stocks,OPZI26,SEKK26,1649781.13,AWG,2000,28/01/2015,92.49,USD,831.55
11/03/2013 08:38,TSUKIZIT89590233,Stocks,LKPN86,MFJJ99,13394.0,USD,200,23/09/2014,66.97,USD,74.92
11/03/2013 08:38,LMMWZCIZ35203264,Stocks,HYSJ42,KUWI70,9616.0,USD,800,02/09/2015,12.02,USD,14.71
11/03/2013 08:38,DRAYLEWG55876401,Mocchi Disks,RLZK87,VVBY18,6111000.0,USD,90000,03/09/2016,67.9,USD,74.77
11/03/2013 08:38,DTNIBTSK27367974,Phoenix Downs,QCRG59,ORQH73,1362600.0,USD,90000,14/04/2017,15.14,USD,11.77
11/03/2013 08:38,ULYSRHQN24176793,Philosopher Stones,HWHS51,IJPI82,4312405562.85,TWD,90000,28/05/2016,103.95,USD,38988.34
11/03/2013 08:39,PBDGVLNV40018143,Joy Cans,QBVN33,ZEHM52,36050.0,USD,100,23/05/2018,360.5,USD,310.28
11/03/2013 08:39,NKFPWUVF67133595,Gauntlets of FUmbling,QHXJ50,NQJL85,89640.0,USD,600,13/02/2017,149.4,USD,140.64
11/03/2013 08:39,EAYYGLQU60402949,Wise Glasses,NCCX02,AYIH50,94080.0,USD,400,05/04/2018,235.2,USD,216.36
11/03/2013 08:40,INPLBHHF20021309,Infinity Stones,FDWI64,SAAM06,3654064.88,AZN,4000,10/06/2018,333.69,MAD,1060.06
11/03/2013 08:40,LAUNKAGV61935985,Unicorn Horns,EIWJ22,TGZI54,117595.0,USD,500,26/02/2016,235.19,USD,254.93
11/03/2013 08:40,XQQPMNGJ88482722,Stocks,QBAP68,FJOI82,1191450.62,ARS,700,10/07/2014,90.38,USD,1638.77
11/03/2013 08:40,UQJGBWHL62613586,Stocks,LWGE44,FYYD57,2803463.21,TZS,2000,10/11/2015,139.63,USD,1580.31
11/03/2013 08:40,XSQDKZIY56806075,Stocks,WVHK10,FYYD57,475473.66,GMD,400,05/01/2014,139.63,USD,1308.95
11/03/2013 08:40,VXFGLIPO17208085,Mocchi Disks,BPLN25,VVBY18,54320.0,USD,800,02/03/2017,67.9,USD,77.26
11/03/2013 08:40,CMMNOPXC55718194,Shooters,FORM54,LBKT00,35500.0,USD,1000,04/05/2018,35.5,USD,33.87
11/03/2013 08:41,FUCDQCLP32018745,Stocks,FAWI50,KKZA87,15976.0,USD,400,28/11/2014,39.94,USD,42.71
11/03/2013 08:41,HXGWGAID84107098,Hexagonal Crystals,QAZT26,BBJG05,1324050.0,USD,5000,23/03/2018,264.81,USD,296.89
11/03/2013 08:41,LFGLGTAC36087096,Stocks,AWYB85,ZELV96,3188.0,USD,200,14/06/2018,15.94,USD,13.61
11/03/2013 08:41,YOQHCQWR69605082,Blue Elixirs,MEOQ86,QLMY86,102945.0,USD,300,27/01/2014,343.15,USD,375.38
11/03/2013 08:41,ZQLNQXTX90582198,Stocks,ISWT83,FTFI87,175693.93,SOS,300,08/12/2016,728.54,SLL,631.22
11/03/2013 08:42,FNDLAGTL85185265,Stocks,VIMV38,DREA89,275750.0,USD,5000,21/08/2015,55.15,USD,63.48
11/03/2013 08:42,OJYMDCRD68127186,Mocchi Disks,TKVF94,VVBY18,203700.0,USD,3000,27/10/2018,67.9,USD,80.48
11/03/2013 08:42,RBSMRRJJ12587990,Hexagonal Crystals,PJKH65,BBJG05,132405.0,USD,500,21/03/2014,264.81,USD,276.48
11/03/2013 08:43,QZYHDSCC84361056,Loadstones,HNLV68,TYAE14,348090.0,USD,3000,18/10/2016,116.03,USD,117.32
11/03/2013 08:43,NVOPWKOS69653370,Stocks,ZSXF19,QOKP03,865785.67,KPW,900,19/12/2016,400.81,USD,779.67
11/03/2013 08:43,VDJLXUQH60268183,Thief Gloves,BBAX06,GZED20,20088235.56,MVR,6000,10/01/2015,504.2,USD,3945.58
11/03/2013 08:43,MYOKBNIH54093352,Stocks,VIMV38,DNIL23,137490.0,USD,600,19/11/2016,229.15,USD,255.42
11/03/2013 08:44,MFBWSMOE11285168,Stocks,QLCE04,EKXA24,48390.0,USD,600,11/05/2016,80.65,USD,94.43
11/03/2013 08:44,QDGCDEKC79469909,Stocks,QAZT26,HPTP65,38106394.72,MRO,80000,23/06/2017,186.11,USD,444.37
11/03/2013 08:44,ZJLAYOJT31231974,Pipboys,CQPJ57,DDIB11,16404152.4,TOP,10000,14/11/2016,172.53,USD,1524.39
11/03/2013 08:44,SYTLVWPA16938141,Stocks,FYYD57,QLCE04,280033.52,GYD,800,15/09/2016,84.25,USD,305.6
11/03/2013 08:45,ABVRIMVO36267181,Stocks,TQSJ85,KUWI70,411264.3,NPR,30000,24/11/2016,143.42,IQD,11.93
11/03/2013 08:45,ELGQOOEU61552756,Stocks,SMYT95,VKMV12,580640.0,USD,8000,04/09/2014,72.58,USD,66.45
11/03/2013 08:46,YTWTTWAI20866395,Stocks,SUOX82,KKGI60,110131.0,USD,700,10/04/2014,157.33,USD,169.46
11/03/2013 08:46,MTWWGGQI50468944,Stocks,GGLV00,QWOA67,7841419.27,BSD,6000,31/03/2014,171.97,USD,1362.06
11/03/2013 08:46,FWOLJRSR18392538,Thousand Sunnys,AMBT33,WVHK10,58800.0,USD,400,18/05/2017,147.0,USD,156.87
11/03/2013 08:46,SIARXDGE91174501,Stocks,WYFO79,FAWI50,10181200.0,USD,40000,04/04/2014,254.53,USD,241.1
11/03/2013 08:46,ZDRULEPN86640841,Stoles,TGZI54,DJNE62,75992.0,USD,200,22/02/2015,379.96,USD,356.72
11/03/2013 08:47,MDSRUYCL53757265,Red Fangs,WIZJ73,ZDAI73,299003.0,AOA,5000,10/10/2017,9.5,USD,62.12
11/03/2013 08:47,FHVRGTRA27467004,Holy Grails,BBJG05,RLZK87,204155.0,USD,500,23/09/2014,408.31,USD,394.66
11/03/2013 08:47,QLDAMQOK64138698,Stocks,JCWS17,HYSJ42,6192723.53,UAH,800,30/10/2018,2055.23,KWD,7032.34
11/03/2013 08:47,WMDUAIJP40377781,Stocks,MEOQ86,RLZK87,1920200.0,USD,10000,19/04/2014,192.02,USD,219.49
11/03/2013 08:47,TTYFAXJK76705215,Naknadan Shrines,GIWG34,ZBIO05,217651.0,USD,700,21/08/2017,310.93,USD,281.4
11/03/2013 08:48,MLHTEHWD78749582,Stocks,ITTS26,VCSF07,21331315.44,AMD,60000,20/07/2014,32.22,USD,377.91
11/03/2013 08:48,NQVJSAST04425793,Red Apple Cigarettes,NCYN50,DNIL23,20038000.0,USD,50000,24/01/2018,400.76,USD,371.26
11/03/2013 08:48,KCCNPJJP26385743,Stocks,OKYS51,PIFN94,816003.91,HKD,500,20/05/2017,362.87,USD,1492.62
11/03/2013 08:48,PJHNZZZQ68835553,Raiden Disks,SEKK26,KRRO64,2759400.0,USD,60000,18/01/2017,45.99,USD,47.39
11/03/2013 08:48,CSCZCQOD51292719,Vilyas,FDWI64,IIZF28,356976.0,USD,900,04/05/2018,396.64,USD,370.9
11/03/2013 08:49,MOUQOQRU45084772,Master Balls,HWHS51,DOGG07,3187089.54,PHP,500,02/07/2014,110.41,USD,7201.57
11/03/2013 08:49,OADHUYNP81208537,Stocks,NXTO39,ESPL27,43856.0,USD,800,04/10/2014,54.82,USD,53.49
11/03/2013 08:49,TYDNIDAN54765815,Cocoons,VVBY18,FGQR22,1749489.14,SDG,700,23/01/2016,281.0,USD,2739.37
11/03/2013 08:49,ARMXNSPF07849198,Djinns,LBKT00,BDBU00,160632.0,USD,900,22/08/2018,178.48,USD,164.82
11/03/2013 08:49,NKXYHSSP37681440,Stocks,VLJL11,SZRJ90,19876922.72,ZMK,20000,12/11/2016,206.81,USD,837.23
11/03/2013 08:49,PDYFSIZU45711676,Stocks,IIZF28,YTAI13,80130.0,USD,600,22/10/2015,133.55,USD,123.64
11/03/2013 08:49,DODORQYM56798244,Stocks,DOGG07,YOQG45,143780.17,BIF,3000,25/09/2018,29.77,USD,45.4
11/03/2013 08:50,IZTBRNUW34389489,Stocks,SMYT95,QBVN33,369100.0,USD,5000,28/02/2015,73.82,USD,83.03
11/03/2013 08:50,EQJENQAT64692402,Rejuvenation Tanks,ZNQA84,PQSW95,1459900.0,USD,2000,08/07/2018,729.95,USD,695.13
11/03/2013 08:50,ETZIRLMU59425384,Stocks,ITTS26,QETH27,1648.0,USD,800,21/07/2017,0.45,PEN,2.25
11/03/2013 08:50,LPPBRTNS08865041,Gauntlets of Power,SAAM06,NFAH30,29833.0,USD,100,28/08/2014,298.33,USD,273.15
11/03/2013 08:50,TCMIKWGX78593171,Magic Markers,XRBV61,WWNS72,3040807.2,SLL,5000,25/08/2014,164.8,USD,550.66
11/03/2013 08:50,VZZDBQEP09270107,Stocks,UHOG52,CUVZ50,53172.0,USD,600,06/01/2018,88.62,USD,73.65
11/03/2013 08:51,ZMGHAKKP63821300,Stocks,YLGZ72,KRXZ15,264450.0,USD,1000,03/10/2018,264.45,USD,281.0
11/03/2013 08:51,GJRNRRSJ39365984,Badgers,BMRZ75,GGLV00,240304.0,USD,400,15/03/2015,600.76,USD,663.43
11/03/2013 08:51,KBZHOQEE17661446,Stocks,ZMLP81,PVAZ61,57520.0,USD,400,23/06/2016,143.8,USD,167.97
11/03/2013 08:51,QNKUUQAC87758675,Stocks,AMBT33,BMRZ75,639940.5,CDF,10000,04/05/2016,279.45,USD,71.8
11/03/2013 08:51,SNDZKXNY38904893,Infinity Stones,THJF58,SAAM06,4780461.84,THB,40000,15/02/2017,128.59,USD,139.9
11/03/2013 08:51,BKZXEWTQ99093614,Gold Bolts,DGTY64,PNFK78,17874997.97,GBP,5000,16/03/2015,327.69,USD,3465.17
11/03/2013 08:51,VHCHOIDN30232509,Surfacers,LIIS96,UACN81,604700.0,USD,10000,27/09/2014,60.47,USD,67.37
11/03/2013 08:52,NENZBJPJ04521631,Marvins,UFAY59,WHPS18,232755.43,TRY,6000,25/02/2015,62.69,USD,34.32
11/03/2013 08:52,ZKQGEVAE07295860,Sylkis Greens,HYSJ42,ZFHD93,576837.0,USD,900,27/08/2018,640.93,USD,586.18
11/03/2013 08:53,YEMEASSH38096727,Valars,BPLN25,KKGY69,824040.0,USD,3000,30/05/2018,274.68,USD,255.46
11/03/2013 08:53,QEOIPFQZ84822822,Stocks,UFAY59,ZELV96,14346.0,USD,900,07/06/2018,15.94,USD,14.95
11/03/2013 08:53,MKXTXDHZ37558477,Blue Fire Powder,FGQR22,CIXF70,52920.0,USD,600,13/07/2016,88.2,USD,91.25
11/03/2013 08:53,KLPWJGZH11940082,Stocks,CUVZ50,TFLS35,2448.0,USD,100,20/07/2015,24.48,USD,23.21
11/03/2013 08:53,RDMURNPU74158967,Autobots,LIJW00,HHFP66,30338.0,USD,700,12/04/2017,43.34,USD,41.32
11/03/2013 08:53,QHHUZRCC09043964,Cockatrice Claws,QODV38,PBFW95,5540.0,USD,1000,08/12/2015,319.83,PHP,5.93
11/03/2013 08:54,VTNHTPIP28893839,Stocks,SFEO61,QAZT26,85590.0,USD,300,09/12/2015,285.3,USD,315.82
11/03/2013 08:54,ITHQIDCE94279080,Djinns,YFAM59,BDBU00,10708800.0,USD,60000,11/08/2016,178.48,USD,206.94
11/03/2013 08:54,HFBEGGFC30401384,Stocks,JXGF57,EKXA24,5645500.0,USD,70000,10/01/2017,80.65,USD,91.66
11/03/2013 08:54,ILDLINHF36797217,Stocks,TFLS35,DDIB11,703200.0,USD,40000,06/03/2015,17.58,USD,18.98
11/03/2013 08:54,TIYHBMBW46303462,Nanotech Crates,ISWT83,EDYH00,525140.0,USD,1000,13/11/2014,525.14,USD,465.09
11/03/2013 08:55,OZLPXJXT39298431,Rocky Helmets,TQSJ85,AHMZ79,2150280.0,USD,9000,03/03/2015,238.92,USD,275.9
11/03/2013 08:55,EXRISRXK36716888,Stocks,XHYN07,DBCS17,36410.0,USD,500,14/02/2015,72.82,USD,64.27
11/03/2013 08:55,TXKHMJLQ60200033,Stocks,BBAX06,HHOA99,124800.0,USD,10000,26/02/2018,12.48,USD,14.88
11/03/2013 08:56,ULLVYHAX03841087,Arc Reactors,QXFF29,DOGG07,5656320.0,USD,8000,14/06/2018,707.04,USD,619.32
11/03/2013 08:56,WKONPGEL47605928,Stocks,FJOI82,GSTD71,2063747.38,BSD,3000,06/07/2014,15.46,MNT,722.08
11/03/2013 08:56,JBJHCJLE70630675,Stocks,NFAH30,VIMV38,547051424.94,UAH,90000,20/02/2015,195.89,USD,6813.1
11/03/2013 08:56,VCHGENSE27730205,Stocks,ISWT83,RDBE21,15416.0,USD,800,22/10/2016,19.27,USD,17.03
11/03/2013 08:56,INFKQFMQ97064015,Stocks,LIIS96,VGYT30,131184.0,USD,900,30/01/2015,145.76,USD,133.15
11/03/2013 08:56,TEREKQLL04827149,Stocks,KRRO64,VXSM31,294529.62,BOB,100,24/10/2015,79.43,USD,2637.1
11/03/2013 08:56,IMCQDZRJ14229804,Stocks,SBUT62,LIJW00,438600.0,USD,4000,30/01/2017,342.34,BHD,115.58
11/03/2013 08:57,JLGVZSGU35000338,Stocks,THJF58,GSTD71,45260.0,USD,500,24/12/2016,90.52,USD,102.64
11/03/2013 08:57,QTRJUQXN59159467,Shaman Bone Blades,QXFF29,QLCE04,2819086.92,BND,60000,14/10/2017,130.26,USD,42.56
11/03/2013 08:57,ZIOLECAT57094033,Stocks,TBVE46,FJOI82,36152.0,USD,400,24/03/2016,90.38,USD,83.75
11/03/2013 08:57,DXQYXCRG12421864,Elven Boots,QAZT26,RFZG50,4290.0,USD,600,18/05/2016,7.15,USD,6.79
11/03/2013 08:57,LTREXXBF05969097,Stocks,AMRO66,SRYE59,14159.85,BRL,500,08/06/2017,2.66,USD,26.26
11/03/2013 08:57,EKCNLLOL59887078,Zanpakutos,ISWT83,UIKN63,19600.0,USD,2000,14/06/2015,9.8,USD,11.14
11/03/2013 08:58,FKWWLIFR57806087,Gadgebot Upgrade Chips,YFAM59,SEKK26,42384.0,USD,400,15/10/2017,105.96,USD,96.33
11/03/2013 08:58,NJIOADQO78935136,Kafel Masks,LWGE44,LAUA80,16817.35,FKP,300,26/02/2014,7.52,USD,65.07
11/03/2013 08:58,QMBHOGEW61468551,Cloaks of Displacement,MFJJ99,NXTO39,517040.0,USD,8000,22/08/2014,64.63,USD,67.07
11/03/2013 08:58,LWKLJPIN95167746,Centipedes,LWGE44,SUOX82,242880.0,USD,800,24/07/2015,303.6,USD,278.74
11/03/2013 08:58,IFJYBGYU76128133,Stocks,OPZI26,BPLN25,7138200.0,USD,60000,29/04/2015,118.97,USD,111.12
11/03/2013 08:58,VBBOGTXA11254864,Pym Particles,UFAY59,FORM54,79500.0,USD,6000,06/08/2018,13.25,USD,13.03
11/03/2013 08:58,AUXBSDXZ69565253,Stocks,PBFW95,THJF58,51060.0,USD,2000,16/05/2014,25.53,USD,23.56
11/03/2013 08:59,THWSCDUC36511968,Stocks,MRAH32,LKPN86,26795.0,USD,500,06/11/2015,53.59,USD,52.43
11/03/2013 08:59,BICAEDJS93096684,Stocks,CUVZ50,LWGE44,66668.64,AMD,600,06/03/2015,101.09,TZS,113.32
11/03/2013 08:59,IKIZCXGX53278780,Azath Houses,QODV38,TFLS35,15152400.0,USD,90000,07/09/2015,168.36,USD,171.96
11/03/2013 08:59,TXTXZJIS36266621,Stocks,VTKE98,VGYT30,2915200.0,USD,20000,14/07/2018,145.76,USD,139.8
11/03/2013 08:59,HAKQNHVF90847581,Stocks,QCRG59,EKXA24,1366340.04,NZD,8000,22/03/2014,335.38,LAK,154.97
11/03/2013 08:59,BAHWXFTI46834784,Rapids,VIMV38,KEVJ11,398722.84,SHP,700,03/11/2015,162.6,USD,515.72
11/03/2013 08:59,NQQSUCEH99435700,Black Sludges,RNZB01,HFLM11,290056.0,USD,800,14/07/2018,362.57,USD,338.93
11/03/2013 08:59,XTIOGWOM37873783,Veritaserums,KRRO64,AWYB85,3356920.0,USD,7000,30/10/2016,479.56,USD,567.47
11/03/2013 08:59,HTPAOXEU95154994,LiDAR Mark-Trackers,UIKN63,RNZB01,318310.0,USD,1000,15/07/2017,318.31,USD,337.92
11/03/2013 08:59,MFSXJNEH42184463,Stocks,ORQH73,JVHD93,3205.0,USD,500,16/12/2015,6.41,USD,5.77
11/03/2013 09:00,VONBKPAW43677665,Stocks,AWYB85,IJPI82,710960.0,USD,8000,24/10/2015,427.07,ZMK,77.51
11/03/2013 09:00,VAJSERVO01734978,Stocks,PIFN94,MFZY76,14345.0,USD,100,28/04/2018,143.45,USD,122.95
11/03/2013 09:00,CEYONUTZ84808767,Stocks,KTLA69,MKHA46,48694837.8,IQD,20000,15/04/2015,204.06,USD,2885.16
11/03/2013 09:00,MZHPNVDH67610420,Stocks,SXTM39,JZTC69,1774364.25,NIO,5000,18/05/2017,217.38,USD,406.84
11/03/2013 09:00,NGUKWSND77359487,Stocks,WVHK10,VVBY18,129314.25,PKR,300,07/04/2014,43.02,USD,484.13
11/03/2013 09:00,EMJAOIKP19318899,Fire Flowers,YSSR29,TQSJ85,3464820.0,USD,9000,26/07/2016,384.98,USD,444.0
11/03/2013 09:00,LPGEGUIV13215495,Map-o-matics,VIMV38,KKGI60,477054.0,USD,900,26/01/2016,530.06,USD,551.44
11/03/2013 09:00,THIDYGCL60510946,Stocks,UACN81,CAVR54,3076971.43,PYG,3000,17/03/2014,141.93,USD,949.54
11/03/2013 09:01,FRXQRWWD00753775,Simarils,LKPN86,TVQQ54,82080.9,RON,500,23/01/2015,109.58,USD,145.46
11/03/2013 09:01,OQXULWSW78493151,Stocks,DGTY64,OPET16,4221.0,USD,700,17/06/2015,6.03,USD,5.14
11/03/2013 09:01,QAISILNC45483072,Joy Cans,AHMZ79,ZEHM52,22938.61,BGN,700,30/10/2016,33813.49,AUD,37.9
11/03/2013 09:01,KCWTHPBR78314631,Stocks,FYYD57,HSWX88,79774.46,ILS,500,05/09/2016,93.81,CZK,166.1
11/03/2013 09:01,BOUXNCZX89944044,Teeth of the Dragon,JCWS17,HWJF09,852791.28,GMD,200,26/06/2018,500.87,USD,3663.42
11/03/2013 09:01,ROZIHNVU86523575,Felix Felicis,UIKN63,ISWT83,17793171.37,KYD,6000,12/04/2015,397.13,USD,2492.87
11/03/2013 09:01,UKEMKLZT93356422,Aether Tanks,HNLV68,TVQQ54,189420.0,USD,7000,01/05/2015,158.71,TND,29.51
11/03/2013 09:02,XNAHNTAB17890086,Stocks,FGVK43,SFZS08,641823.76,TND,700,19/10/2018,156.33,USD,902.44
11/03/2013 09:02,SMYCEEHK10314057,Stocks,SRYE59,JVHD93,25640.0,USD,4000,25/02/2018,6.41,USD,7.43
11/03/2013 09:03,FZBONADI96041265,Stocks,VXSM31,MSHS03,8901600.0,USD,80000,31/05/2016,111.27,USD,129.86
11/03/2013 09:03,MSDLSEFQ69459393,Cranium Inflolinks,DOGG07,ZVEN26,49079.56,WST,100,06/08/2014,166.0,USD,567.71
11/03/2013 09:03,NXXVZBLD16635182,Rings of Fire Resistance,WWNS72,DBCS17,50871039.28,AZN,20000,18/10/2014,358.04,USD,2125.7
11/03/2013 09:03,GEJCMSJP89734533,Psychic Seeds,KKGY69,SZRJ90,729320.0,USD,4000,20/02/2014,182.33,USD,151.86
11/03/2013 09:03,TVMFIKFC46173989,Choice Specs,VVXA11,SXHU74,4280208.74,MDL,4000,20/03/2017,141.22,USD,1210.18
11/03/2013 09:03,PIZXSGTG72377147,Stocks,KKGI60,DOGG07,317309.55,TZS,900,02/10/2017,35.12,USD,355.15
11/03/2013 09:03,ODYTCBUM67104990,Digi-eggs,VGYT30,BBAX06,243620.0,USD,2000,06/12/2016,121.81,USD,137.21
11/03/2013 09:04,QEVLOUMD40199166,Moranth Smokers,MHFC34,IIZF28,47695.0,USD,500,27/12/2017,95.39,USD,113.78
11/03/2013 09:04,BSDSYKNI36847725,Cainhurt Summons,VLJL11,KEVJ11,390028.5,MAD,500,31/08/2014,300.6,USD,710.95
11/03/2013 09:04,ZGHRULLW42707232,Alchemy Smocks,OQXV70,GSTD71,4046200.0,USD,10000,29/10/2014,404.62,USD,345.67
11/03/2013 09:04,GUUEUQZC16036734,DigiBytes,SBUT62,PBFW95,152544.0,USD,600,17/08/2016,254.24,USD,287.5
11/03/2013 09:04,AARREFUO01795090,Amulets of Strangulation,DNIL23,ERHJ34,17439.84,PEN,800,03/03/2018,99.0,USD,24.3
11/03/2013 09:05,DTHCMHEX95234166,DigiBytes,KTLA69,PBFW95,76272.0,USD,300,22/10/2018,2805.34,AMD,237.01
11/03/2013 09:05,EPFNKURN71330505,Wise Glasses,RNZB01,AYIH50,940800.0,USD,4000,14/01/2014,235.2,USD,205.99
11/03/2013 09:05,VCVOUJGX62564663,Stocks,BBJG05,DOGG07,2999.25,MNT,500,26/03/2017,35.12,USD,5.14
11/03/2013 09:06,HMNNWAIY92316300,Millennium Rods,QLMY86,TYAE14,59120.0,USD,200,10/02/2014,295.6,USD,272.26
11/03/2013 09:07,TSAPFRGX51385081,Mana Ore,OUNH49,JCWS17,234753.56,ZMK,500,31/12/2017,97.7,USD,444.33
11/03/2013 09:07,FLFYQKTI76012982,Light Curtains,HXDA52,YLGZ72,308772.0,USD,600,25/08/2017,514.62,USD,453.18
11/03/2013 09:08,GVMYJFVU16428885,Gauntlets of FUmbling,ORQH73,NQJL85,29880.0,USD,200,23/06/2016,149.4,USD,164.6
11/03/2013 09:09,TAQFMVSZ91303942,Stocks,PQSW95,FYYD57,13963.0,USD,100,20/06/2014,139.63,USD,128.45
11/03/2013 09:09,TOQCJGKG70762995,Stocks,CVMG22,XHYN07,515423.96,ARS,900,19/06/2017,30.41,USD,632.98
11/03/2013 09:09,ABVTTDJW60502492,Nitro Powder Blocks,GGLV00,LWGE44,210672.0,USD,900,15/09/2014,234.08,USD,213.08
11/03/2013 09:09,RSFHUVYP60428813,Stocks,AMRO66,KTLA69,24550.0,USD,200,23/03/2017,122.75,USD,107.34
11/03/2013 09:09,VGBBCEFV23340803,Monster Cells,TFLS35,AGBH66,54555.0,USD,300,16/04/2017,181.85,USD,165.33
11/03/2013 09:09,XXZYAGWC87926333,Mermaid Coins,SFZS08,FAWI50,12778200.0,USD,90000,02/05/2015,141.98,USD,170.01
11/03/2013 09:09,UUDWRAAS19322126,Gonnes,AMRO66,NCYN50,318552.67,GYD,900,14/03/2018,85.19,USD,342.73
11/03/2013 09:10,DCRQCPQN00738909,Stocks,HWJF09,VESX21,57644.0,USD,400,15/02/2015,144.11,USD,158.53
11/03/2013 09:10,FZOMCECD70304270,Stocks,SAAM06,SXHU74,584760.0,USD,6000,22/01/2016,97.46,USD,104.98
11/03/2013 09:10,QLHRUKID51976927,Scope Lens,LBKT00,UACN81,3177702.45,DOP,30000,25/07/2015,14.43,USD,108.73
11/03/2013 09:10,DWTKUWVK26421165,Stocks,RJUD59,YTAI13,1007793540.95,HRK,70000,14/04/2018,133.55,USD,15125.64
11/03/2013 09:10,DZQXUTNG25162020,Stocks,CVMG22,ZELV96,30311.5,TOP,200,31/12/2015,15.94,USD,145.27
11/03/2013 09:11,SHJMOCWP64318001,Stocks,QXFF29,OPET16,180900.0,USD,30000,22/11/2014,6.03,USD,6.98
11/03/2013 09:11,FERUCJYT46692588,Rapids,AGBH66,KEVJ11,13008000.0,USD,80000,31/08/2014,162.6,USD,141.87
11/03/2013 09:12,WKGJHVJT94809501,Stocks,KEVJ11,BDBU00,1220400.0,USD,10000,25/05/2015,122.04,USD,128.93
11/03/2013 09:12,YTYKAWEN27531247,Stations,JVHD93,YFAM59,8593500.0,USD,30000,23/10/2016,286.45,USD,293.77
11/03/2013 09:13,TQELHCYA43921792,Rings of Slow Digestion,PBFW95,XHYN07,1206990.0,USD,3000,15/07/2015,402.33,USD,356.5
11/03/2013 09:13,RKAHCNFC80353103,Wands of Watoomb,RLZK87,VKMV12,3331140.0,USD,6000,15/11/2014,555.19,USD,504.98
11/03/2013 09:13,OFICOOLR09806418,Stocks,XHYN07,LKPN86,53590.0,USD,1000,09/02/2014,53.59,USD,63.86
11/03/2013 09:13,DHGFZNTF74315755,Ambrosia,HXDA52,FGVK43,38178.0,USD,700,02/09/2014,54.54,USD,48.54
11/03/2013 09:13,SABJRMPX36863269,Stocks,ZDAI73,HXDA52,3087065.1,LSL,7000,24/10/2015,226.74,USD,443.0
11/03/2013 09:14,LZTRIOEO74768651,Oo-Rays,IJPI82,SFEO61,11780000.0,USD,40000,25/01/2016,294.5,USD,305.93
11/03/2013 09:14,BYEJQXWW15580777,Samehadas,MSHS03,ZMLP81,178896.0,USD,600,13/05/2016,298.16,USD,317.42
11/03/2013 09:14,KZIFSVVD22802540,Stocks,SUOX82,RNZB01,2884.0,USD,400,23/10/2017,7.21,USD,6.84
11/03/2013 09:15,LWTHKQKU85736825,Misty Seeds,SXHU74,TQSJ85,2418817.85,TMM,3000,28/05/2016,212.72,USD,871.69
11/03/2013 09:15,WPAEGFIB92481533,Mjolnirs,KTLA69,FORM54,66669.0,USD,100,06/08/2014,666.69,USD,797.26
11/03/2013 09:15,GQMILKEA71785334,Cockatrice Claws,ZBIO05,PBFW95,567.74,MNT,600,21/12/2014,5.54,USD,0.9
11/03/2013 09:15,QGHTIJIC73645513,Stocks,BBAX06,BMRZ75,42905746.98,CAD,9000,07/01/2017,1126.63,SZL,5353.29
11/03/2013 09:15,TJGVKKGG50773063,Monol Disks,LKPN86,IZLM67,3951803.04,VEB,30000,11/03/2017,102.32,USD,120.82
11/03/2013 09:15,KRIYKNIA33962919,Pym Particles,HWHS51,FORM54,92750.0,USD,7000,14/10/2018,90.6,CNY,14.29
11/03/2013 09:15,XHOQGPFZ66547471,Lasan Nuts,QOKP03,VTKE98,1148350.0,USD,7000,12/02/2014,164.05,USD,166.03
11/03/2013 09:15,SQXCILUS40796932,Noisy Crickets,OCQF34,MSHS03,84822.0,USD,600,26/03/2017,141.37,USD,121.36
11/03/2013 09:16,HOWJBYQI59737690,Potions of Booze,AMBT33,YWMD69,46616.0,USD,800,09/07/2018,58.27,USD,60.27
11/03/2013 09:16,GCURMABT08552081,Stocks,AGBH66,HSWX88,1864445.25,SOS,30000,26/09/2018,20.95,USD,56.26
11/03/2013 09:16,UYIPOYHO21364901,Magic Beans,YTAI13,MYXF05,1370700.0,USD,9000,23/12/2018,152.3,USD,134.73
11/03/2013 09:16,XAIVKXTS65692633,Potions of Oil,QHXJ50,TKVF94,6556.0,USD,200,18/01/2016,32.78,USD,31.24
11/03/2013 09:16,OCZAQBSL15067634,Stocks,BBJG05,ESPL27,1371859.54,MKD,6000,30/12/2018,54.82,USD,216.41
11/03/2013 09:16,RRCMFRXI10618851,Stocks,YTAI13,EPZN28,156240.0,USD,4000,29/03/2015,39.06,USD,41.96
11/03/2013 09:16,YHASUBKI18733658,Stocks,KRXZ15,VESX21,6795579.11,TTD,9000,24/01/2015,144.11,USD,654.07
11/03/2013 09:16,SLSLSZOC89668823,Stocks,VKMV12,MRAH32,22444.0,USD,200,17/05/2015,112.22,USD,125.2
11/03/2013 09:16,ALVPHLYR60744430,Holy Grails,MRAH32,RLZK87,20415500.0,USD,50000,28/02/2018,408.31,USD,420.4
11/03/2013 09:16,HUUCFHWL06810110,Bombchus,UACN81,OPET16,305160.0,USD,600,01/02/2017,508.6,USD,449.82
11/03/2013 09:16,QZSCYQTL53176686,Stocks,TGZI54,UHOG52,26550.0,USD,1000,08/10/2017,26.55,USD,29.94
11/03/2013 09:16,CNSUSTES67364221,Stocks,LBKT00,CMZC67,52157.0,USD,700,27/02/2017,74.51,USD,79.47
11/03/2013 09:17,GARULSJL75058676,Stations,CQPJ57,YFAM59,114580.0,USD,400,07/12/2015,286.45,USD,275.07
11/03/2013 09:17,OARDEFMI44379413,Red Curtains,CAVR54,ZELV96,289506.0,USD,700,01/03/2016,413.58,USD,374.26
11/03/2013 09:17,PNUNNBBS15589822,Stocks,ERHJ34,RDBE21,1734300.0,USD,90000,15/09/2017,19.27,USD,16.91
11/03/2013 09:17,LWPJRONF99166242,Stocks,PJKH65,EWUY52,1421440.0,USD,8000,16/04/2017,177.68,USD,189.67
11/03/2013 09:18,CJCJIRIG28164590,Stocks,ISWT83,VIMV38,4804868.28,VND,4000,22/04/2016,195.89,USD,1011.86
11/03/2013 09:18,MEMWTEST35098305,Doors of Durin,FYYD57,ZSXF19,7931.0,USD,100,28/08/2017,79.31,USD,74.94
11/03/2013 09:18,YNONJUQK46721810,Stocks,KEVJ11,QAZT26,199710.0,USD,700,25/11/2015,285.3,USD,270.35
11/03/2013 09:19,AJWLHMKV89049147,Stocks,MFZY76,TGZI54,30039.0,USD,100,06/02/2016,300.39,USD,330.94
11/03/2013 09:19,PUQTYJUG18495426,Turbo Ethers,MRAH32,VPTI00,164000.0,USD,4000,01/01/2018,306.16,KYD,39.03
11/03/2013 09:19,OKZBTFIB95428533,Stocks,HWJF09,QLCE04,25275.0,USD,300,04/12/2015,126.21,RON,94.79
11/03/2013 09:20,RPFZTYKG81747055,Electric Seeds,TRFG21,EIWJ22,30012.0,USD,100,25/12/2015,300.12,USD,257.68
11/03/2013 09:20,TTKEPVNK13688836,Stocks,UEVD88,RJUD59,5128.0,USD,400,29/01/2017,12.82,USD,11.61
11/03/2013 09:20,KXXETENI61901211,Stocks,PBFW95,HXDA52,90696.0,USD,400,04/10/2018,226.74,USD,216.74
11/03/2013 09:20,RFJZGUTP05824156,Stocks,ZXVX98,HWJF09,534990.0,USD,3000,06/05/2018,178.33,USD,197.17
11/03/2013 09:21,JIFUSMGD10801407,Stocks,CBOX52,MSHS03,44508.0,USD,400,14/07/2015,40.14,BND,115.86
11/03/2013 09:21,RKAQTXHA34569006,Treasure Mappers,EIWJ22,EMNK67,1455000.0,USD,10000,09/05/2016,145.5,USD,124.46
11/03/2013 09:21,OZVQZEGM30193746,Water Walking Boots,SMYT95,BMRZ75,11021969.53,RWF,6000,01/10/2018,274.42,USD,1719.76
11/03/2013 09:21,XEYCUDXP05569344,Air Balloons,LKPN86,ITTS26,40968.0,USD,600,04/06/2014,68.28,USD,61.21
11/03/2013 09:21,MJWWDXYU83393981,Amulets of Restful Sleep,ZFHD93,VGYT30,997200.0,USD,90000,20/08/2018,11.08,USD,12.31
11/03/2013 09:21,TMRZFYXV31474219,Stocks,QXFF29,YSSR29,517200.0,USD,10000,25/02/2017,51.72,USD,61.6
11/03/2013 09:22,WQPJUHYB60344972,Stocks,WHPS18,UFAY59,11688.0,USD,100,13/09/2016,116.88,USD,136.91
11/03/2013 09:22,UTTSYLVU16702610,Stocks,DJNE62,QODV38,94560.0,USD,800,25/12/2018,118.2,USD,98.49
11/03/2013 09:22,XPYXXMAR30470136,Water Tablets,YWMD69,CVMG22,67589.0,MOP,1000,03/03/2015,75.51,USD,61.22
11/03/2013 09:22,YFDYUAPI61689558,Tarkartan Blades,FJOI82,WHPS18,1436768.66,AUD,100,19/09/2017,153.18,USD,15600.94
11/03/2013 09:22,UWYYBDZK34309340,Stocks,LWGE44,GSTD71,6336400.0,USD,70000,20/01/2017,90.52,USD,78.07
11/03/2013 09:22,HFRHQLLF37789407,Stocks,HWHS51,CMZC67,149020.0,USD,2000,17/03/2017,74.51,USD,78.69
11/03/2013 09:23,IMLCWGCG29760762,Spears of Destiny,WYFO79,YLGZ72,13129966.02,PHP,9000,06/06/2014,25.27,USD,1332.22
11/03/2013 09:23,VYIKKRAB13278783,Rocky Helmets,FGQR22,AHMZ79,47784.0,USD,200,21/05/2014,238.92,USD,252.5
11/03/2013 09:23,IYJRKPNU02785854,Stocks,UIKN63,FYYD57,12566700.0,USD,90000,18/05/2017,139.63,USD,126.15
11/03/2013 09:23,CPEKHQPJ11461968,Earth Harps,AWYB85,JCWS17,114254.0,USD,700,05/05/2018,163.22,USD,133.52
11/03/2013 09:23,HRRDYQGW79914588,Gauntlets,DJNE62,YWMD69,2837200.0,USD,8000,21/09/2016,354.65,USD,303.15
11/03/2013 09:23,BGQRGNSW93621996,Stocks,ZFHD93,OCQF34,55904.0,USD,400,01/01/2016,139.76,USD,152.83
11/03/2013 09:24,PWFHEQBM61510181,Light Curtains,HPTP65,YLGZ72,360234.0,USD,700,30/01/2014,514.62,USD,573.44
11/03/2013 09:24,VOUYRUCM17895326,Stocks,HSWX88,IIZF28,2153200.0,USD,20000,09/08/2015,107.66,USD,95.25
11/03/2013 09:25,FSYUZKCA59998871,Stocks,THJF58,UIKN63,145510.0,USD,1000,24/10/2015,1932.1,AFN,156.34
11/03/2013 09:25,BGHLTTQG45214931,Stocks,AMRO66,FJOI82,36152.0,USD,400,16/03/2014,90.38,USD,81.14
11/03/2013 09:25,JBFNFAOO43642526,Moranth Melters,QODV38,VVXA11,1470770.0,USD,7000,17/08/2014,210.11,USD,189.19
11/03/2013 09:26,XOSLNQKZ32929165,Hexagonal Crystals,RJUD59,BBJG05,1324050.0,USD,5000,19/07/2018,264.81,USD,292.14
11/03/2013 09:26,JFZEJEAO00054719,Elven Ropes,MHFC34,JZTC69,11031.0,USD,300,01/10/2015,36.77,USD,31.9
11/03/2013 09:26,KFVROCAV97680264,Rings of Regeneration,FGVK43,GZED20,432497.15,HUF,900,18/04/2014,141.26,USD,517.24
11/03/2013 09:26,ABPLUNAC24539061,Stocks,GIWG34,ZDAI73,3346400.0,USD,20000,26/03/2018,167.32,USD,152.47
11/03/2013 09:26,XXDJCMPK80062418,Night Dust,JVHD93,QLMY86,341010.45,SCR,300,04/03/2016,253.83,USD,1237.14
11/03/2013 09:26,BOBBELPK61287397,Touchstones,CMOI26,ZFHD93,1457375.29,BSD,1000,08/06/2015,191.77,USD,1697.24
11/03/2013 09:26,QPOQRDME43936331,Pym Particles,AYIH50,FORM54,22537.59,HUF,500,21/10/2014,13.25,USD,38.79
11/03/2013 09:26,DANQMMXW20100683,Moranth Flamers,BBAX06,ERHJ34,278061.0,USD,700,28/01/2014,397.23,USD,435.41
11/03/2013 09:26,KIZSYLDC99806109,Stocks,WVEI17,NXTO39,42201.0,USD,300,03/06/2018,288.04,HNL,117.93
11/03/2013 09:27,GRRORLUP04117394,Stocks,GBEZ65,BBAX06,2236500.0,USD,70000,14/07/2017,31.95,USD,32.76
11/03/2013 09:27,SVGPGEPZ10997590,Lead Elixirs,HYSJ42,NGBA40,362790.0,USD,3000,27/03/2016,120.93,USD,131.19
11/03/2013 09:27,FGPYKCQE73466610,Moranth Flamers,NXTO39,ERHJ34,317784.0,USD,800,16/03/2015,397.23,USD,412.95
11/03/2013 09:27,UDVIIGCC66458518,Stocks,LIJW00,QHXJ50,7419600.0,USD,90000,18/10/2017,82.44,USD,100.62
11/03/2013 09:28,GBAKBYMT02442219,Potora Earrings,SXTM39,RQGG65,2979.0,USD,300,28/03/2016,9.93,USD,11.7
11/03/2013 09:28,LBOYULZI86646812,Dark Planet Cola,DVVB31,HWHS51,70580.0,USD,1000,04/04/2015,70.58,USD,62.52
11/03/2013 09:29,BPAADDXJ47910151,Stocks,YOQG45,FORM54,4941.0,USD,300,04/06/2018,16.47,USD,14.86
11/03/2013 09:29,TXJTBZIJ13277531,Stocks,UFAY59,VIMV38,278324.43,AZN,200,07/09/2015,195.89,USD,1131.74
11/03/2013 09:29,RFARCDIF47700372,Doors of Durin,GBEZ65,ZSXF19,71379.0,USD,900,28/06/2018,79.31,USD,85.49
11/03/2013 09:29,LAZPFPKO07993649,Stocks,HFLM11,EWUY52,2041116.77,SVC,3000,25/06/2014,44.19,KRW,775.85
11/03/2013 09:29,AJLBLCPH17249608,Scent Charms,UACN81,BPLN25,9744.0,USD,400,04/11/2018,24.36,USD,20.72
11/03/2013 09:30,THTZVWSL09431771,Horcuxes,MFJJ99,LBKT00,38286.0,USD,200,28/10/2018,191.43,USD,178.39
11/03/2013 09:30,JFEJORKG84613266,Scrolls of Blank Paper,MEOQ86,EPZN28,1243320.0,USD,4000,08/08/2017,310.83,USD,369.08
11/03/2013 09:30,VEVKDUDG80795579,Stocks,ZMLP81,CUVZ50,26586.0,USD,300,27/06/2014,88.62,USD,96.97
11/03/2013 09:30,ZWFOYRVL59822321,Dark Planet Cola,NCXS33,HWHS51,35290.0,USD,500,18/05/2014,70.58,USD,70.71
11/03/2013 09:30,OFRGECFN10035311,Stocks,VIMV38,YCZA59,708600.0,USD,6000,08/03/2016,118.1,USD,107.28
11/03/2013 09:30,WEPXFYQI11968925,Rings of Poison Resistance,MEOQ86,KTLA69,321199.4,VND,200,27/06/2016,261.9,USD,1730.36
11/03/2013 09:31,SEGKVOBV13883764,Stocks,GYWU23,NCCX02,36776944.0,TOP,20000,08/05/2016,876.57,GEL,1619.15
11/03/2013 09:31,KGSIDEAH91052871,Z-crystals,SXHU74,QBAP68,153307.0,USD,700,08/02/2016,219.01,USD,202.43
11/03/2013 09:31,ZASPDXAI10805609,Daenarians,PQSW95,BBAX06,275300.0,USD,5000,04/08/2018,55.06,USD,62.91
11/03/2013 09:32,IUROGLFB29841970,Gantz Balls,KEVJ11,TBVE46,4513780.95,HKD,3000,17/08/2018,334.54,USD,1222.03
11/03/2013 09:32,HHESBBMF34875778,Holy Rings,YFAM59,WYFO79,134480.0,USD,4000,07/01/2017,33.62,USD,30.03
11/03/2013 09:32,IGQDQQDD02100352,Stocks,FYYD57,HWHS51,95435.0,USD,500,22/04/2015,190.87,USD,211.76
11/03/2013 09:32,IKXWIDVM88577870,Vestiges,FTFI87,SZRJ90,192980.0,USD,400,24/05/2014,482.45,USD,420.8
11/03/2013 09:33,GTQMXTEE38070032,Vestiges,BMRZ75,SZRJ90,19298000.0,USD,40000,24/07/2017,482.45,USD,487.28
11/03/2013 09:33,OIRHTYIQ57890321,Turbo Ethers,HFLM11,VPTI00,4100.0,USD,100,26/07/2014,41.0,USD,45.96
11/03/2013 09:33,EELIPZIW96845332,Horcuxes,VCSF07,LBKT00,134001.0,USD,700,01/05/2016,191.43,USD,195.12
11/03/2013 09:33,ERTYHVWK54564027,Koins,LIIS96,IZLM67,33336.0,USD,300,19/12/2018,111.12,USD,97.82
11/03/2013 09:33,VWZHFRLM87128030,Amulets Versus Poison,IJPI82,PJKH65,1962000.0,USD,30000,14/08/2015,65.4,USD,54.07
11/03/2013 09:34,FEASTIEG31322310,Unity Stones,JXGF57,SMYT95,43672.0,USD,200,24/02/2014,218.36,USD,251.96
11/03/2013 09:34,XUATOXAL44538923,Elder Wands,ZDAI73,LKPN86,161015.0,USD,500,02/11/2014,322.03,USD,369.78
11/03/2013 09:35,GZYBESEE03842390,Stocks,FAWI50,IJPI82,8887.0,USD,100,28/07/2015,88.87,USD,78.93
11/03/2013 09:35,CFSOXFDK25135939,Stocks,NCYN50,KKGI60,1415970.0,USD,9000,25/02/2016,157.33,USD,173.02
11/03/2013 09:35,PLSMUBAK77590636,Drums of Earthquake,NFAH30,DDIB11,34698.0,USD,300,11/05/2016,115.66,USD,135.28
11/03/2013 09:35,APGEIHTJ89643506,Stocks,GIWG34,LAUA80,1250760.0,USD,7000,09/09/2015,178.68,USD,157.92
11/03/2013 09:36,ZAWBISNU37195936,Pixie Disks,HWJF09,UFAY59,33456500.0,USD,70000,01/08/2018,477.95,USD,519.29
11/03/2013 09:36,RCJUQSIO34413064,Stocks,EDYH00,HHFP66,102996.0,USD,600,21/10/2017,171.66,USD,160.55
11/03/2013 09:36,IMSGRNVX26108152,Golden Fleeces,UIKN63,SWGF93,1070153.3,TMM,2000,08/07/2014,141.17,USD,429.95
11/03/2013 09:36,QUMKKDFH69881075,Stocks,UFAY59,BBAX06,10371.93,BND,900,06/11/2016,31.95,USD,9.71
11/03/2013 09:37,OZAUFIUP60533793,Stocks,SWGF93,DDIB11,105480.0,USD,6000,03/12/2016,17.58,USD,15.14
11/03/2013 09:37,LUBNQGJC31593019,Stocks,KKGY69,KUWI70,1202.0,USD,100,29/07/2016,12.02,USD,9.82
11/03/2013 09:37,FNELHNWI75850245,Slurm,VXSM31,TRFG21,3099800.0,USD,20000,02/02/2015,154.99,USD,148.79
11/03/2013 09:37,JKGCUBOM01313323,Stocks,HWHS51,MFZY76,14345.0,USD,100,03/11/2014,143.45,USD,136.04
11/03/2013 09:38,UZDJRNBX61238464,Rings of Sustain Ability,YFAM59,HNLV68,93443230.44,SAR,70000,22/12/2018,198.36,USD,1472.7
11/03/2013 09:38,AZYXFHFZ73054804,Radioactive Spiders,GSTD71,RJCA92,215076.0,USD,600,11/08/2017,4276.97,IQD,315.44
11/03/2013 09:38,RJKVBYFJ45478137,Stocks,SXTM39,OKYS51,64100.0,USD,5000,02/12/2015,12.82,USD,11.25
11/03/2013 09:38,BRNCYCCS60181024,Carpenters,RQGG65,FGVK43,202504.0,USD,800,20/04/2017,969.01,XAF,224.99
11/03/2013 09:38,VRWQBVMM74855258,Frost Horns,UHOG52,BBJG05,3313500.0,USD,10000,10/12/2018,331.35,USD,318.57
11/03/2013 09:38,PLHPSGAX16552013,Bold Hunter's Marks,CVMG22,MFJJ99,59220.0,USD,700,29/11/2017,84.6,USD,90.1
11/03/2013 09:38,YIREORVB91309227,Stocks,VESX21,MFZY76,86070.0,USD,600,17/12/2014,143.45,USD,163.91
11/03/2013 09:38,DEGXOAAB07778943,Nails of Helena,RDBE21,JVHD93,1287240.0,USD,3000,21/06/2018,429.08,USD,471.99
11/03/2013 09:39,RNFESAKT53930155,Stocks,HHOA99,DJNE62,425281.71,GIP,600,20/09/2018,102.44,USD,661.34
11/03/2013 09:39,ZDYNQESQ70656208,Rings of Warning,PBFW95,HNLV68,1098001.86,BZD,900,21/02/2017,199.35,USD,1135.43
11/03/2013 09:39,FFBINCKL78417692,Bablefish,IZTD25,TFLS35,446390.62,NOK,3000,07/08/2018,128.24,USD,156.98
11/03/2013 09:40,LPRVSVWF47377658,Expert Belts,EDYH00,HXDA52,191262.0,USD,600,30/06/2018,318.77,USD,355.36
11/03/2013 09:40,SZHBDQBR69281179,Nanotech Crates,FTFI87,EDYH00,3675980.0,USD,7000,19/02/2018,525.14,USD,512.41
11/03/2013 09:40,XHMQIBRN79009854,Damp Rocks,RFZG50,YLGZ72,47412450.24,ARS,60000,25/11/2015,41.96,USD,898.77
11/03/2013 09:40,QLNASCLC02252634,Ultra Nanotech,DOGG07,KKGY69,36660399.3,CLP,90000,17/04/2017,56.05,USD,346.72
11/03/2013 09:40,SHZHQRUR56368540,Phials of Galadriel,QOKP03,WIZJ73,21298.0,USD,100,11/04/2015,212.98,USD,188.84
11/03/2013 09:40,SDPQYKAY83529584,Palantiris,VLJL11,GIWG34,852720.0,USD,2000,07/08/2015,4539.24,BRL,393.59
11/03/2013 09:40,YTOWZLMJ81855490,Stocks,MFZY76,INIL60,233800.0,USD,5000,02/03/2017,46.76,USD,40.79
11/03/2013 09:41,HCEQOHQS83675321,Stocks,CQPJ57,THJF58,22977.0,USD,900,23/03/2016,25.53,USD,27.6
11/03/2013 09:41,RJFIRZMA01108837,Fire Papers,MKHA46,HHFP66,79472.0,USD,400,15/01/2015,198.68,USD,210.99
11/03/2013 09:41,AWFINKRH07117163,Titan Horns,FJOI82,MRAH32,833340.0,USD,3000,18/03/2016,277.78,USD,321.3
11/03/2013 09:41,YUZTZTDG84196933,Stocks,HWJF09,OPZI26,31221.0,USD,900,14/09/2017,34.69,USD,33.24
11/03/2013 09:41,DIHZTQAY08936653,Stocks,OKYS51,AHMZ79,231522.27,GMD,200,12/05/2016,135.98,USD,1062.81
11/03/2013 09:42,ISUCKCBT30962796,Smoke Balls,RJUD59,QODV38,129558.0,USD,200,01/01/2017,647.79,USD,598.52
11/03/2013 09:42,UQFEGVDX77220189,Stocks,RLZK87,INIL60,1862651.87,AFN,3000,17/05/2016,46.76,USD,603.04
11/03/2013 09:42,YQEQZRJH65108906,DigiBytes,BBJG05,PBFW95,1492998.98,DOP,800,15/11/2017,254.24,USD,1710.44
11/03/2013 09:43,HBYKUTYM97012289,Barrier Tags,QLMY86,TBVE46,2079006.6,KGS,800,24/04/2016,309.1,USD,2305.29
11/03/2013 09:43,KRSSBNWA10126278,Dragon Medallions,OPZI26,RNZB01,116188.0,USD,400,19/09/2014,290.47,USD,226.3
11/03/2013 09:43,KPWGLDNG39438303,Stocks,VAHJ53,GYWU23,1146600.0,USD,70000,19/11/2014,16.38,USD,17.73
11/03/2013 09:43,PNGKHVYL34176237,Icy Rocks,DDIB11,MFJJ99,1212228.99,SVC,900,08/09/2016,351.75,USD,1518.26
11/03/2013 09:44,NGDQFYZY55965984,Magic Harps,ZFHD93,LIJW00,222360.0,USD,2000,08/03/2017,111.18,USD,129.72
11/03/2013 09:44,YHGCGWDF71599834,Stocks,AHMZ79,JCWS17,6363291.75,INR,900,28/03/2014,222.95,USD,5954.77
11/03/2013 09:44,RMJKMYIM92085489,Stocks,WWNS72,AGBH66,142248.0,USD,800,15/06/2014,177.81,USD,205.12
11/03/2013 09:44,NHNAWTDO21762134,Stocks,ZSXF19,VVBY18,10209506.4,SOS,80000,11/03/2016,43.02,USD,116.73
11/03/2013 09:44,OENMKMTJ92089208,Stocks,SZRJ90,KTLA69,11047500.0,USD,90000,12/11/2014,122.75,USD,140.7
11/03/2013 09:45,QJMBKUAP47815443,Rings of Hunger,MFZY76,ITTS26,588187.31,VEB,2000,20/05/2018,228.44,USD,348.76
11/03/2013 09:45,EGBZSYSA45874664,Water Tablets,QOKP03,CVMG22,7551.0,USD,100,12/05/2015,75.51,USD,62.6
11/03/2013 09:45,MDJKCBUN13218011,Stocks,QWOA67,GGLV00,1777.0,USD,100,15/07/2018,17.77,USD,18.3
11/03/2013 09:45,MHRJIEOO89262174,Saibamen Seeds,SXHU74,YCZA59,248720.0,USD,1000,27/06/2017,248.72,USD,260.96
11/03/2013 09:46,UIWIXYEK29827880,Nuka-cola,BMRZ75,VKMV12,153585.51,ZAR,900,01/09/2014,35.86,USD,188.03
11/03/2013 09:47,VOCYVKEY10103384,Lucky Cat Paws,YWMD69,SFZS08,508078.51,MKD,600,08/01/2014,203.03,USD,767.65
11/03/2013 09:47,ZSRWCRYN03921703,Stocks,ZNQA84,HPTP65,130277.0,USD,700,10/02/2015,186.11,USD,202.75
11/03/2013 09:47,ZRMIBKMC09403073,Stocks,IJPI82,WHPS18,3668.78,MNT,600,06/04/2017,35.8,USD,6.98
11/03/2013 09:47,HWMWDZOV33381744,Stocks,UWUK72,IZTD25,96338.78,CUC,200,08/05/2016,93.87,USD,519.27
11/03/2013 09:47,GDQMGVXD04316013,Old Hunter Bells,KKGY69,WYFO79,728331.82,TOP,300,26/01/2017,255.34,USD,2595.41
11/03/2013 09:47,GEQNBUSN78934918,Stocks,YOQG45,ZMLP81,273514.44,SDG,800,08/06/2016,38.44,USD,384.7
11/03/2013 09:48,RYBPWPHQ13217222,Stocks,AMRO66,JVHD93,448700.0,USD,70000,01/06/2014,6.41,USD,6.08
11/03/2013 09:48,ADPJWJNX12856810,Millennium Necklaces,LBKT00,ZXVX98,14724600.0,USD,60000,13/10/2018,245.41,USD,276.81
11/03/2013 09:48,TBOERNGA57404914,Sabor de Soledad Chips,TQSJ85,DBCS17,15159.0,USD,100,14/04/2014,151.59,USD,134.86
11/03/2013 09:49,ZZZBWRTM72831093,Stocks,YCZA59,VGYT30,43728.0,USD,300,21/08/2015,145.76,USD,152.66
11/03/2013 09:49,XLXHKEXZ97001359,Stocks,CIXF70,UFAY59,38523.65,JMD,400,28/04/2018,116.88,USD,92.79
11/03/2013 09:49,RSVOGEII07936331,Stocks,XRBV61,FTFI87,5872850.16,RSD,30000,26/05/2014,197.42,USD,169.49
11/03/2013 09:49,BVFNVAVX54452508,Stocks,QLMY86,QODV38,124199713.8,PAB,90000,16/09/2017,118.2,USD,1221.22
11/03/2013 09:49,MHXNPVTC72481978,Nefarious Security Cards,THJF58,AMRO66,1066767.73,LYD,400,03/10/2014,296.41,USD,2752.33
11/03/2013 09:49,BJYQIZZK85623207,Moranth Crackers,RNZB01,KEVJ11,96866.0,USD,700,22/05/2017,138.38,USD,152.69
11/03/2013 09:50,HBEQAIPM77068016,Muscle Bands,SMYT95,EDYH00,451096.26,CNY,200,28/03/2017,329.85,USD,2351.89
11/03/2013 09:50,THJWFKIR35420937,Stocks,QXFF29,MHFC34,278651.81,BWP,800,25/03/2016,111.13,USD,377.69
11/03/2013 09:50,XWGLRMDI03655476,Triforces,OQXV70,SFEO61,45702.0,USD,300,11/04/2018,152.34,USD,136.43
11/03/2013 09:50,SEANQRTJ19156583,Agents,SHXQ48,GSTD71,943080.0,USD,6000,24/12/2017,157.18,USD,128.15
11/03/2013 09:50,VETLONLZ40015659,Stocks,TFLS35,JVHD93,382928.27,KYD,8000,17/04/2015,6.41,USD,43.32
11/03/2013 09:50,QGHQIBEA69562609,Stocks,RJUD59,KKGY69,3351672.3,DOP,4000,10/08/2015,114.15,USD,1027.61
11/03/2013 09:50,YFFPNEWN82612120,Stocks,MRAH32,CIXF70,193320.0,USD,4000,23/03/2016,48.33,USD,51.57
11/03/2013 09:50,JNNSWARJ22401391,Elven Boots,VESX21,RFZG50,557808.68,UYU,2000,30/09/2015,7.15,USD,297.72
11/03/2013 09:51,AHJDAJVL12720377,Stocks,OKYS51,KEVJ11,1009600.0,USD,80000,01/07/2014,12.62,USD,14.46
11/03/2013 09:51,ANOBUORU11637322,Stocks,KKGI60,UEVD88,1944180.0,USD,9000,27/03/2018,216.02,USD,167.77
11/03/2013 09:52,IMDUXBLU21546669,Stocks,WVEI17,ZXVX98,11285100.0,USD,90000,10/10/2018,125.39,USD,109.44
11/03/2013 09:52,LMFJJPKF76401348,Stocks,ZXVX98,TFLS35,1633249.3,SBD,7000,18/07/2014,24.48,USD,243.52
11/03/2013 09:52,KETNGABV39003993,Stocks,ZMLP81,TRFG21,2496.0,USD,800,02/12/2014,3.12,USD,3.44
11/03/2013 09:52,AZGNCZLV00913102,Wonka Bars,SXHU74,AWYB85,1858623.38,BRL,800,16/11/2014,218.22,USD,2275.31
11/03/2013 09:52,TLILIMBQ11388862,Stocks,DREA89,DNIL23,10999658.3,KPW,20000,06/07/2014,29488.49,GNF,512.32
11/03/2013 09:52,LZOFXYMD68571037,Stocks,IJPI82,ZBIO05,14208.0,USD,600,10/01/2015,23.68,USD,21.13
11/03/2013 09:52,KZJTHOOJ74282341,Stocks,ISWT83,OUNH49,661140.0,USD,6000,29/04/2016,110.19,USD,101.98
11/03/2013 09:53,HUEVBPTW79010495,Steel Soul Sake,CVMG22,WHPS18,83349.0,USD,700,13/12/2018,119.07,USD,110.92
11/03/2013 09:53,FEAUZTMI92887101,Stocks,ZELV96,QETH27,192.4,JPY,2000,10/08/2016,2.06,USD,0.11
11/03/2013 09:53,AVTNFVEL39804319,Magic Harps,CQPJ57,LIJW00,555900.0,USD,5000,22/01/2018,111.18,USD,125.86
11/03/2013 09:53,ZSDUPYEP93170000,Stocks,VPTI00,RFZG50,254880.0,USD,4000,07/01/2018,63.72,USD,62.99
11/03/2013 09:54,TYYXSTAJ76139459,Philosopher Stones,PVAZ61,IJPI82,620139.71,IQD,500,15/10/2014,103.95,USD,1408.67
11/03/2013 09:54,UDDGFEWF56850088,Vilyas,FDWI64,IIZF28,356976.0,USD,900,26/03/2014,396.64,USD,446.12
11/03/2013 09:54,UZXPZEFQ63806843,Stocks,MSHS03,DBCS17,4892127.7,FJD,7000,22/09/2015,72.82,USD,689.41
11/03/2013 09:54,DHBIEUHQ28694582,Stocks,HXDA52,FDWI64,111960.0,USD,6000,23/09/2016,18.66,USD,17.27
11/03/2013 09:54,RSXBALTY25882793,Stocks,CMOI26,LIIS96,9293963.36,PAB,5000,23/11/2015,159.21,USD,2120.0
11/03/2013 09:54,ETZPRLKK22726463,Stocks,ZSXF19,PIFN94,181435.0,USD,500,05/09/2014,362.87,USD,349.03
11/03/2013 09:54,JFHAQSYJ13042491,Red Curtains,EKXA24,ZELV96,12407400.0,USD,30000,28/04/2016,413.58,USD,458.91
11/03/2013 09:55,ZETODKEQ51320699,Meow Meow Beans,PJKH65,UEVD88,138115.0,USD,500,21/01/2016,276.23,USD,304.43
11/03/2013 09:55,WUREDRET58490815,Stocks,WIZJ73,ITTS26,1215120.0,USD,6000,19/05/2014,202.52,USD,150.78
11/03/2013 09:55,WFLEFNZE65520281,Stocks,IJPI82,HWHS51,1336090.0,USD,7000,29/09/2015,190.87,USD,179.3
11/03/2013 09:55,CIXXQHVQ42826646,Meat Sticks,FJOI82,SFZS08,780800.0,USD,4000,05/09/2017,556.2,JOD,157.35
11/03/2013 09:55,IORGGYIZ19368942,Stocks,NCCX02,TBVE46,106488.0,USD,600,20/04/2017,177.48,USD,204.25
11/03/2013 09:55,OZVASCUC41426506,Stocks,ZEHM52,OPZI26,17345.0,USD,500,14/01/2017,34.69,USD,31.82
11/03/2013 09:55,MPAROAUC45087616,Stocks,MKHA46,FDWI64,186600.0,USD,10000,05/12/2014,18.66,USD,15.65
11/03/2013 09:56,KHVMHDZM79057225,Zoni Vessels,VESX21,WVEI17,909289.47,CRC,4000,02/05/2018,203.84,USD,255.73
11/03/2013 09:56,TJRJCPLO00728170,Stocks,SBUT62,MSHS03,7642.02,NGN,400,12/11/2018,111.27,USD,21.18
11/03/2013 09:56,LMDBEILX41459720,Koins,FORM54,IZLM67,3333600.0,USD,30000,13/11/2014,111.12,USD,101.52
11/03/2013 09:56,SKNXKNVD83579264,Stocks,CBOX52,ZVEN26,284000.0,USD,8000,05/12/2017,35.5,USD,41.88
11/03/2013 09:57,XGPGOGHN23374598,Stocks,XHYN07,VPTI00,451710.0,USD,9000,28/01/2016,209.33,MKD,48.41
11/03/2013 09:57,LGXOMWOU12026374,Stocks,GSTD71,TKVF94,1067600.0,USD,40000,18/01/2016,26.69,USD,23.68
11/03/2013 09:57,UKAERKVN20540251,Stocks,ESPL27,FYYD57,69815.0,USD,500,09/11/2018,139.63,USD,149.43
11/03/2013 09:57,HLZOKKHK91272439,Stocks,ISWT83,SZRJ90,1034050.0,USD,5000,01/12/2018,206.81,USD,214.83
11/03/2013 09:58,KVWVNGQP04790307,Stocks,AYIH50,MFJJ99,33485.0,USD,500,19/05/2018,66.97,USD,62.24
11/03/2013 09:58,FQCEFFGY92096147,Stocks,WHPS18,VAHJ53,2481604.21,AZN,6000,31/12/2016,58.22,USD,476.07
11/03/2013 09:58,TCEZXLLV78710185,Dragon Scales,OHKH76,KTLA69,773970.0,USD,3000,22/03/2014,257.99,USD,217.69
11/03/2013 09:58,SZGJFRHQ97059796,Tricorders,GZED20,FGQR22,28068.0,USD,200,01/03/2017,140.34,USD,125.57
11/03/2013 09:58,IBMNKGEV85668302,Owls of Athena,EIWJ22,WIZJ73,286296.8,PAB,100,14/08/2016,245.22,USD,3249.4
11/03/2013 09:58,OKUHKJBJ11302315,Stocks,WHPS18,HWHS51,95435.0,USD,500,13/04/2014,190.87,USD,203.41
11/03/2013 09:58,JBQOFFHH74655416,Potions of Oil,LIIS96,TKVF94,9834.0,USD,300,10/01/2016,32.78,USD,35.87
11/03/2013 09:58,SQYOQETD23858241,Stocks,ZDAI73,KRRO64,27201.0,USD,100,22/12/2018,272.01,USD,233.69
11/03/2013 09:58,ZOHGPWOH84987083,Stocks,NCXS33,FAWI50,20362400.0,USD,80000,17/01/2018,254.53,USD,265.04
11/03/2013 09:59,KILUIDLJ73638968,Stocks,NCYN50,YFAM59,71270.0,USD,1000,02/10/2016,373.42,TTD,70.0
11/03/2013 09:59,AAJAWZSC59376606,Stocks,DNIL23,AMBT33,66700.0,USD,5000,02/01/2017,13.34,USD,14.46
11/03/2013 09:59,OENCBHOP41765118,Primordial Flames,MHFC34,HSWX88,2915.0,USD,100,28/08/2014,29.15,USD,28.77
11/03/2013 09:59,SYNFRXSQ72668620,Millennium Rings,SXHU74,NCYN50,87570.0,USD,7000,31/03/2016,12.51,USD,11.84
11/03/2013 10:00,KWIPYDIP96965591,Destiny Knots,ESPL27,XRBV61,1002.42,JPY,900,11/01/2016,14.76,TRY,0.97
11/03/2013 10:00,AJNUBAYM84148845,Stocks,RJUD59,VTKE98,1349800.0,USD,20000,24/04/2018,67.49,USD,62.33
11/03/2013 10:00,XKVPOBDI80858492,Stocks,BBJG05,QLCE04,33700.0,USD,400,28/07/2016,516.63,VND,89.89
11/03/2013 10:00,RRAVAQAB15375891,Valaryian Steel Bars,DNIL23,OPZI26,2129580.0,USD,9000,22/04/2017,236.62,USD,264.45
11/03/2013 10:00,EPOCZAVM10229968,Gauntlets of Power,AHMZ79,NFAH30,14916500.0,USD,50000,02/08/2015,298.33,USD,307.0
11/03/2013 10:00,HABVHDYP10275379,Arrowhead Disks,ORQH73,DJNE62,5153800.0,USD,20000,28/03/2014,257.69,USD,253.72
11/03/2013 10:01,XMJFXHKZ95676397,Qwark Statuettes,ZDAI73,ZSXF19,49320.0,USD,1000,24/06/2018,49.32,USD,46.08
11/03/2013 10:01,RBATOMLH09699990,Unity Stones,SBUT62,SMYT95,10918000.0,USD,50000,20/10/2018,1551.25,AZN,241.69
11/03/2013 10:01,STXKQZYV89553561,Stocks,PQSW95,YLGZ72,12814.0,USD,200,13/10/2014,64.07,USD,72.1
11/03/2013 10:01,ZVPFALDR29667472,Curiel Greens,YOQG45,VPTI00,190355.0,USD,500,23/02/2017,380.71,USD,349.65
11/03/2013 10:01,ZOSPBTKR29572600,Pipboys,MRAH32,DDIB11,17253.0,USD,100,27/04/2017,172.53,USD,144.48
11/03/2013 10:01,ZPAQBUQN46239732,Gold Dust,AGBH66,QBVN33,194305.94,TMM,800,30/10/2016,64.08,USD,224.0
11/03/2013 10:01,ZNOCJJSO47799864,Stocks,UHOG52,UEVD88,4501208.74,KHR,10000,26/10/2015,216.02,USD,496.28
11/03/2013 10:01,YBATWSZA37523515,Namekian Spring Water,PVAZ61,OPET16,471300.0,USD,30000,03/01/2016,15.71,USD,17.72
11/03/2013 10:01,OOENMALV40917002,Stocks,DGTY64,LKPN86,30938525.21,PHP,10000,13/08/2016,53.59,USD,3243.33
11/03/2013 10:02,LUABMGQX45892879,Stocks,RLZK87,QXFF29,12920.0,USD,400,22/01/2016,32.3,USD,27.71
11/03/2013 10:02,KPLFHMWP51437642,Stocks,KKZA87,DVVB31,55681780.0,IDR,50000,05/08/2016,209.33,USD,996.41
11/03/2013 10:02,YXCYVWXT51717981,Stocks,NCYN50,UEVD88,153462.77,AZN,100,27/05/2014,216.02,USD,1631.84
11/03/2013 10:02,HIDZRFNB19144970,Bombchus,SBUT62,OPET16,356020.0,USD,700,17/09/2014,508.6,USD,597.25
11/03/2013 10:02,WEQFOIVB00900707,Stocks,UACN81,QLMY86,90908.0,USD,400,05/04/2018,227.27,USD,209.13
11/03/2013 10:03,ANLODHKJ23624831,Stocks,NCXS33,VESX21,288220.0,USD,2000,26/11/2016,144.11,USD,144.28
11/03/2013 10:03,TWWQRXMP91499502,Shell Bells,IZTD25,TRFG21,28380500.0,USD,50000,16/06/2018,567.61,USD,643.98
11/03/2013 10:03,YTDUNVNW55959267,Stocks,EKXA24,MFJJ99,46879.0,USD,700,29/04/2018,66.97,USD,64.56
11/03/2013 10:03,ZQVWTUZI39484697,Stocks,KKGI60,VESX21,57644.0,USD,400,20/01/2014,144.11,USD,130.47
11/03/2013 10:03,CAEESHDC28520440,Dragon Eggs,IZLM67,YCZA59,2375789.79,KWD,500,23/06/2018,576.76,USD,4517.06
11/03/2013 10:03,IVDEJTSJ92022169,Stocks,BBAX06,DDIB11,31486.48,CZK,400,21/04/2016,17.58,USD,83.63
11/03/2013 10:03,OXBANYIC95846512,Cell Cells,PVAZ61,AGBH66,64980.0,USD,900,03/08/2015,72.2,USD,77.62
11/03/2013 10:04,IFKZHFYF08865426,Stocks,SHXQ48,VLJL11,188419.0,USD,700,19/08/2016,269.17,USD,241.45
11/03/2013 10:04,LEETESTP00949716,Cranium Inflolinks,JZTC69,ZVEN26,132800.0,USD,800,20/09/2014,166.0,USD,154.38
11/03/2013 10:04,IGUSEXYE06734053,Hurtloam,VAHJ53,DVVB31,148615.0,USD,500,01/07/2018,297.23,USD,340.94
11/03/2013 10:04,PZEBXASZ28245232,Stocks,TFLS35,CMZC67,29804.0,USD,400,20/01/2015,74.51,USD,68.14
11/03/2013 10:05,FPSGNUUP30452921,Go-Pods,MKHA46,QOKP03,932371.08,CLP,900,06/05/2014,142.55,USD,1005.35
11/03/2013 10:05,TUOJZFRJ85904251,Golden Apples,WVHK10,NCCX02,57780.0,USD,500,04/08/2018,115.56,USD,125.57
11/03/2013 10:05,MKSIITFI32428950,Spider Silks,WWNS72,VTKE98,9694000.0,USD,50000,31/08/2017,193.88,USD,170.5
11/03/2013 10:05,ATWDJJWF92347885,Saibamen Seeds,EKXA24,YCZA59,7461600.0,USD,30000,26/10/2016,248.72,USD,220.38
11/03/2013 10:05,MFFNSFQH16051630,Veritaserums,CUVZ50,AWYB85,14386800.0,USD,30000,28/05/2018,479.56,USD,537.99
11/03/2013 10:05,WWLYYNQS60540557,Rings of Warning,OPZI26,HNLV68,1594800.0,USD,8000,30/05/2018,199.35,USD,225.92
11/03/2013 10:05,YYRZUALR37727781,Stocks,NGBA40,VVBY18,60293820.6,VUV,50000,07/12/2016,43.02,USD,1023.38
11/03/2013 10:05,NBEXLYNI76379545,Star Rubies,UHOG52,GYWU23,314040.0,USD,1000,10/06/2017,314.04,USD,302.31
11/03/2013 10:06,CWMUJOMW06763707,Stalkers,HHFP66,TKVF94,34166.0,USD,100,23/02/2018,341.66,USD,297.09
11/03/2013 10:06,KPWGXAFR20123662,Stocks,ZSXF19,LKPN86,26795.0,USD,500,29/09/2017,53.59,USD,56.81
11/03/2013 10:07,PILBHXQL32961378,Books of Vishanti,ZMLP81,QAZT26,9258600.0,USD,60000,23/07/2018,154.31,USD,176.42
11/03/2013 10:07,SECNFPNF67069227,Quick Claws,OPZI26,INIL60,443707.25,AMD,600,18/10/2016,67.02,USD,797.24
11/03/2013 10:07,RHUUNMFW35230374,Blue Orbs,DREA89,EWUY52,174257.72,DKK,400,05/08/2015,610.55,LSL,468.54
11/03/2013 10:07,BBSTFPCN66578880,Full Faces,UWUK72,QLCE04,352176.0,USD,800,12/04/2014,440.22,USD,488.22
11/03/2013 10:08,COYHRAYN85433292,Arc Reactors,XHYN07,DOGG07,21211200.0,USD,30000,05/08/2016,707.04,USD,619.08
11/03/2013 10:08,QNKSKPDD97468482,Stocks,OPZI26,ZNQA84,9413.0,USD,100,02/04/2014,94.13,USD,103.26
11/03/2013 10:08,YYKTDRIU60779316,Flame Orbs,ZMLP81,BDBU00,107144.0,USD,800,28/12/2018,133.93,USD,146.86
11/03/2013 10:09,OSFMMPYH13172213,Stocks,KEVJ11,VGYT30,116608.0,USD,800,06/11/2017,145.76,USD,156.47
11/03/2013 10:09,LOHPFJWV71407788,Stocks,RJCA92,CBOX52,416180.0,USD,2000,12/09/2017,208.09,USD,237.92
11/03/2013 10:09,XXZENIVH14773144,Stocks,AHMZ79,LWGE44,436192.12,TRY,70000,03/04/2015,10.07,USD,5.46
11/03/2013 10:09,PKHZBMGF99313962,Stocks,TVQQ54,ZDAI73,6507995.06,SRD,7000,29/09/2018,167.32,USD,1011.12
11/03/2013 10:09,DOUZYOHA45441145,Badgers,CQPJ57,GGLV00,161717382.88,SAR,40000,13/06/2015,600.76,USD,4111.86
11/03/2013 10:10,YEBDYJAY00597996,Phasers,RQGG65,DGTY64,1082485.8,TOP,600,28/05/2014,189.75,USD,2074.05
11/03/2013 10:11,TJAIHUWJ58458334,Soma Drops,TGZI54,OCQF34,1323000.0,USD,9000,26/04/2015,147.0,USD,120.75
11/03/2013 10:11,ZOLHHYAC03428243,Nano-paks,QETH27,VLJL11,77894.0,USD,100,04/10/2016,778.94,USD,715.02
11/03/2013 10:11,KTAXMHHM02464299,Stocks,HWJF09,PIFN94,326583.0,USD,900,07/01/2018,362.87,USD,395.56
11/03/2013 10:11,DEIMKMEH14356336,Stocks,KRRO64,VCSF07,28998.0,USD,900,23/08/2016,11.62,BND,35.21
11/03/2013 10:11,GACCDSSZ67259227,Stocks,HNLV68,IZTD25,18774.0,USD,200,06/02/2018,93.87,USD,79.8
11/03/2013 10:12,EJIOGXRX76831761,Stocks,QAZT26,VPTI00,451710.0,USD,9000,16/05/2015,50.19,USD,51.39
11/03/2013 10:12,QLYWQPPP47257810,Big Roots,PIFN94,MFZY76,338051.04,BZD,200,09/01/2018,276.19,USD,1526.23
11/03/2013 10:12,ZPFNOBRW12937010,T-800s,OQXV70,QAZT26,90141.0,USD,300,29/11/2014,300.47,USD,281.93
11/03/2013 10:12,DIUYDNQE19940117,Stocks,NXTO39,HPTP65,130277.0,USD,700,03/10/2018,186.11,USD,213.41
11/03/2013 10:13,YNHKBARU37285143,Ultra Balls,IZLM67,SAAM06,48657.0,USD,700,23/01/2016,69.51,USD,61.25
11/03/2013 10:13,MWZBFOJD61434049,Bombchus,HYSJ42,OPET16,457740.0,USD,900,31/07/2015,508.6,USD,524.61
11/03/2013 10:13,RBKWSYSF78137884,Stocks,VKMV12,KRXZ15,211560.0,USD,800,10/10/2017,264.45,USD,267.36
11/03/2013 10:14,RBZHGTXR87023354,Stocks,MFJJ99,VKMV12,1451600.0,USD,20000,06/05/2016,72.58,USD,68.99
11/03/2013 10:15,QQGOOQVQ46039343,Wide Lenses,RQGG65,NGBA40,34662.0,USD,600,19/01/2014,57.77,USD,63.78
11/03/2013 10:15,MUHDTOZN79910624,Keys of the Ram,LIJW00,BBAX06,270025.0,USD,700,12/12/2014,385.75,USD,354.32
11/03/2013 10:15,KDASPGAY29079584,Saibamen Seeds,BBJG05,YCZA59,24872.0,USD,100,19/10/2015,1083.18,ZWD,300.01
11/03/2013 10:15,KZTZPYWY34455381,Dragon Eggs,KKZA87,YCZA59,21870404.68,MYR,700,08/01/2015,576.76,USD,26526.53
11/03/2013 10:15,BEFUEZHO44273559,Stocks,OCQF34,RNZB01,648900.0,USD,90000,14/09/2018,7.21,USD,6.88
11/03/2013 10:15,XBHSQDHB66510912,Stocks,MYXF05,VLJL11,242253.0,USD,900,25/11/2014,269.17,USD,244.43
11/03/2013 10:16,JCHVFPDI85190829,Scouters,ZSXF19,GGLV00,578800.0,USD,8000,28/04/2015,213.91,WST,80.91
11/03/2013 10:16,ODIGTWKL43160362,Stocks,TRFG21,WYFO79,36044.0,USD,400,20/07/2016,567.22,AOA,93.54
11/03/2013 10:16,SHMREPBT51980788,Exorcism Slips,OKYS51,GSTD71,139833.0,USD,900,23/03/2015,155.37,USD,161.56
11/03/2013 10:16,IPGAXGGW38583631,Potions of Oil,NCYN50,TKVF94,9834.0,USD,300,07/03/2014,39.32,AED,37.75
11/03/2013 10:16,EIDRRBVW00655739,Expert Belts,DDIB11,HXDA52,95631.0,USD,300,18/06/2018,318.77,USD,368.24
11/03/2013 10:16,UVOTNWMK56877707,Silver Apples,UEVD88,KUWI70,5318800.0,USD,20000,08/04/2014,265.94,USD,281.4
11/03/2013 10:16,OWLBZAXS82731528,Stocks,TRFG21,CQPJ57,204000.0,USD,4000,12/02/2014,51.0,USD,55.76
11/03/2013 10:16,PPICWIQR00746552,Stocks,HYSJ42,PJKH65,1545.0,USD,100,18/11/2017,15.45,USD,13.85
11/03/2013 10:16,LTOEUQIK66519092,Stocks,XHYN07,DDIB11,3331673.7,TMM,50000,13/12/2014,17.58,USD,75.52
11/03/2013 10:17,BVMQJOET59314228,DigiBytes,KUWI70,PBFW95,46106.42,BAM,500,26/03/2016,254.24,USD,102.3
11/03/2013 10:17,EVLONNID62618506,Night Dust,FAWI50,QLMY86,25383.0,USD,100,15/07/2014,253.83,USD,221.83
11/03/2013 10:17,OGYXRDQL38849495,Stocks,RNZB01,NCXS33,1207366.73,RUB,500,14/09/2017,138.27,USD,2391.96
11/03/2013 10:17,DOBIVXUP14696508,Romulan Ale,ZBIO05,SMYT95,268527.0,IDR,500,09/12/2018,100.95,USD,454.59
11/03/2013 10:18,XJOMMFTO15149752,Stocks,QETH27,YFAM59,126430.13,WST,600,25/07/2014,71.27,USD,241.17
11/03/2013 10:18,YPSUVBYK08181769,Stocks,KKGI60,NGBA40,44030.0,USD,500,13/01/2018,88.06,USD,99.39
11/03/2013 10:18,LKKDMGYB65839071,Stocks,MFJJ99,VKMV12,65322.0,USD,900,12/03/2017,72.58,USD,76.23
11/03/2013 10:19,OHTORQPB76179942,Rings of Adornment,OKYS51,VVXA11,476760.0,USD,4000,05/10/2017,119.19,USD,99.6
11/03/2013 10:19,QCSBRWWY53398339,Stocks,YTAI13,MFJJ99,200910.0,USD,3000,01/05/2016,66.97,USD,59.75
11/03/2013 10:19,EVVCXQBA56196616,Stocks,TGZI54,RJUD59,772365.26,RWF,9000,02/09/2018,12.82,USD,76.63
11/03/2013 10:19,IICZFJQJ25204716,Stocks,PJKH65,WIZJ73,3988.0,USD,400,04/12/2015,9.97,USD,9.13
11/03/2013 10:20,JDHCTGJS10563801,Stocks,XHYN07,CBOX52,832360.0,USD,4000,26/10/2018,51.75,KRW,224.74
11/03/2013 10:20,OUPSLJSK36417360,King Rocks,VGYT30,AYIH50,241600.0,USD,800,22/03/2015,302.0,USD,309.67
11/03/2013 10:20,VALSFXCK21131168,Stocks,SHXQ48,LIIS96,79605.0,USD,500,24/02/2016,159.21,USD,175.96
11/03/2013 10:20,HXVQBCYA72580160,Stocks,CAVR54,INIL60,3740800.0,USD,80000,13/04/2014,46.76,USD,40.64
11/03/2013 10:20,WZHOPLPG98506780,Raritanium Ore,KKGY69,GIWG34,16132000.0,USD,40000,09/05/2017,403.3,USD,405.87
11/03/2013 10:20,JGYAYVTA58814634,Stocks,ISWT83,IIZF28,553194.76,DOP,700,13/02/2016,107.66,USD,744.46
11/03/2013 10:21,TLJAJOQV12236679,Stocks,SHXQ48,GGLV00,47043.41,ANG,300,11/02/2017,17.77,USD,148.45
11/03/2013 10:21,FNLPZVDS35082232,Autobots,RJCA92,HHFP66,303380.0,USD,7000,10/08/2014,43.34,USD,50.24
11/03/2013 10:21,KWWYDTDY22586932,Stocks,THJF58,RLZK87,384040.0,USD,2000,25/04/2017,192.02,USD,215.82
11/03/2013 10:21,TQEIKPEN81178191,Mr. Zerkons,PKBF70,IZTD25,4085683.2,DKK,20000,25/09/2017,147.2,USD,192.82
11/03/2013 10:21,NXGSPYXV12154290,Cloaks of Levitation,YLGZ72,NFAH30,133280.65,QAR,100,08/12/2017,357.81,USD,1247.13
11/03/2013 10:21,MMYFQEQT64485222,Stocks,RNZB01,LIIS96,796050.0,USD,5000,26/03/2017,159.21,USD,174.65
11/03/2013 10:22,ZVYNBBDO71963669,Stocks,ZVEN26,KKGI60,141597.0,USD,900,25/05/2017,157.33,USD,165.64
11/03/2013 10:22,WJVQOTEA36409875,Traveler Charms,KKZA87,AMBT33,27013543.15,UYU,3000,10/10/2014,230.84,USD,7647.01
11/03/2013 10:23,FYPFJCXK56800434,Stocks,QBVN33,FTFI87,789680.0,USD,4000,20/12/2016,197.42,USD,219.9
11/03/2013 10:23,UCCGHAKP40519952,Stocks,INIL60,QMZU44,164979.0,USD,900,26/09/2017,762.29,LAK,156.58
11/03/2013 10:24,GXZRWYSF06386508,Stocks,SXTM39,AYIH50,60454.45,ZMK,100,27/12/2015,125.8,USD,548.36
11/03/2013 10:24,QGTPJAIG36646667,Stocks,KKGI60,XRBV61,1913956.02,ALL,5000,02/09/2017,204.09,USD,427.04
11/03/2013 10:24,XUATEROY55668330,Night Dust,JCWS17,QLMY86,228447.0,USD,900,18/09/2016,253.83,USD,245.31
11/03/2013 10:24,JDCKPYRA40654270,Stocks,DVVB31,BDBU00,488160.0,USD,4000,07/06/2018,122.04,USD,140.6
11/03/2013 10:25,FFUSDMML51091073,Stocks,DJNE62,PQSW95,1891.0,USD,100,03/07/2016,18.91,USD,17.79
11/03/2013 10:25,WJQGAJVK97506783,Vorpal Swords,QOKP03,OQXV70,1076920.0,USD,4000,22/02/2018,269.23,USD,259.38
11/03/2013 10:26,ASUYIPVK32302473,Stocks,BDBU00,IZLM67,11840727.17,CAD,9000,26/08/2018,77.12,USD,1155.41
11/03/2013 10:26,EQFCDPCE29454104,Sigils,QHXJ50,DDIB11,75672.0,USD,600,27/12/2016,126.12,USD,113.4
11/03/2013 10:26,STUWDZRW92731380,Stocks,JVHD93,OCQF34,1551671.42,DKK,8000,22/06/2014,129.89,THB,211.61
11/03/2013 10:26,PAWLHJUW14165425,Stocks,MSHS03,QMZU44,916550.0,USD,5000,22/03/2017,183.31,USD,156.11
11/03/2013 10:26,OZPJUXQN34803989,Nefarious Security Cards,NCCX02,AMRO66,177846.0,USD,600,16/12/2015,296.41,USD,332.47
11/03/2013 10:26,DAIVTTFQ15291873,Stocks,CIXF70,VGYT30,224280.91,MZN,300,27/10/2016,145.76,USD,673.61
11/03/2013 10:26,YFUQTXLF16951512,Scent Charms,WIZJ73,BPLN25,2436.0,USD,100,07/08/2014,24.36,USD,29.38
11/03/2013 10:26,CPICYSFN16365555,Stocks,QCRG59,SXTM39,5501600.0,USD,40000,14/02/2018,137.54,USD,122.74
11/03/2013 10:27,POFNFZKP74817695,Stocks,LAUA80,HPTP65,16749900.0,USD,90000,15/09/2016,186.11,USD,188.81
11/03/2013 10:27,QBQCCGCL74987283,Stocks,DBCS17,SUOX82,59943.16,TRY,600,24/06/2017,161.45,USD,113.45
11/03/2013 10:27,RTVOHUQD49552273,Stocks,AGBH66,QCRG59,6335965.65,RWF,6000,08/02/2015,157.75,USD,919.88
11/03/2013 10:27,ZSUBUUWC15994180,Namekian Spring Water,GZED20,OPET16,109970.0,USD,7000,03/06/2014,15.71,USD,14.77
11/03/2013 10:28,FWSZDEZO46743371,Stocks,QOKP03,ZFHD93,172767.34,CUC,400,13/04/2016,84.17,USD,422.03
11/03/2013 10:28,GQNQXQGO58752650,Stocks,ZDAI73,TFLS35,22032.0,USD,900,15/08/2014,24.48,USD,27.47
11/03/2013 10:29,RCSOXQEJ65368686,Stocks,QODV38,IBLA29,1837203.76,BTN,800,10/07/2018,337.93,USD,2389.03
11/03/2013 10:30,NWWHVCGF24660102,Stocks,YLGZ72,CUVZ50,6203400.0,USD,70000,22/01/2016,774.48,DJF,80.78
11/03/2013 10:30,MXPQNEEX56872221,Dragon Scale Mail,SFZS08,CAVR54,181824.0,USD,400,07/03/2018,454.56,USD,399.32
11/03/2013 10:30,MOEPSBDG21940381,Stocks,ESPL27,BPLN25,23794.0,USD,200,17/11/2016,393.39,SEK,98.43
11/03/2013 10:30,UUEDDSQF48825526,Stocks,UFAY59,OUNH49,330570.0,USD,3000,03/06/2014,110.19,USD,96.88
11/03/2013 10:30,KGHSHWGU96745111,Momentum Gliders,ERHJ34,SRYE59,1136030.0,USD,7000,08/10/2014,162.29,USD,176.82
11/03/2013 10:30,GPRVOSNR22700019,Stocks,FYYD57,HPTP65,1861100.0,USD,10000,14/04/2016,186.11,USD,213.22
11/03/2013 10:30,VVQAKYHY39189297,Rupees,OQXV70,EDYH00,25721611.65,SGD,9000,24/12/2014,366.17,USD,3305.78
11/03/2013 10:31,NYMIRUXA90833037,Rings of Protection from Shape Changers,QODV38,QCRG59,2476530.0,USD,9000,11/06/2018,275.17,USD,228.72
11/03/2013 10:31,KYXMNOWR07760735,Sylkis Greens,AYIH50,ZFHD93,320465.0,USD,500,21/09/2018,640.93,USD,716.9
11/03/2013 10:31,CGPLWWXF04268142,Stocks,NCYN50,EDYH00,29690.0,USD,500,22/09/2017,59.38,USD,71.81
11/03/2013 10:31,XWDINQCE24506430,Mind Pluses,JVHD93,EKXA24,405075.78,AZN,500,29/10/2014,114.04,USD,679.46
11/03/2013 10:31,QDSOXEUI78855334,Stocks,PIFN94,QCRG59,44206598.0,KZT,80000,23/12/2014,157.75,USD,504.04
11/03/2013 10:31,ODLHMIWO75945915,Touchstones,MFZY76,ZFHD93,1150620.0,USD,6000,05/10/2017,191.77,USD,206.78
11/03/2013 10:31,YTBRUIXG20725527,Stocks,ZVEN26,ZNQA84,7530400.0,USD,80000,15/05/2016,94.13,USD,104.97
11/03/2013 10:32,DOAACRES29350973,Stocks,QOKP03,NCCX02,1160400.0,USD,6000,29/04/2015,193.4,USD,201.87
11/03/2013 10:32,RMAVPHKJ12130549,Pressures,QLMY86,SWGF93,343194.0,USD,600,05/12/2016,2003.74,SHP,447.03
11/03/2013 10:32,SOEIPXYY69971034,Stocks,QCRG59,DBCS17,40607.34,THB,600,01/04/2014,72.82,USD,77.57
11/03/2013 10:32,ETMVKKDP98472895,Wands of Watoomb,RJCA92,VKMV12,16655700.0,USD,30000,08/01/2018,555.19,USD,537.77
11/03/2013 10:32,ZMEVHLRJ48720170,Flame Orbs,RFZG50,BDBU00,396277.44,BDT,400,04/07/2016,133.93,USD,838.82
11/03/2013 10:33,LOBILKVK52818130,Pensieves,PQSW95,OPZI26,528500.0,USD,7000,07/09/2018,75.5,USD,71.96
11/03/2013 10:33,BNTZVNKA08273115,Stocks,RJCA92,VGYT30,131184.0,USD,900,13/03/2017,145.76,USD,156.32
11/03/2013 10:33,QLUWEKBL03768967,Infinity Stones,RJCA92,SAAM06,257180.0,USD,2000,30/06/2018,128.59,USD,119.62
11/03/2013 10:33,PVUNMCAS01226237,Rings of Warning,THJF58,HNLV68,59805.0,USD,300,07/12/2018,199.35,USD,172.34
11/03/2013 10:33,KDKRLYIV69872803,Gauntlets of Zeus,VXSM31,FDWI64,10758697.27,LBP,8000,24/05/2017,135.69,USD,1096.5
11/03/2013 10:33,THUHJKTJ65438115,Elder Wands,YOQG45,LKPN86,644060.0,USD,2000,23/08/2016,322.03,USD,362.66
11/03/2013 10:33,RXIDBIES22043913,Red Jewelled Brooches,UIKN63,YOQG45,5569.0,USD,100,29/05/2015,55.69,USD,63.8
11/03/2013 10:34,VBRIINBJ22258047,Stocks,UHOG52,CQPJ57,10041.9,PLN,1000,09/12/2014,51.0,USD,10.43
11/03/2013 10:34,UGUWYKEK55549713,Beams,QMZU44,UEVD88,132250.0,USD,5000,19/03/2017,26.45,USD,26.41
11/03/2013 10:34,OJYTJWMG62842432,Potions of Fruit Juice,SEKK26,SRYE59,69062.0,USD,700,23/06/2015,98.66,USD,104.58
11/03/2013 10:34,HNRWMQEX67516608,Big Roots,VVBY18,MFZY76,138095.0,USD,500,27/02/2018,10773.51,UYU,270.53
11/03/2013 10:35,DTFKUBJV04609702,Stocks,JVHD93,ESPL27,493380.0,USD,9000,25/09/2015,54.82,USD,44.63
11/03/2013 10:35,YHWEFPNI29795788,Stocks,UFAY59,SFZS08,125064.0,USD,800,16/11/2016,156.33,USD,177.17
11/03/2013 10:35,VDMFWPCR21203603,Stocks,KKGY69,SFZS08,62532.0,USD,400,03/01/2018,156.33,USD,178.41
11/03/2013 10:35,MUUQNVCM85195327,Wise Glasses,EMNK67,AYIH50,94080.0,USD,400,14/09/2018,235.2,USD,225.83
11/03/2013 10:36,HFGAMZLY65053786,Stocks,NGBA40,HSWX88,20950.0,USD,1000,14/04/2015,7.6,BAM,18.44
11/03/2013 10:36,DLOPCPBW49114621,Stocks,KUWI70,AMBT33,1200600.0,USD,90000,09/11/2016,13.34,USD,12.14
11/03/2013 10:36,UOGMRHJD70482792,Stocks,MFJJ99,AMBT33,20318.69,ILS,200,29/09/2015,13.34,USD,84.25
11/03/2013 10:37,ONLBUCOJ15894915,Sensu Beans,YFAM59,MFJJ99,3717540.0,USD,9000,31/01/2018,413.06,USD,390.05
11/03/2013 10:37,YOCUDWTG60752253,Rings of See Invisible,JZTC69,DILF10,679739176.98,MUR,30000,13/07/2018,489.99,AED,20481.65
11/03/2013 10:37,FPEEVJRN68792497,Dragon Medallions,QAZT26,RNZB01,188917330.95,PYG,90000,06/10/2017,290.47,USD,2236.45
11/03/2013 10:37,XAQGIFRQ98573742,Stocks,LAUA80,HSWX88,28650.8,CNY,200,04/11/2017,20.95,USD,123.19
11/03/2013 10:38,KWBYFLQU55324758,Stocks,QWOA67,AHMZ79,1263798.12,ETB,1000,04/03/2018,135.98,USD,1378.07
11/03/2013 10:38,GWIHDIWB47011582,Holy Grails,LIIS96,RLZK87,36031315.95,ANG,10000,15/10/2016,408.31,USD,3869.64
11/03/2013 10:38,SRLRXKVY71021603,Terondais,ZMLP81,QXFF29,440715.29,XOF,400,12/02/2018,179.31,USD,1243.04
11/03/2013 10:38,OWNIDCAJ05219303,Millennium Rings,IIZF28,NCYN50,75060.0,USD,6000,04/12/2014,12.51,USD,13.61
11/03/2013 10:38,WEGIVMSE51319864,Stocks,BBAX06,LAUA80,548958.56,XOF,500,04/02/2015,178.68,USD,854.46
11/03/2013 10:38,LNEGSCRV72515044,Sabor de Soledad Chips,RDBE21,DBCS17,13643100.0,USD,90000,08/09/2018,16341.81,HRK,145.05
11/03/2013 10:38,NLXJKALR21576488,Chakra Puppets,THJF58,MKHA46,34246.0,USD,100,17/10/2016,342.46,USD,391.52
11/03/2013 10:39,LJKPROBG49213626,Master Swords,GBEZ65,ZVEN26,181500.0,USD,6000,12/09/2018,303.1,PKR,34.12
11/03/2013 10:39,DJOSHECF25475154,Stocks,HPTP65,PJKH65,39640.84,CUC,500,02/08/2016,15.45,USD,65.93
11/03/2013 10:39,TZBGGZFE46979336,Stocks,ZMLP81,UFAY59,35064.0,USD,300,31/12/2016,116.88,USD,126.09
11/03/2013 10:39,XUPLIPNT99812460,Stocks,CIXF70,PIFN94,36287.0,USD,100,29/10/2017,362.87,USD,320.63
11/03/2013 10:39,AWBEJVXK44428630,Stocks,CUVZ50,FDWI64,19821547.68,AFN,80000,17/01/2015,18.66,USD,286.9
11/03/2013 10:39,UUZVVVIL28441156,Pym Particles,QBVN33,FORM54,2650.0,USD,200,25/10/2015,4.75,XPF,12.14
11/03/2013 10:39,BHLNMEQP40813930,Rapids,ESPL27,KEVJ11,13008000.0,USD,80000,23/10/2018,162.6,USD,173.24
11/03/2013 10:39,YAGSFZRQ41363419,Flubbers,AMRO66,HWHS51,42181.0,USD,100,21/03/2016,421.81,USD,464.49
11/03/2013 10:40,POABCUOT06119021,Helms of Opposite Alignment,XRBV61,EMNK67,119892.0,USD,600,01/07/2018,199.82,USD,163.88
11/03/2013 10:40,KHTYGXDI52527562,Stocks,QCRG59,NGBA40,296308.69,SAR,500,01/02/2015,88.06,USD,572.67
11/03/2013 10:40,XDHZUCEH23676516,Stocks,FTFI87,SBUT62,104400.79,MZN,300,16/02/2015,67.85,USD,290.5
11/03/2013 10:40,SKWAVZLM52586020,Stocks,MRAH32,DILF10,64634464.8,QAR,80000,10/07/2016,216.9,USD,727.64
11/03/2013 10:41,WFYCBOYI41165857,Stocks,MEOQ86,SFZS08,77740876.71,AZN,70000,24/05/2016,156.33,USD,952.06
11/03/2013 10:41,AIUFBHYG02882874,Replicators,HHFP66,SXTM39,61565.0,USD,700,08/03/2015,87.95,USD,79.79
11/03/2013 10:41,UMTFKRPT38843472,Stocks,MEOQ86,SMYT95,22598241.28,MDL,20000,01/06/2016,149.12,USD,1248.34
11/03/2013 10:41,ZXGEYQQY25869401,Gauntlets,FGQR22,YWMD69,20935046.24,BBD,700,02/04/2017,9436.0,XCD,25010.49
11/03/2013 10:41,GFLTGUBE81709915,Scrolls of Seals,SHXQ48,WWNS72,1337630.0,USD,7000,30/04/2016,191.09,USD,208.98
11/03/2013 10:41,EGHCJBWU52759725,Red Orbs,EDYH00,CUVZ50,86372.0,USD,200,11/01/2017,431.86,USD,389.53
11/03/2013 10:42,HZZWTZYZ91946256,Stocks,ORQH73,ZFHD93,39650719.43,SAR,70000,13/05/2015,483.42,MXN,587.67
11/03/2013 10:42,CKAIKAXY91042262,Great One's Wisdoms,RFZG50,QHXJ50,1115027.23,BWP,1000,13/09/2017,355.75,USD,1237.88
11/03/2013 10:42,RQCJPFYO67613724,Stocks,GIWG34,QOKP03,801620.0,USD,2000,13/04/2016,400.81,USD,342.47
11/03/2013 10:43,VWBYBEDE48879058,Stocks,DILF10,NGBA40,8806.0,USD,100,14/07/2017,88.06,USD,73.39
11/03/2013 10:43,NNDNTNDB19414672,Limit Break Manuals,SAAM06,HSWX88,69139.0,USD,700,05/06/2015,98.77,USD,111.95
11/03/2013 10:43,ABYLYKAL49904785,Rings of Increase Damage,VPTI00,ZMLP81,2578965.73,TTD,600,31/05/2017,820.36,USD,3442.14
11/03/2013 10:43,PKYXRXJJ82945348,Stocks,RLZK87,JVHD93,57690.0,USD,9000,14/01/2014,6.41,USD,6.82
11/03/2013 10:43,WRYDTZSQ84099105,Victory Gin,EPZN28,QETH27,3796965.72,NOK,90000,07/09/2015,36.36,USD,46.35
11/03/2013 10:43,GXDKFLOM42895213,Cloaks of Protection,NXTO39,SBUT62,133101704.4,CHF,70000,17/01/2015,223.49,USD,2144.81
11/03/2013 10:44,LVAWYMUQ05909665,Red Cards,XRBV61,JVHD93,2445380.0,USD,7000,08/03/2016,349.34,USD,391.36
11/03/2013 10:44,DPVVIMCO86791633,Stocks,MSHS03,BPLN25,1189700.0,USD,10000,22/09/2014,118.97,USD,107.58
11/03/2013 10:44,KVNFZVUG31316773,Stocks,SXTM39,VTKE98,6749.0,USD,100,09/06/2015,67.49,USD,74.93
11/03/2013 10:44,YLYBTTFG36730908,Stocks,SXHU74,SUOX82,440903.8,PGK,1000,16/04/2018,161.45,USD,416.24
11/03/2013 10:44,YOKZCTRW24534248,V-Tamer Taags,UEVD88,RDBE21,799560.0,USD,6000,15/04/2014,133.26,USD,140.75
11/03/2013 10:44,RJXRHLHO15480610,Potora Earrings,HHFP66,RQGG65,84700.91,CAD,500,20/09/2017,9.93,USD,160.18
11/03/2013 10:45,DMSTFCTW32838851,Ithildins,JVHD93,ZXVX98,200586.0,USD,600,14/09/2017,334.31,USD,355.18
11/03/2013 10:45,NHXCNUTB56571539,Stocks,MSHS03,NCXS33,124443.0,USD,900,19/01/2018,138.27,USD,119.07
11/03/2013 10:45,PUAFDFIO13457608,Amulets of Shinnok,CMOI26,VTKE98,374748.67,CUP,4000,03/03/2018,37.12,USD,80.97
11/03/2013 10:45,TXQNOJGK21929212,Infinity Gauntlets,VVXA11,AGBH66,4992.0,USD,300,11/06/2015,16.64,USD,14.47
11/03/2013 10:46,HCJHLQKY89909320,Capes of Fujin,MDEQ10,EWUY52,71032.0,USD,400,15/02/2015,177.58,USD,193.33
11/03/2013 10:46,KQSAFLVS58022343,Stocks,JVHD93,ZBIO05,165760.0,USD,7000,17/04/2014,23.68,USD,20.18
11/03/2013 10:46,EGRHSKJG64083278,Stocks,KKZA87,SZRJ90,62043.0,USD,300,30/01/2017,206.81,USD,181.96
11/03/2013 10:47,MFJGPJAR15984414,Stocks,VLJL11,RJUD59,38460.0,USD,3000,10/02/2018,12.82,USD,14.78
11/03/2013 10:47,VTFPKJDP09829287,Stocks,ZEHM52,AMBT33,132706.32,KRW,40000,21/04/2018,13.34,USD,2.97
11/03/2013 10:47,HFHZDESV33079353,Cainhurst Badges,PKBF70,UIKN63,176595.0,USD,500,23/02/2015,353.19,USD,369.72
11/03/2013 10:47,MXOVFYJA62685520,Stocks,VTKE98,RFZG50,2548800.0,USD,40000,27/11/2016,63.72,USD,74.56
11/03/2013 10:47,OJUTHGBU59866461,Stocks,MEOQ86,WIZJ73,897300.0,USD,90000,03/07/2015,9.97,USD,10.42
11/03/2013 10:48,AKVLIENS22513717,Stocks,AGBH66,QOKP03,2805670.0,USD,7000,19/09/2016,400.81,USD,455.23
11/03/2013 10:48,ACGCTVER36038733,Marvins,TBVE46,WHPS18,31345.0,USD,500,15/09/2017,62.69,USD,59.38
11/03/2013 10:48,RWCCQUFE56238043,Zanpakutos,EWUY52,UIKN63,4900.0,USD,500,04/01/2018,9.8,USD,8.8
11/03/2013 10:48,JUBTENKU15146550,Stocks,HYSJ42,ZXVX98,501560.0,USD,4000,21/12/2017,125.39,USD,139.98
11/03/2013 10:48,YSFDIGXR30021247,Stocks,KKGY69,VVBY18,25812.0,USD,600,08/11/2016,399.83,ETB,39.21
11/03/2013 10:48,JWSZXHKK31915477,Stocks,MFZY76,HHFP66,376623.76,BWP,700,01/05/2015,171.66,USD,588.48
11/03/2013 10:48,ZEBXCKYA89178650,Teeth of the Dragon,ORQH73,HWJF09,5008700.0,USD,10000,05/04/2017,500.87,USD,539.26
11/03/2013 10:49,CVNBRORC46733276,Stocks,RJCA92,VAHJ53,999.64,NGN,100,05/08/2018,58.22,USD,8.64
11/03/2013 10:49,UMYVASSZ80435181,Hades Helms,DBCS17,ZELV96,2922000.0,USD,6000,31/07/2017,487.0,USD,512.99
11/03/2013 10:49,ATTYJJIO70188645,Stocks,TQSJ85,ORQH73,135040.0,USD,500,23/01/2014,270.08,USD,288.38
11/03/2013 10:49,GSMGLKQA99504839,Saibamen Seeds,DBCS17,YCZA59,149232.0,USD,600,21/02/2014,248.72,USD,215.85
11/03/2013 10:49,MCOYYEHC55706218,Silver Apples,NCYN50,KUWI70,17407953.71,GBP,6000,31/10/2018,265.94,USD,2699.13
11/03/2013 10:49,YVXRKLCZ62716481,Stocks,ZFHD93,MKHA46,204060.0,USD,1000,15/02/2018,204.06,USD,187.45
11/03/2013 10:50,LZZSFEDY62837046,Rings of Shock Resistance,KKGY69,RQGG65,5020200.0,USD,90000,18/07/2017,55.78,USD,52.94
11/03/2013 10:50,BNHSPYAO19570916,Futuros,TVQQ54,IZTD25,4396627.5,NPR,10000,15/10/2017,385.5,USD,499.7
11/03/2013 10:50,REESFLZI77559679,Pym Particles,LIJW00,FORM54,722.65,BGN,600,22/12/2017,13.25,USD,1.34
11/03/2013 10:50,YPWYFOMQ15064282,Stocks,CBOX52,JVHD93,3846.0,USD,600,10/04/2014,6.41,USD,7.09
11/03/2013 10:51,MEABKRDL33037374,Soma Drops,FORM54,OCQF34,26164530.0,SOS,60000,30/08/2016,147.0,USD,370.47
11/03/2013 10:51,SVIDWFOY97906680,Eyes of Agamotto,DGTY64,BPLN25,199038.0,USD,600,19/03/2018,331.73,USD,360.0
11/03/2013 10:51,DZVBRXDE87783270,Smoke Balls,RJCA92,QODV38,45345300.0,USD,70000,27/04/2016,161.11,KRW,569.96
11/03/2013 10:51,RZSHNHVI33446995,Amulets Versus Poison,MSHS03,PJKH65,58860.0,USD,900,05/10/2016,65.4,USD,54.33
11/03/2013 10:51,TRDPDDYQ17270183,Rapids,PNFK78,KEVJ11,1300800.0,USD,8000,23/05/2017,162.6,USD,176.89
11/03/2013 10:52,ZFCGMEXX73164782,Stocks,HWHS51,QXFF29,1615000.0,USD,50000,10/01/2014,32.3,USD,28.16
11/03/2013 10:52,PHIYZQSV57421066,Exorcism Slips,EPZN28,GSTD71,124296.0,USD,800,26/12/2014,155.37,USD,144.14
11/03/2013 10:52,WSIDMHJD65593782,Wood Mats,IIZF28,QMZU44,22753552.59,BHD,30000,05/09/2016,242.93,USD,859.9
11/03/2013 10:52,SORFWRCO24644665,Stocks,XRBV61,BDBU00,434179.27,SDG,400,21/07/2015,122.04,USD,957.29
11/03/2013 10:53,WMIQLHAV13341065,Golden Apples,VAHJ53,NCCX02,92448.0,USD,800,26/05/2018,115.56,USD,126.08
11/03/2013 10:53,AHPTUBFK36775864,Stocks,MDEQ10,RFZG50,6338.87,KRW,400,06/03/2015,390.74,VND,16.26
11/03/2013 10:53,SQLOMPIU41377071,Evangelions,HSWX88,NGBA40,343812.0,USD,700,14/05/2016,491.16,USD,370.95
11/03/2013 10:53,KPWBKSHQ19182164,Stocks,HXDA52,HHFP66,514980.0,USD,3000,14/12/2015,171.66,USD,191.77
11/03/2013 10:53,VFISFXTT69347476,Stocks,INIL60,NGBA40,44030.0,USD,500,22/07/2018,88.06,USD,75.91
11/03/2013 10:53,TUZXODQY76038858,Millennium Puzzles,ERHJ34,XHYN07,1103200.0,USD,70000,26/01/2014,15.76,USD,12.9
11/03/2013 10:53,GSLDEZNR97422146,Astro Boys,THJF58,VPTI00,51466500.0,USD,50000,04/03/2014,1029.33,USD,855.6
11/03/2013 10:54,DTYKHIOI54910403,Water Tablets,KKGI60,CVMG22,20087.17,LKR,200,08/07/2018,75.51,USD,119.58
11/03/2013 10:54,MGAIGKMA63800434,Stocks,OHKH76,VXSM31,317720.0,USD,4000,25/03/2016,79.43,USD,75.34
11/03/2013 10:55,ISPSIZGU50547893,Stocks,XHYN07,NFAH30,52196003.64,SEK,60000,17/08/2014,263.09,USD,983.74
11/03/2013 10:55,XBZERICW01853263,Stocks,UWUK72,AGBH66,47660903.64,SVC,70000,09/04/2014,177.81,USD,562.83
11/03/2013 10:55,LVYQNWLS66400293,Agents,THJF58,GSTD71,47154.0,USD,300,17/08/2017,157.18,USD,186.07
11/03/2013 10:56,GUIGCMYS58009177,Holy Rings,ZXVX98,WYFO79,2017200.0,USD,60000,12/10/2018,33.62,USD,30.84
11/03/2013 10:56,GZIVRWBF05068337,Rings of Conflict,FAWI50,KUWI70,13439425.79,ILS,7000,30/03/2016,252.1,USD,2109.57
11/03/2013 10:56,TDOMLAWJ61850276,Stocks,UFAY59,FJOI82,9038.0,USD,100,01/04/2018,90.38,USD,103.02
11/03/2013 10:56,ALAIYQVR23801944,Elven Cloaks,ITTS26,MHFC34,34720.0,USD,100,12/05/2017,347.2,USD,381.85
11/03/2013 10:56,PHHIGQXU80169530,Nails of Helena,MFZY76,JVHD93,171632.0,USD,400,07/03/2017,429.08,USD,401.48
11/03/2013 10:57,HXXZSDJN78360793,Stocks,DILF10,LIIS96,95526.0,USD,600,22/05/2018,159.21,USD,182.33
11/03/2013 10:58,UOXZIGDN00825658,Stocks,SRYE59,LKPN86,29555742.44,YER,70000,01/06/2018,53.59,USD,494.5
11/03/2013 10:58,WSGPSUDV88619793,Unicorn Horns,ZEHM52,TGZI54,70557.0,USD,300,23/11/2018,235.19,USD,216.25
11/03/2013 10:58,GOOTIGAO88000854,Stocks,TVQQ54,OPZI26,24283.0,USD,700,05/06/2018,34.69,USD,38.36
11/03/2013 10:58,JWALBDHV05238496,Crystal Balls,JVHD93,QETH27,365680.0,USD,1000,08/07/2018,365.68,USD,416.53
11/03/2013 10:58,ZSYYHXQQ19616353,Stocks,YFAM59,AGBH66,71124.0,USD,400,27/10/2015,16.16,BGN,204.9
11/03/2013 10:59,MJHXNHVK31614746,Sticky Barbs,SXHU74,RQGG65,62960.0,USD,400,25/10/2015,157.4,USD,183.37
11/03/2013 10:59,ERKSJYFV63969765,Shinigami Eyes,UFAY59,GIWG34,128863.02,NIO,800,30/06/2014,98.67,USD,146.96
11/03/2013 10:59,QCJUKRFS41277069,Rings of See Invisible,OQXV70,DILF10,582465732.8,HTG,80000,12/01/2016,408.53,USD,6845.29
11/03/2013 11:00,HNVMZRQW55655350,Stocks,VTKE98,IZLM67,385600.0,USD,5000,22/06/2018,241.72,BWP,86.14
11/03/2013 11:00,COKWTPPV16500563,Treasure Mappers,TVQQ54,EMNK67,58200.0,USD,400,29/03/2018,145.5,USD,151.32
11/03/2013 11:00,XFGMKBZI03443353,Stocks,RQGG65,VKMV12,5806400.0,USD,80000,27/02/2014,26.0,XPF,81.63
11/03/2013 11:00,JKYOLFXX31344590,Stocks,QBAP68,IZLM67,47196.67,BZD,100,15/08/2017,77.12,USD,518.05
11/03/2013 11:00,BHFAZTGU21208810,Stocks,AWYB85,IJPI82,62209.0,USD,700,26/09/2016,88.87,USD,97.48
11/03/2013 11:00,AAYQRIDX62420282,Stocks,HNLV68,SUOX82,1453050.0,USD,9000,29/07/2017,161.45,USD,143.11
11/03/2013 11:00,TMQSEZPY79806701,Garu Disks,TBVE46,KUWI70,133280.0,USD,7000,15/06/2015,19.04,USD,16.24
11/03/2013 11:01,TYCPJDZQ86329816,Lucky Cat Paws,RNZB01,SFZS08,162424.0,USD,800,30/12/2018,203.03,USD,218.92
11/03/2013 11:01,VPFPYVOC61210381,Stocks,BPLN25,OQXV70,3675.0,USD,500,23/12/2018,7.35,USD,7.8
11/03/2013 11:01,ESTJHWTN14922673,Stocks,HXDA52,HHFP66,3032768.72,CUP,7000,11/03/2018,171.66,USD,491.82
11/03/2013 11:01,QZKYAPKY77061848,Stocks,RJCA92,DBCS17,332745.16,ILS,600,29/11/2016,72.82,USD,506.95
11/03/2013 11:01,STVBJWGG77306906,Sigils,AHMZ79,DDIB11,630600.0,USD,5000,18/05/2016,126.12,USD,140.05
11/03/2013 11:02,OAGTUBHS50412092,Master Balls,ISWT83,DOGG07,22082.0,USD,200,01/07/2017,110.41,USD,108.64
11/03/2013 11:02,RWDKBYYS53789012,Stocks,BPLN25,QHXJ50,32976.0,USD,400,19/06/2017,82.44,USD,76.71
11/03/2013 11:02,ORWBKOUC75968064,Stocks,CVMG22,TYAE14,477330.0,USD,7000,16/10/2018,68.19,USD,76.3
11/03/2013 11:02,QGCKKHCQ20049366,Elven Boots,IZLM67,RFZG50,26736.14,GYD,900,04/01/2014,36.81,SYP,34.62
11/03/2013 11:02,VXEQHATD97090079,Stocks,QODV38,VVBY18,18987651.36,AMD,40000,07/08/2017,43.02,USD,451.67
11/03/2013 11:03,IINGKIJR31622912,LiDAR Mark-Trackers,ZSXF19,RNZB01,1591550.0,USD,5000,03/06/2016,318.31,USD,277.67
11/03/2013 11:03,NMWIDUWR50753216,Magic Lamps,VGYT30,JVHD93,31710.0,USD,1000,17/01/2018,31.71,USD,34.84
11/03/2013 11:03,ZXRNSAIH09131756,Stocks,HNLV68,UEVD88,3886199.8,HKD,4000,17/04/2016,216.02,USD,818.18
11/03/2013 11:03,BLTWFJDN46997514,Stocks,NGBA40,PNFK78,4044000.0,USD,20000,11/04/2018,202.2,USD,222.32
11/03/2013 11:03,PYWPIWWY97593558,Stocks,QLCE04,TVQQ54,55125.0,USD,700,28/04/2018,78.75,USD,88.91
11/03/2013 11:03,YQZVRSSG57920558,Earth Harps,GSTD71,JCWS17,155189.58,TOP,100,22/08/2015,163.22,USD,1627.92
11/03/2013 11:04,WKLAZBMZ10218819,Hope,UWUK72,RJUD59,207110.0,USD,1000,15/07/2015,207.11,USD,225.6
11/03/2013 11:04,NCMFKKRE32929003,PROBLEMs,FAWI50,CMZC67,40834201.12,EGP,40000,15/01/2018,230.66,USD,1118.83
11/03/2013 11:04,IVVCXPFW51737293,Stocks,UFAY59,UEVD88,4320400.0,USD,20000,23/10/2014,216.02,USD,243.86
11/03/2013 11:04,INIXIRQE57456376,Dino Disks,QBAP68,MHFC34,14190.0,USD,500,21/05/2017,28.38,USD,32.06
11/03/2013 11:04,PNIOKOSH65337802,Ninja Info Cards,CIXF70,EKXA24,4027600.0,USD,8000,12/01/2015,503.45,USD,470.85
11/03/2013 11:05,CIVVYYVX94086055,Elven Ropes,DVVB31,JZTC69,367700.0,USD,10000,16/08/2017,36.77,USD,32.24
11/03/2013 11:05,ACWLGLKJ33888330,Cranium Inflolinks,AWYB85,ZVEN26,4980000.0,USD,30000,21/03/2018,166.0,USD,145.22
11/03/2013 11:05,VREOTOBD27720169,Stocks,TQSJ85,CQPJ57,15300.0,USD,300,09/08/2017,51.0,USD,58.1
11/03/2013 11:05,QIMCCVBS25673349,Stocks,DILF10,IZLM67,308480.0,USD,4000,17/11/2018,570.46,BDT,69.29
11/03/2013 11:05,SIBYMRLY10095193,Speed Boots,RLZK87,VVBY18,2181760.0,USD,8000,28/10/2018,272.72,USD,298.96
11/03/2013 11:05,OSNBYULS23042144,Stocks,VKMV12,AYIH50,5451729.18,MYR,800,24/02/2017,125.8,USD,7800.52
11/03/2013 11:05,VMNEAOUW85571729,Venom Canisters,PNFK78,DOGG07,24338.0,USD,200,23/02/2015,121.69,USD,135.91
11/03/2013 11:05,UVNFMLCA05012541,Old Hunter Bells,LIIS96,WYFO79,204272.0,USD,800,11/03/2017,6793.7,XCD,252.99
11/03/2013 11:06,UQXUKYXC43035630,Stocks,ZFHD93,LWGE44,150393.44,KYD,2000,31/10/2015,10.07,USD,68.13
11/03/2013 11:06,JABPGAWJ64058222,Cerebros,QBVN33,AMRO66,200730.0,USD,500,20/09/2018,401.46,USD,343.38
11/03/2013 11:06,PQCSNPAX86296273,Stocks,TRFG21,JXGF57,24184.0,USD,200,29/11/2016,120.92,USD,114.39
11/03/2013 11:06,KJAFVJUF05015667,Stocks,ZSXF19,PJKH65,1390500.0,USD,90000,23/03/2014,15.45,USD,13.38
11/03/2013 11:06,HCPASMNJ25846949,Stocks,SWGF93,WVEI17,45780.0,USD,500,02/08/2016,91.56,USD,101.43
11/03/2013 11:06,XVKCVJCP77058844,Stocks,TBVE46,FDWI64,9330.0,USD,500,08/05/2016,18.66,USD,15.55
11/03/2013 11:07,BNJKESOK92178867,Rings of Warning,PJKH65,HNLV68,7174526.76,LYD,4000,18/04/2014,199.35,USD,2009.54
11/03/2013 11:07,PWUWZTDZ59326596,Stocks,PQSW95,QAZT26,37693.84,PEN,600,18/06/2015,285.3,USD,60.21
11/03/2013 11:07,ZNWCDCRG71802953,Stocks,RJUD59,PIFN94,18854257.1,PHP,900,31/07/2017,362.87,USD,23791.07
11/03/2013 11:07,PFPGEBXY45497507,Sonic Screwdrivers,ZDAI73,PVAZ61,72723.0,USD,300,15/04/2018,242.41,USD,225.95
11/03/2013 11:07,WDGKSGJF29818080,Stocks,HYSJ42,DGTY64,1225000.0,USD,70000,28/03/2016,17.5,USD,19.5
11/03/2013 11:07,FXLIIBMD66993568,Flames of Apollo,LIIS96,FTFI87,142344.0,USD,800,06/08/2015,177.93,USD,183.2
11/03/2013 11:08,SYMXUXWV60544743,Amulets Versus Poison,FDWI64,PJKH65,447198.66,CNY,1000,01/08/2016,65.4,USD,411.23
11/03/2013 11:08,TCERFQAG97180096,Stocks,PJKH65,OPET16,30150.0,USD,5000,23/03/2018,6.03,USD,6.3
11/03/2013 11:09,MPRTRYYO52469204,Nefarious Security Cards,VIMV38,AMRO66,148205.0,USD,500,01/12/2018,3935.76,AFN,270.42
11/03/2013 11:09,WQKMDOFM51577662,Flying Brooms,FGQR22,WVEI17,59850.0,USD,5000,20/11/2014,11.97,USD,13.64
11/03/2013 11:09,UWPWOAMB16604739,Stocks,JVHD93,IBLA29,202758.0,USD,600,20/01/2015,337.93,USD,389.13
11/03/2013 11:10,GUZNESKV94057953,Stocks,DOGG07,DNIL23,137490.0,USD,600,26/11/2017,229.15,USD,250.04
11/03/2013 11:10,UBWATJWZ79185496,Samehadas,GZED20,ZMLP81,2385280.0,USD,8000,07/12/2018,298.16,USD,274.31
11/03/2013 11:11,LAWBWBXH71505099,Rare Candies,SHXQ48,PIFN94,112460.0,USD,1000,21/10/2016,112.46,USD,134.23
11/03/2013 11:11,MFRAGNEZ23476618,Stocks,AWYB85,HPTP65,18611.0,USD,100,27/03/2016,186.11,USD,179.63
11/03/2013 11:11,UDPAYPLN66606588,X-Potions,SHXQ48,CMZC67,1063920.0,USD,6000,02/08/2018,402.29,NAD,194.72
11/03/2013 11:11,CROSIVZI30575194,Stocks,MKHA46,HFLM11,745980.0,USD,6000,20/12/2014,124.33,USD,138.63
11/03/2013 11:11,EQKDUHSN42659868,Stocks,KUWI70,LBKT00,1338.0,USD,200,14/03/2014,6.69,USD,6.89
11/03/2013 11:12,VOPPICKX98362847,Stocks,LAUA80,PQSW95,794.79,JPY,900,12/09/2018,18.91,USD,1.03
11/03/2013 11:12,RBAGHREE02042929,Horcuxes,SFZS08,LBKT00,76572.0,USD,400,29/11/2017,191.43,USD,210.16
11/03/2013 11:12,UKWGJVMK93484032,Rings of Stealth,QXFF29,RLZK87,107964.0,USD,400,03/02/2014,269.91,USD,293.75
11/03/2013 11:12,TSYAKIFZ70623650,Stocks,QODV38,VPTI00,94780.8,AOA,300,25/04/2016,50.19,USD,276.94
11/03/2013 11:12,FPLUHAES70318229,Books of Cagliostro,YTAI13,MSHS03,39109915.74,SBD,30000,23/08/2017,136.78,USD,1293.34
11/03/2013 11:12,EHMGBPAN46293633,Stocks,FYYD57,MSHS03,222540.0,USD,2000,28/07/2017,111.27,USD,93.97
11/03/2013 11:13,NVXWLROD82020407,Vagyrisk Claws,MEOQ86,SHXQ48,8050.0,USD,200,12/08/2014,119.4,SOS,35.55
11/03/2013 11:14,IVVUIJCE42682520,Stocks,WVEI17,SWGF93,9070.0,USD,200,20/12/2017,4.12,BGN,46.02
11/03/2013 11:14,IGXMHUPQ18971224,Blinds,PNFK78,ZEHM52,70125.0,USD,500,18/08/2018,140.25,USD,159.89
11/03/2013 11:14,LEBMBGQR20296044,Moloko Plus,GGLV00,BPLN25,82533.04,NAD,700,29/09/2014,51.97,USD,101.02
11/03/2013 11:14,WXOTFSPN71034809,Stocks,GBEZ65,PKBF70,968450.0,USD,5000,17/08/2014,193.69,USD,176.39
11/03/2013 11:15,WHQMDNRV90652938,Angainors,DDIB11,KRRO64,12514478.4,NPR,40000,08/12/2018,274.32,USD,357.91
11/03/2013 11:15,IFMRYTOT06220939,Stocks,CIXF70,KUWI70,1437.11,MNT,700,01/04/2017,12.02,USD,1.64
11/03/2013 11:15,CKCGGXGC68137247,Stocks,IIZF28,EWUY52,3010183.49,NZD,8000,10/02/2015,732.81,OMR,326.87
11/03/2013 11:15,IHFUMYYI11687423,Stocks,FAWI50,JCWS17,6688500.0,USD,30000,08/07/2018,661.38,SOS,196.23
11/03/2013 11:15,ZXJUORCX53153711,Earth Harps,OHKH76,JCWS17,81610.0,USD,500,18/03/2015,163.22,USD,191.28
11/03/2013 11:16,MBWVXVUM62806301,Sabor de Soledad Chips,GSTD71,DBCS17,5600219.69,MWK,6000,30/01/2018,151.59,USD,854.59
11/03/2013 11:16,UDFYAFYX18049509,Scope Lens,VAHJ53,UACN81,442431.02,VND,5000,14/04/2017,14.43,USD,77.47
11/03/2013 11:16,SMJUGRQS44040541,Stocks,TKVF94,IJPI82,4443500.0,USD,50000,25/07/2017,88.87,USD,96.19
11/03/2013 11:16,XAVKSEQU34666627,Futuros,ISWT83,IZTD25,154200.0,USD,400,04/08/2014,385.5,USD,402.85
11/03/2013 11:16,SZIUKBMD98079614,Stocks,AMRO66,UIKN63,116408.0,USD,800,27/05/2017,145.51,USD,159.93
11/03/2013 11:17,IXFNFWND11919787,Raiden Disks,QODV38,KRRO64,9198.0,USD,200,23/09/2014,45.99,USD,39.39
11/03/2013 11:17,BHOHHOZL27007980,Badgers,WVEI17,GGLV00,4205320.0,USD,7000,24/07/2015,600.76,USD,564.54
11/03/2013 11:17,KVHTKCAM29900146,Stocks,ISWT83,FAWI50,152718.0,USD,600,28/02/2014,254.53,USD,228.48
11/03/2013 11:17,SEDTNIUY60375165,Stocks,UEVD88,EKXA24,209286.75,MAD,1000,09/02/2015,80.65,USD,234.56
11/03/2013 11:17,ODJOSTOB16420584,Scripts,ZSXF19,DNIL23,43547.0,USD,700,27/06/2014,62.21,USD,53.2
11/03/2013 11:17,AGEVBSMD36188766,Expert Belts,MYXF05,HXDA52,159385.0,USD,500,17/03/2014,1116.68,SHP,341.78
11/03/2013 11:17,NXVPEUAY80697276,Stocks,AYIH50,MYXF05,42375.33,MKD,800,17/12/2017,12.7,USD,53.67
11/03/2013 11:18,BJLIICWU20027674,Holy Bones,UEVD88,IIZF28,23527000.0,USD,70000,12/03/2017,336.1,USD,297.64
11/03/2013 11:18,OTMEXBMN11675462,Stocks,FORM54,UEVD88,64806.0,USD,300,09/07/2016,216.02,USD,192.77
11/03/2013 11:19,HUXKMUDO33954432,Horns of Plenty,SBUT62,ZNQA84,237528.0,USD,900,11/02/2018,263.92,USD,256.77
11/03/2013 11:19,NEZNCJPB28383653,Stocks,HWHS51,IZTD25,75096.0,USD,800,14/12/2018,93.87,USD,80.53
11/03/2013 11:19,ZHUULNCD24015110,Golden Lucky Cats,MFJJ99,KRRO64,1634340.0,USD,6000,07/07/2016,272.39,USD,297.05
11/03/2013 11:20,ZTUIEZNG17213839,Beams,DBCS17,UEVD88,793500.0,USD,30000,02/11/2017,26.45,USD,23.78
11/03/2013 11:21,FBWFPOKQ50555007,Moranth Smokers,MYXF05,IIZF28,43495550.64,BSD,60000,03/11/2014,95.39,USD,661.25
11/03/2013 11:21,KOWQFRNX46576818,Stocks,EMNK67,TYAE14,272760.0,USD,4000,16/06/2016,68.19,USD,78.79
11/03/2013 11:21,YVKUMRDG54527032,Stocks,UEVD88,MHFC34,22226.0,USD,200,02/02/2016,111.13,USD,128.03
11/03/2013 11:21,XVRLERKX58903580,Destiny Knots,QODV38,XRBV61,98047.35,LRD,1000,08/04/2016,23.85,USD,90.63
11/03/2013 11:22,DUPDFORP93246973,Bombchus,IJPI82,OPET16,203440.0,USD,400,29/06/2017,508.6,USD,525.57
11/03/2013 11:22,BKWGSMKK20302833,Pulse Rifles,VPTI00,PKBF70,4750.0,USD,200,26/01/2016,23.75,USD,21.36
11/03/2013 11:22,DMJPZGGN13356309,Stocks,QBAP68,IIZF28,7536200.0,USD,70000,10/07/2014,724.52,SAR,96.3
11/03/2013 11:22,RPQRWCLE72812380,Meow Meow Beans,MFJJ99,UEVD88,7481772.42,MYR,500,23/12/2016,276.23,USD,13227.15
11/03/2013 11:22,JQDWEEPL41237657,Stocks,FORM54,TBVE46,141984.0,USD,800,14/10/2015,785.49,EGP,156.07
11/03/2013 11:22,ICCMLBPN37627351,Stocks,TKVF94,DJNE62,51220.0,USD,500,23/07/2014,102.44,USD,87.33
11/03/2013 11:22,XKAJVUDU28149033,Stocks,PIFN94,PVAZ61,2876000.0,USD,20000,15/04/2017,143.8,USD,141.33
11/03/2013 11:22,DLYYJNIJ21477774,Decks of Many Things,RJCA92,UFAY59,11165500.0,USD,50000,11/11/2016,223.31,USD,178.53
11/03/2013 11:22,HFYONDBN05259687,Golden Ink Pots,HSWX88,ZXVX98,6490977.57,NAD,6000,04/08/2017,476.85,USD,856.87
11/03/2013 11:22,SGTCOOKA73288024,Shields of Reflection,QHXJ50,CQPJ57,2412595.36,LAK,7000,01/04/2014,82.88,USD,410.4
11/03/2013 11:22,ZYGIZAOQ05760410,Wands of Watoomb,PNFK78,VKMV12,111038.0,USD,200,17/10/2015,555.19,USD,622.89
11/03/2013 11:23,RLLIKHQL18843816,Stocks,EMNK67,MKHA46,1836540.0,USD,9000,23/03/2014,204.06,USD,194.4
11/03/2013 11:23,GXJYJCQL35766235,Stocks,HSWX88,HWJF09,14266400.0,USD,80000,10/04/2014,178.33,USD,168.29
11/03/2013 11:23,ZNEYPZDI99698673,Stocks,ZELV96,NCYN50,31291.68,ANG,300,10/10/2015,11.82,USD,102.22
11/03/2013 11:23,JWKKKHEK41305222,Tasters,NCXS33,MKHA46,19915500.0,USD,50000,13/01/2016,398.31,USD,436.96
11/03/2013 11:23,RKPDHFXU00925849,Stocks,IZLM67,FORM54,4941.0,USD,300,09/09/2017,16.47,USD,15.18
11/03/2013 11:24,LOJYYWGC82688019,Stocks,HPTP65,NXTO39,126603.0,USD,900,25/10/2018,140.67,USD,162.19
11/03/2013 11:24,HBLJUIYL10316141,Millennium Scales,VCSF07,VXSM31,1054754.05,LSL,7000,27/08/2016,77.47,USD,164.03
11/03/2013 11:25,PUKWDBPT85087968,Amulets Versus Poison,QCRG59,PJKH65,39240.0,USD,600,10/06/2016,65.4,USD,74.71
11/03/2013 11:25,YHJSGBTE51447468,Traveler Charms,DVVB31,AMBT33,138504.0,USD,600,26/02/2016,230.84,USD,262.27
11/03/2013 11:25,OCKMQJNG47359510,Dilithium Crystals,HWJF09,IZTD25,425474.96,BWP,400,08/03/2014,339.37,USD,1186.63
11/03/2013 11:25,WMVYMIXN78777958,Stocks,SXHU74,NQJL85,17858262.4,LAK,80000,31/12/2018,53.68,USD,234.03
11/03/2013 11:25,AGUONCAT18837562,Stocks,UACN81,EIWJ22,78280.44,KHR,400,27/02/2014,277.68,WST,205.68
11/03/2013 11:26,POHXIZVL43947902,Bright Powders,VAHJ53,FORM54,4262000.0,USD,20000,09/10/2015,213.1,USD,232.96
11/03/2013 11:26,BZNQLKDC39066923,Argonaughts,UFAY59,GYWU23,1378160.0,USD,4000,25/09/2015,344.54,USD,288.73
11/03/2013 11:26,IMKVAZZT91547316,Stocks,KEVJ11,RQGG65,34671.0,USD,700,01/10/2018,49.53,USD,53.32
11/03/2013 11:26,RYQAKFNA83475346,Sylkis Greens,IIZF28,ZFHD93,512744.0,USD,800,01/09/2015,640.93,USD,762.98
11/03/2013 11:27,WPDPGZOP36602993,Ithildins,FJOI82,ZXVX98,8433818.9,VUV,900,12/11/2016,334.31,USD,9987.29
11/03/2013 11:27,BWNLQRNL71007829,Stocks,FAWI50,UACN81,5346.0,USD,300,15/09/2017,17.82,USD,18.07
11/03/2013 11:27,JEIVHHLF82501282,Stocks,VIMV38,YFAM59,64143.0,USD,900,21/03/2018,71.27,USD,75.74
11/03/2013 11:27,DKDQTIIE55690125,Stocks,MFJJ99,PKBF70,15495200.0,USD,80000,12/06/2014,193.69,USD,161.45
11/03/2013 11:28,IDNOQCXD82646839,Portal Guns,KUWI70,MDEQ10,35692200.0,USD,90000,09/05/2017,396.58,USD,333.82
11/03/2013 11:28,QIPIDMWB76724760,Stocks,JCWS17,ZXVX98,3761700.0,USD,30000,23/08/2016,125.39,USD,112.42
11/03/2013 11:28,PNODOJWZ82419218,DigiBytes,NGBA40,PBFW95,113853.76,SCR,100,26/01/2015,254.24,USD,1255.53
11/03/2013 11:28,CGAAJKUU04111566,Zelo Nuts,SAAM06,NCXS33,66457.69,PLN,4000,01/06/2017,84.38,USD,15.93
11/03/2013 11:28,BNXCTWFV54466533,Stocks,VVBY18,HWHS51,228929.48,AED,1000,04/09/2018,190.87,USD,212.2
11/03/2013 11:28,AMXQMDUB19733867,Stocks,LKPN86,TKVF94,16014.0,USD,600,10/11/2017,9.63,BND,30.0
11/03/2013 11:28,IGLTKLXF91491580,Stocks,BBAX06,ZELV96,9564.0,USD,600,27/02/2016,15.94,USD,17.05
11/03/2013 11:28,RDXESVFR37868985,Stocks,YTAI13,IBLA29,337930.0,USD,1000,10/10/2014,337.93,USD,308.34
11/03/2013 11:29,FPYWBQAZ22277663,Owls of Athena,CBOX52,WIZJ73,1471320.0,USD,6000,02/03/2016,245.22,USD,254.22
11/03/2013 11:29,TFWVEBJK66799846,Marvins,VGYT30,WHPS18,394832.9,LYD,700,09/06/2016,62.69,USD,536.41
11/03/2013 11:29,DMVRLGWQ64140270,Blue Orbs,TFLS35,EWUY52,282519.0,USD,900,27/09/2014,313.91,USD,351.25
11/03/2013 11:29,SUQCIRSK15001515,Rings of Poison Resistance,VPTI00,KTLA69,15714000.0,USD,60000,08/03/2014,261.9,USD,288.51
11/03/2013 11:29,AQOGLBCY08369911,Pokedexes,CMOI26,HXDA52,77590.0,USD,500,13/11/2015,155.18,USD,159.35
11/03/2013 11:29,OSPGCKJB46496024,Stocks,VIMV38,TGZI54,210273.0,USD,700,14/12/2018,300.39,USD,273.31
11/03/2013 11:30,TCNUSWIW75505129,Moranth Melters,MHFC34,VVXA11,168088.0,USD,800,04/06/2014,210.11,USD,224.37
11/03/2013 11:30,LZAEUJDL82518142,Snowballs,HHFP66,YSSR29,34668.0,USD,600,29/03/2017,57.78,USD,48.12
11/03/2013 11:30,OKZHPPBZ73987777,Stocks,YCZA59,RFZG50,12744.0,USD,200,04/06/2015,63.72,USD,67.2
11/03/2013 11:30,EFVXEPME49747274,Stocks,KKGI60,RDBE21,1927.0,USD,100,13/11/2018,19.27,USD,21.67
11/03/2013 11:30,AHEOCNCL98224795,Stocks,LWGE44,RQGG65,1729973.93,RUB,2000,10/12/2014,49.53,USD,953.37
11/03/2013 11:30,NBFJICQS53484892,Fridays,RFZG50,SEKK26,35465628.0,KMF,50000,30/09/2015,102.03,USD,771.43
11/03/2013 11:30,EYKOOGDU18801001,Crystal Balls,OQXV70,QETH27,36568.0,USD,100,03/10/2017,365.68,USD,379.02
11/03/2013 11:31,PHZJRZVH65620027,Magic Beans,IZTD25,MYXF05,609200.0,USD,4000,30/04/2015,152.3,USD,173.46
11/03/2013 11:31,XTYUYEST63102744,Stocks,UACN81,XRBV61,1632720.0,USD,8000,09/10/2016,204.09,USD,195.87
11/03/2013 11:32,HRMNCORP71483988,Thief Gloves,DNIL23,GZED20,25210000.0,USD,50000,02/07/2015,504.2,USD,465.91
11/03/2013 11:32,LWJPCYDX15793232,Cerebros,AYIH50,AMRO66,2810220.0,USD,7000,25/07/2015,401.46,USD,413.95
11/03/2013 11:32,TFCTQVOO76801348,Orcarinas of Time,PKBF70,PIFN94,82686.0,USD,300,11/06/2016,275.62,USD,249.13
11/03/2013 11:32,HXWTXMBQ42397432,Sending Stones,PJKH65,ZEHM52,258488.0,USD,400,02/06/2017,646.22,USD,575.2
11/03/2013 11:32,BWSCRXVR44888629,Stocks,LIIS96,KKGY69,576206.37,CUP,2000,08/12/2015,425.2,QAR,269.08
11/03/2013 11:33,FTEJSBBM83351958,Stocks,NXTO39,VESX21,115288.0,USD,800,29/09/2017,144.11,USD,130.91
11/03/2013 11:33,RNUNRLQJ34883034,Gundams,KEVJ11,SBUT62,29783700.0,USD,90000,26/08/2016,330.93,USD,285.89
11/03/2013 11:33,TEYBWPAY14967655,Stocks,VVBY18,TVQQ54,7087500.0,USD,90000,22/02/2017,78.75,USD,85.82
11/03/2013 11:33,LJMMQXPT08595271,True Names,GBEZ65,FYYD57,706699.35,MOP,8000,20/11/2017,98.69,USD,96.87
11/03/2013 11:33,JNOGSCYQ79688278,Stocks,EMNK67,KEVJ11,12620.0,USD,1000,19/11/2016,12.62,USD,14.4
11/03/2013 11:33,POWFSMZG29613499,Stocks,HXDA52,RNZB01,3605.0,USD,500,18/11/2017,7.21,USD,8.02
11/03/2013 11:34,RPDASNNT01158358,Stocks,JZTC69,KTLA69,123444.76,DZD,300,11/11/2018,122.75,USD,455.91
11/03/2013 11:34,QCEAQYAQ80509730,Stocks,CIXF70,EMNK67,17761213.09,ARS,4000,05/06/2014,235.78,USD,4934.89
11/03/2013 11:34,SSOVZTZX16617087,Oo-Rays,DVVB31,SFEO61,206150.0,USD,700,13/03/2015,294.5,USD,282.9
11/03/2013 11:34,OFTBBDEG71228033,Stocks,VIMV38,SEKK26,46245.0,USD,500,17/07/2016,92.49,USD,82.08
11/03/2013 11:35,ACQXVSAA77382818,Stocks,QCRG59,HXDA52,226740.0,USD,1000,08/05/2016,226.74,USD,220.88
11/03/2013 11:35,HQOVGQUA56958805,V-Tamer Taags,VTKE98,RDBE21,666300.0,USD,5000,06/08/2014,133.26,USD,144.2
11/03/2013 11:36,MZFTZXIQ22258989,Wings of Icarus,PQSW95,CVMG22,104944.0,USD,800,10/09/2014,411.16,BWP,138.58
11/03/2013 11:36,ATUEZQMD28250950,Stocks,HWHS51,TGZI54,19887380.03,AMD,6000,18/09/2014,300.39,USD,2835.35
11/03/2013 11:36,YKNUAFHX47383420,Stocks,QHXJ50,EIWJ22,3561391.93,MYR,700,01/01/2018,93.92,USD,5781.67
11/03/2013 11:36,TQGIHMFR60325406,Wild Card Virus Vials,MKHA46,NQJL85,3939200.0,USD,80000,24/08/2017,49.24,USD,50.54
11/03/2013 11:36,UPEYTBYQ77293419,Water Tablets,SMYT95,CVMG22,13218025.5,LSL,90000,03/10/2015,75.51,USD,159.4
11/03/2013 11:36,CARZIYIL50893537,Wind Shurikens,IJPI82,CMOI26,3761064.97,BOB,900,02/07/2015,1116.98,LBP,3614.22
11/03/2013 11:37,WXOLBQRN67010738,Stocks,KKGY69,QWOA67,6477215.66,ARS,2000,17/01/2017,171.97,USD,3491.1
11/03/2013 11:37,PHHYGHDS70976722,Stocks,QWOA67,QBVN33,66438.0,USD,900,29/04/2015,73.82,USD,87.12
11/03/2013 11:37,DXNQCEGD45142828,Stocks,QAZT26,AMBT33,31235.61,SGD,300,19/11/2017,13.34,USD,89.38
11/03/2013 11:37,GQJVGEVW60705324,Stocks,WWNS72,VGYT30,960663.35,KWD,800,19/01/2018,145.76,USD,1276.83
11/03/2013 11:38,HDPAPFYL42002037,Stocks,BPLN25,HFLM11,172545.17,DKK,1000,03/03/2018,124.33,USD,203.97
11/03/2013 11:38,KIEOEDLF51841350,Stocks,PJKH65,NGBA40,70448.0,USD,800,12/02/2017,88.06,USD,96.17
11/03/2013 11:38,JQBLCWTI26974138,Stocks,DREA89,SXTM39,13285538.76,BIF,60000,28/09/2015,137.54,USD,200.68
11/03/2013 11:39,QMXPOIJI01670940,Ultrons,QOKP03,RDBE21,18752800.0,USD,80000,22/12/2014,234.41,USD,254.33
11/03/2013 11:39,RAGWKJMU53504910,Stocks,BDBU00,UIKN63,404263.16,SRD,500,16/07/2016,145.51,USD,767.96
11/03/2013 11:39,JNVZVBLQ41058760,Mocchi Disks,PJKH65,VVBY18,203700.0,USD,3000,25/08/2017,67.9,USD,57.68
11/03/2013 11:39,FOBQRJJC65313996,Ring Targets,VLJL11,MYXF05,5370344.86,MMK,4000,11/06/2017,2969.29,ILS,1439.26
11/03/2013 11:39,RMHRUTAG33602196,Stocks,SMYT95,MSHS03,335699.36,DZD,900,19/12/2017,111.27,USD,429.35
11/03/2013 11:39,ZFJEBLIE74458644,Stocks,QBVN33,DVVB31,16746400.0,USD,80000,20/03/2014,209.33,USD,225.63
11/03/2013 11:39,NQPBWXLY45877532,Grip Claws,WHPS18,LBKT00,304178.9,STD,200,10/11/2016,312.1,USD,1475.75
11/03/2013 11:40,FCHVHFCU22132333,Stocks,GZED20,FTFI87,15793600.0,USD,80000,27/05/2016,1449.16,DOP,221.25
11/03/2013 11:40,EPQNYBEQ05882147,Stocks,EMNK67,ZSXF19,16226.0,USD,200,29/07/2018,81.13,USD,96.06
11/03/2013 11:40,SXQSBFPE47161268,Doodle Disks,NFAH30,QWOA67,941120.0,USD,8000,16/11/2014,117.64,USD,133.48
11/03/2013 11:40,IHXALFNK05635600,Bright Powders,SZRJ90,FORM54,7629832.4,MOP,40000,27/05/2014,213.1,USD,194.75
11/03/2013 11:41,YLDAMYRE58602194,Stocks,VVBY18,CVMG22,150370.18,AOA,400,05/01/2017,59.72,USD,355.89
11/03/2013 11:41,ZLLMOEDY71734705,Stocks,KTLA69,SBUT62,792155.54,PAB,1000,15/03/2014,67.85,USD,715.51
11/03/2013 11:41,FDYUOSID37483181,Stocks,JVHD93,JZTC69,43476.0,USD,200,21/06/2015,217.38,USD,248.06
11/03/2013 11:41,DGZMCQSR66917775,Stocks,YLGZ72,RJCA92,228545.53,UYU,300,22/09/2018,19.53,USD,737.69
11/03/2013 11:41,YCLEOQBZ69637080,Stocks,KUWI70,NGBA40,1761200.0,USD,20000,05/08/2015,88.06,USD,102.46
11/03/2013 11:41,EPIWZCFY13988789,Stocks,HXDA52,UIKN63,87306.0,USD,600,25/11/2017,145.51,USD,129.74
11/03/2013 11:41,OFASOVGP25461840,Stocks,MFZY76,QCRG59,473250.0,USD,3000,08/10/2018,157.75,USD,149.82
11/03/2013 11:42,YMHDDDRF40189351,Red Cards,GZED20,JVHD93,10480200.0,USD,30000,26/08/2015,349.34,USD,388.19
11/03/2013 11:42,ELYTECWT87225895,Stocks,KTLA69,YFAM59,213810.0,USD,3000,14/05/2017,71.27,USD,67.86
11/03/2013 11:42,REYDXVVW16916650,Treasure Mappers,CVMG22,EMNK67,130950.0,USD,900,20/06/2016,145.5,USD,167.54
11/03/2013 11:42,WYOPJFHC69742026,Strongest Potions,RNZB01,VVXA11,802300.0,USD,10000,13/09/2014,80.23,USD,87.71
11/03/2013 11:43,WJHODMCM26839302,Cainhurt Summons,ITTS26,KEVJ11,10929.82,BGN,400,06/03/2016,300.6,USD,29.02
11/03/2013 11:43,CAUEREXN82263808,Amulets of Reflection,VVXA11,UHOG52,892320.0,USD,8000,20/11/2016,111.54,USD,120.52
11/03/2013 11:43,XDTECYJG68978483,Stocks,QAZT26,MFZY76,112435823.1,CVE,60000,24/07/2016,143.45,USD,2008.44
11/03/2013 11:43,HFLBIXPP27188241,Stocks,GSTD71,YWMD69,718696.14,SYP,700,09/11/2016,1900.98,SBD,1115.39
11/03/2013 11:43,RHCAUASE68713251,Stocks,UWUK72,QLMY86,68181.0,USD,300,19/12/2017,227.27,USD,211.64
11/03/2013 11:43,DCWMRRHJ37858803,Mental Herbs,VGYT30,HSWX88,10570800.0,USD,40000,18/03/2014,264.27,USD,232.89
11/03/2013 11:44,MHRFKDKH23541532,Amulets of Change,UEVD88,CQPJ57,15806.54,PLN,300,21/07/2016,267.59,USD,60.97
11/03/2013 11:44,VPWXDZSX83952821,Wonka Bars,SHXQ48,AWYB85,363764.01,KHR,800,27/10/2014,218.22,USD,457.05
11/03/2013 11:44,JHVIKSUW10394110,Stocks,AMRO66,CQPJ57,196068.48,ZMK,800,19/04/2015,115.7,NAD,209.19
11/03/2013 11:44,PKNOQJXT04720616,Beams,WHPS18,UEVD88,23805.0,USD,900,11/07/2017,26.45,USD,29.84
11/03/2013 11:44,KFKWBUDY03743198,Jumping Boots,CIXF70,SFEO61,2730900.0,USD,30000,19/03/2016,91.03,USD,87.44
11/03/2013 11:44,DVZUIEHK11954302,Rings of Hunger,MFJJ99,ITTS26,20559600.0,USD,90000,20/04/2016,39.22,NGN,250.55
11/03/2013 11:44,EWLKXAYP59179599,Digivices,QLMY86,HWJF09,85122.0,USD,900,12/08/2014,94.58,USD,85.96
11/03/2013 11:44,LKIAXCNK53686505,Rings of Teleportation,VESX21,CBOX52,16703100.0,USD,90000,13/10/2018,185.59,USD,213.61
11/03/2013 11:45,YCAIZPEK97895335,Stocks,SFEO61,MDEQ10,213390.0,USD,3000,13/12/2017,71.13,USD,53.36
11/03/2013 11:45,SIOELMPM25659286,Stocks,MFZY76,CQPJ57,7610.22,KRW,600,25/07/2018,51.0,USD,12.16
11/03/2013 11:45,GEJKUABS27641940,Stocks,AYIH50,OPZI26,127922483.22,TWD,8000,02/04/2015,34.69,USD,14275.18
11/03/2013 11:46,SFBXRHCG79864985,Stocks,ZNQA84,CMZC67,74510.0,USD,1000,25/10/2014,74.51,USD,90.36
11/03/2013 11:46,RBUFXBOY68511202,Evangelions,QXFF29,NGBA40,146454088.8,FKP,40000,03/01/2017,491.16,USD,3576.29
11/03/2013 11:46,QFSWSUPN60802371,Stocks,CUVZ50,CMZC67,2235300.0,USD,30000,10/03/2016,74.51,USD,86.53
11/03/2013 11:46,NGDMEXHW53171061,Lead Elixirs,HHFP66,NGBA40,124548.23,VEB,800,09/08/2015,120.93,USD,146.74
11/03/2013 11:47,UDYFZCXJ93547772,Stocks,UWUK72,FTFI87,3687.81,JPY,400,28/08/2014,197.42,USD,7.76
11/03/2013 11:47,JJGECDTO50282209,Stocks,CMZC67,DJNE62,313461.28,BZD,500,02/10/2017,102.44,USD,755.5
11/03/2013 11:47,GIMIQDKI74712317,Momentum Gliders,PJKH65,SRYE59,1298320.0,USD,8000,21/08/2018,162.29,USD,151.07
11/03/2013 11:47,LQVYKFHW16185155,Destiny Knots,HNLV68,XRBV61,9540.0,USD,400,16/04/2015,83.54,KZT,28.21
11/03/2013 11:47,AWDOIOEL85092100,Stocks,FORM54,BBAX06,223650.0,USD,7000,14/05/2014,31.95,USD,32.82
11/03/2013 11:47,SBFFOKXW27116920,Stocks,LIJW00,RJCA92,15624.0,USD,800,11/04/2017,19.53,USD,17.59
11/03/2013 11:47,RQYPVEBS38903899,Wonka Bars,HHOA99,AWYB85,174576.0,USD,800,25/11/2014,218.22,USD,250.17
11/03/2013 11:48,IYHPTCUS45821190,Stocks,QWOA67,VCSF07,28998.0,USD,900,14/09/2016,32.22,USD,30.76
11/03/2013 11:48,PTOMBMYE58522963,Mermaid Coins,ITTS26,FAWI50,12505.6,PEN,400,26/01/2015,141.98,USD,30.6
11/03/2013 11:48,NDQSNJDF88470349,Stocks,ESPL27,SEKK26,277470.0,USD,3000,03/04/2018,92.49,USD,100.04
11/03/2013 11:48,FPMIASOT96543035,Stocks,LBKT00,EIWJ22,948178.75,CUP,4000,10/09/2017,93.92,USD,213.71
11/03/2013 11:48,ILWGFFTG93883160,Hoverboards,WIZJ73,MFZY76,20058.0,USD,600,24/05/2018,33.43,USD,30.12
11/03/2013 11:49,WRLBMEIS13624914,Blood Dregs,SHXQ48,MDEQ10,2808000.0,USD,20000,08/04/2014,140.4,USD,132.54
11/03/2013 11:49,HOZDSDHA14748220,Stocks,EKXA24,ORQH73,189056.0,USD,700,07/06/2016,270.08,USD,257.24
11/03/2013 11:50,GCXMXIHH18685322,Futuros,KEVJ11,IZTD25,115650.0,USD,300,26/08/2015,385.5,USD,410.16
11/03/2013 11:50,HLHSUUMU34165139,Stocks,MKHA46,YCZA59,69504802.5,KGS,70000,17/10/2016,118.1,USD,1101.6
11/03/2013 11:50,QYEWPMYY79504113,Simarils,SRYE59,TVQQ54,65748.0,USD,600,23/04/2017,109.58,USD,105.29
11/03/2013 11:50,RKDZCGZZ32178520,Rings of Gain Strength,SFZS08,OQXV70,29691.0,USD,300,23/07/2016,98.97,USD,107.86
11/03/2013 11:51,CZVJEQUG38272381,Night Dust,FGQR22,QLMY86,50766.0,USD,200,03/04/2016,253.83,USD,302.05
11/03/2013 11:51,BTYKQKHH11607822,Infinity Gauntlets,KKGI60,AGBH66,69937.92,JPY,90000,17/02/2016,16.64,USD,0.7
11/03/2013 11:51,KAFIZPOF16750765,Stocks,NGBA40,HWJF09,810509.85,BGN,50000,22/09/2016,178.33,USD,19.12
11/03/2013 11:51,VPLRBECX80532297,Stocks,NFAH30,NCYN50,3164970.48,RWF,40000,16/04/2018,11.82,USD,67.93
11/03/2013 11:52,ZCWVOXFQ88677706,Stocks,CMOI26,GYWU23,6552.0,USD,400,31/03/2018,16.38,USD,18.26
11/03/2013 11:52,CJAZEOHR57434545,Stocks,BMRZ75,MRAH32,44888.0,USD,400,29/03/2016,112.22,USD,108.18
11/03/2013 11:52,ABGZSCHH69416946,Rings of Gain Strength,PNFK78,OQXV70,124599.27,AOA,200,09/11/2017,98.97,USD,691.89
11/03/2013 11:52,VDOBKOPA73350366,Excalibers,HXDA52,UWUK72,177500.0,USD,5000,03/09/2018,35.5,USD,34.15
11/03/2013 11:52,RTUSMWQP77223249,Stocks,RDBE21,KKGY69,684900.0,USD,6000,27/08/2015,114.15,USD,126.88
11/03/2013 11:52,OZHGZCTN81870946,Shooters,SEKK26,LBKT00,177500.0,USD,5000,23/04/2017,35.5,USD,38.34
11/03/2013 11:52,RJIIJKUS35716838,Meat Sticks,GGLV00,SFZS08,2457489.92,AOA,2000,24/11/2017,195.2,USD,1409.42
11/03/2013 11:52,MIYFISTI89743275,Rings of Regeneration,QBAP68,GZED20,3341194.53,WST,8000,03/01/2018,141.26,USD,352.13
11/03/2013 11:52,SGQNUQPY71167074,Stocks,OHKH76,HWHS51,107958744.18,UGX,60000,04/02/2015,190.87,USD,1950.43
11/03/2013 11:52,MHEBWYHX71427255,Stocks,VPTI00,TQSJ85,19948.0,USD,100,10/09/2018,199.48,USD,187.78
11/03/2013 11:53,ILXCZIMX89517851,Stocks,VLJL11,HWHS51,133609.0,USD,700,03/06/2016,390.83,HNL,190.96
11/03/2013 11:53,RETQRFXW04573353,Diverseys,HWHS51,TQSJ85,1577711.98,MXN,2000,14/12/2017,137.35,USD,748.19
11/03/2013 11:53,WPPYAEUA51981008,Stocks,FJOI82,KEVJ11,8834.0,USD,700,01/11/2017,12.62,USD,14.2
11/03/2013 11:53,LFRKVUDU88265151,Stocks,YSSR29,CQPJ57,288135.72,ARS,300,24/05/2018,51.0,USD,989.66
11/03/2013 11:53,ZJZOTQMG75486081,Orbs of Agamotto,PVAZ61,DGTY64,367939.71,ISK,700,12/02/2014,166.07,USD,566.01
11/03/2013 11:54,IDULSUSD76668871,Stocks,EWUY52,YOQG45,7083473.8,ZAR,50000,14/05/2014,29.77,USD,132.38
11/03/2013 11:54,COBEROIA57961998,Stocks,LKPN86,SRYE59,95548.53,CUC,7000,15/11/2014,2.66,USD,12.78
11/03/2013 11:54,XEQPRQPZ74544881,Sending Stones,QBAP68,ZEHM52,5169760.0,USD,8000,14/11/2014,646.22,USD,587.44
11/03/2013 11:54,FCTTDEVM19393947,Rare Candies,AHMZ79,PIFN94,101214.0,USD,900,08/06/2016,9483.62,BBD,124.35
11/03/2013 11:55,DBDVXMQG07500949,Golden Ink Pots,MEOQ86,ZXVX98,238425.0,USD,500,15/02/2017,476.85,USD,524.64
11/03/2013 11:55,CPRBDDSM50750419,Curse Masks,INIL60,ZNQA84,60311.12,NAD,800,18/02/2014,33.23,USD,75.96
11/03/2013 11:55,RGFKFQUC56442363,Celestial Dials,CVMG22,INIL60,708400.0,USD,4000,10/02/2014,177.1,USD,203.14
11/03/2013 11:56,IXWVATWD24463147,Metronomes,MSHS03,YWMD69,746527.45,UYU,200,24/10/2016,95.69,USD,3442.46
11/03/2013 11:56,YFUEDRPN89630055,Stocks,VESX21,KKGI60,40346649.18,JOD,90000,07/08/2016,713.08,GEL,385.16
11/03/2013 11:57,CKKGAPQA27648040,Frost Horns,BPLN25,BBJG05,6113904.53,SLL,5000,21/11/2015,331.35,USD,1197.37
11/03/2013 11:57,WSASTUFH08899035,Stocks,GZED20,HHOA99,7488.0,USD,600,17/05/2016,12.48,USD,12.37
11/03/2013 11:57,SXPYDMWZ18271650,Stocks,ZXVX98,UIKN63,727550.0,USD,5000,24/10/2014,145.51,USD,129.92
11/03/2013 11:57,MCMCTHSV27153672,Stocks,PIFN94,HPTP65,93055.0,USD,500,25/05/2014,186.11,USD,166.6
11/03/2013 11:57,YCSQJXBF69836523,Souls,YTAI13,HHFP66,512940.0,USD,6000,17/10/2015,85.49,USD,78.43
11/03/2013 11:58,AXIMZESU86590599,Behelits,KKGI60,QCRG59,19113000.0,USD,20000,12/09/2018,955.65,USD,1057.06
11/03/2013 11:58,FJSWLUIM94157598,Stocks,MFZY76,CQPJ57,20400.0,USD,400,13/07/2014,51.0,USD,56.63
11/03/2013 11:58,NRRQHRIT88965105,Blasting Rods,MYXF05,CUVZ50,1096850.0,USD,5000,11/11/2018,219.37,USD,199.48
11/03/2013 11:58,KWTXSHSG05393676,Stocks,HYSJ42,ZXVX98,501560.0,USD,4000,07/06/2016,125.39,USD,115.75
11/03/2013 11:58,DVWNKPOD97011931,Iron Sands,WVEI17,YTAI13,7823000.0,USD,20000,04/01/2016,22581.83,PHP,419.93
11/03/2013 11:59,CSHRLSYZ52058696,Stocks,DGTY64,FTFI87,10301671.73,FKP,7000,26/09/2015,197.42,USD,1576.54
11/03/2013 11:59,OHLIJKSO13683228,Hades Helms,NCYN50,ZELV96,872499.46,MRO,700,26/07/2017,784.02,BIF,1194.72
11/03/2013 11:59,NNYUDQXU43982292,White Gold Rings,FTFI87,SXHU74,77686.0,USD,700,21/06/2014,110.98,USD,125.19
11/03/2013 11:59,GIPSXNZX62886576,Stocks,CIXF70,NCCX02,386800.0,USD,2000,19/06/2014,193.4,USD,171.42
11/03/2013 11:59,ZPWINHCZ63637731,Stocks,DILF10,SUOX82,67218.09,DKK,300,29/04/2014,161.45,USD,220.29
