dateOfTrade,tradeID,product,buyingParty,sellingParty,notionalAmount,notionalCurrency,quantity,maturityDate,underlyingPrice,underlyingCurrency,strikePrice
03/10/2012 00:00,NEBZKOAV96762356,Razor Fangs,ORQH73,YSSR29,12782.0,USD,700,30/11/2017,18.26,USD,19.6
03/10/2012 00:01,ZXULSJME36213899,Nanotech Crates,GZED20,EDYH00,832000.0,USD,2000,20/07/2013,416.0,USD,465.25
03/10/2012 00:01,LAGBKFBL24869025,Dream Powder,MKHA46,LIIS96,9353.0,USD,100,12/02/2013,93.53,USD,85.03
03/10/2012 00:01,CIOWREUQ30019379,Blood Dregs,SUOX82,MDEQ10,118335.0,USD,700,17/02/2014,169.05,USD,185.89
03/10/2012 00:01,YZQILNRD09613525,Falco Disks,QLCE04,CBOX52,1202160.0,USD,6000,23/08/2017,200.36,USD,210.7
03/10/2012 00:02,ENKDEFBF22547257,Stocks,HNLV68,ZDAI73,11128200.0,USD,60000,02/04/2014,185.47,USD,212.06
03/10/2012 00:02,FQDEFMKZ45620208,Damp Rocks,SXTM39,YLGZ72,3623200.0,USD,70000,14/01/2017,51.76,USD,44.3
03/10/2012 00:02,GIFIMCGR99165813,Stocks,CQPJ57,DREA89,1214395.43,GHS,2000,16/08/2017,67.01,USD,637.54
03/10/2012 00:02,RHKMWLAD77676072,Stocks,LWGE44,HHOA99,12582.0,USD,900,05/05/2017,13.98,USD,16.04
03/10/2012 00:02,NEDVSIYA01812747,Cockatrice Claws,ZMLP81,PBFW95,1046.0,USD,200,10/04/2016,5.23,USD,5.69
03/10/2012 00:03,PLYQWGKP19362011,Stocks,GBEZ65,DDIB11,6588.0,USD,400,16/03/2014,16.47,USD,17.39
03/10/2012 00:03,XCQRKYHC15053287,Rune Bars,SWGF93,ZNQA84,27770400.0,USD,90000,25/02/2015,308.56,USD,347.35
03/10/2012 00:03,RHVBMOHB18626299,DigiBytes,UWUK72,PBFW95,252378.0,USD,900,05/11/2015,280.42,USD,274.76
03/10/2012 00:03,PKSMZRZK12108431,Stocks,BPLN25,NFAH30,117108.0,USD,400,16/12/2013,292.77,USD,240.46
03/10/2012 00:03,TIJIYZHW57862417,Fog Pots,YLGZ72,VAHJ53,135792.0,USD,800,10/01/2013,169.74,USD,131.5
03/10/2012 00:03,EAPGSWQH68798125,Rejuvenation Tanks,YCZA59,PQSW95,2294037.85,BZD,500,16/05/2016,794.94,USD,3943.9
03/10/2012 00:04,TCZWNWVC83593989,Stocks,GZED20,SXHU74,22602.0,USD,200,01/07/2015,113.01,USD,98.69
03/10/2012 00:04,NSSPQHEE05172033,Stocks,KTLA69,DVVB31,21192.0,USD,100,19/01/2014,211.92,USD,239.81
03/10/2012 00:04,CPXOIIEV38461780,Holy Hand Grenades,ISWT83,VLJL11,50439666.55,DZD,70000,27/02/2015,212.45,USD,814.4
03/10/2012 00:04,QFWPVUFO96155070,Stocks,LIIS96,BBJG05,1120517.25,KES,1000,29/12/2015,203.25,USD,1014.31
03/10/2012 00:05,QRYCPGZV51470738,Knightmare Frames,YSSR29,YFAM59,270532.51,TMM,200,26/05/2017,384.17,USD,1147.42
03/10/2012 00:05,MMAAZWJE76880261,Stocks,DJNE62,YLGZ72,397709.4,RUB,300,07/10/2016,74.57,USD,1410.9
03/10/2012 00:05,BDRUXOJQ67014425,Stocks,UFAY59,CIXF70,559700.0,USD,10000,16/12/2017,55.97,USD,50.13
03/10/2012 00:07,AFVNVQSC50000979,Ruby Slippers,XRBV61,FYYD57,155400.0,USD,3000,12/03/2014,46.77,THB,43.6
03/10/2012 00:07,UQYVZWTY98330718,Stocks,GGLV00,LBKT00,61880.0,USD,7000,21/02/2016,8.84,USD,9.24
03/10/2012 00:07,JUABDYJB23596311,Stocks,VXSM31,KEVJ11,117880.84,ZWD,2000,15/06/2015,12.63,USD,47.51
03/10/2012 00:07,NCGYNSAR11525389,Stocks,MFJJ99,YOQG45,4600.0,USD,200,12/06/2015,23.0,USD,26.37
03/10/2012 00:07,YJCPOWIF61366185,Stocks,QLMY86,VLJL11,8933700.0,USD,30000,19/07/2015,297.79,USD,336.4
03/10/2012 00:07,YFTWWALR53624866,Grassy Seeds,CVMG22,XHYN07,76652.51,ARS,400,17/04/2015,9.12,USD,172.14
03/10/2012 00:08,ETUFXOJK62131586,Ultra Balls,DBCS17,SAAM06,7972.0,USD,100,10/05/2015,79.72,USD,83.91
03/10/2012 00:08,WQJKKNRW53436476,Choice Bands,NCXS33,AMRO66,99344.0,USD,700,08/07/2016,141.92,USD,153.36
03/10/2012 00:08,PZGEPUXN44602198,Stocks,HHOA99,SXTM39,85308.0,USD,600,19/02/2017,142.18,USD,127.45
03/10/2012 00:08,JBWPPPBQ11531693,Stocks,MFZY76,YCZA59,16837.22,THB,200,09/09/2013,93.25,USD,92.51
03/10/2012 00:09,LPMZCZYO74321164,X-Antibodies,GYWU23,ZDAI73,96016.0,USD,200,15/10/2017,480.08,USD,396.86
03/10/2012 00:10,ADUGWWWM33516757,Stocks,QHXJ50,WHPS18,6630.0,USD,200,25/03/2014,33.15,USD,35.73
03/10/2012 00:10,FJNUTUID91977337,Stocks,MRAH32,QHXJ50,48950.0,USD,500,23/07/2013,97.9,USD,102.17
03/10/2012 00:11,CQTNUHYZ82343777,Stocks,UEVD88,DGTY64,4941.0,USD,300,11/05/2016,16.47,USD,13.08
03/10/2012 00:11,RHKBPGGK53310670,Stocks,IJPI82,UWUK72,1065510.0,USD,9000,04/07/2015,118.39,USD,109.19
03/10/2012 00:11,PGDNBQZI27908970,Vibranium Bars,TYAE14,MSHS03,2434600.0,USD,5000,10/10/2015,486.92,USD,586.81
03/10/2012 00:11,UYUKMUIT82739594,Rings of Gain Constitution,HHFP66,YSSR29,148180.0,USD,1000,21/07/2017,148.18,USD,112.33
03/10/2012 00:12,ROFWCDFO68401290,Stocks,DGTY64,JVHD93,754579.8,SCR,30000,14/06/2014,50.77,PKR,29.38
03/10/2012 00:12,USBOHYJQ41319130,Stocks,WIZJ73,KRXZ15,50100.0,USD,200,29/08/2013,250.5,USD,277.17
03/10/2012 00:12,FPQVRIRC93152320,Stocks,AGBH66,ZEHM52,618060.0,USD,6000,20/05/2016,103.01,USD,106.97
03/10/2012 00:13,ETUTNAYN58252676,Luckstones,QCRG59,VKMV12,208190.0,USD,1000,05/03/2014,19640.89,BBD,232.17
03/10/2012 00:13,TVURURSA30246908,Star Rubies,SFZS08,GYWU23,3733359.0,RUB,700,24/10/2017,300.0,USD,4737.06
03/10/2012 00:13,LQBSMREN85418623,Energon Cubes,MSHS03,VESX21,413112.0,USD,800,18/03/2016,516.39,USD,433.2
03/10/2012 00:14,QLGLNSTK23916544,Djinns,ORQH73,BDBU00,18705.0,USD,100,20/08/2017,187.05,USD,170.14
03/10/2012 00:14,JCMPCEFA96850741,Evangelions,ZEHM52,NGBA40,8059600.0,USD,20000,16/11/2015,402.98,USD,431.99
03/10/2012 00:14,CJMREJRN49592961,Fog Pots,DJNE62,VAHJ53,15276600.0,USD,90000,25/02/2016,169.74,USD,131.14
03/10/2012 00:14,VFIXKREI93867372,Stocks,QMZU44,BPLN25,3720854.75,DOP,4000,19/11/2014,124.42,USD,1028.07
03/10/2012 00:14,CRXMITXD88327979,Stocks,WWNS72,ZEHM52,8439825.62,UAH,3000,09/06/2013,103.01,USD,3347.71
03/10/2012 00:14,LBOTEXVU94979669,Gravity Guns,XHYN07,MEOQ86,76640.0,USD,800,13/06/2013,256.13,JOD,107.29
03/10/2012 00:14,GHDHSWRV88219308,Stocks,PIFN94,NCCX02,193640.0,USD,1000,29/06/2017,193.64,USD,213.34
03/10/2012 00:15,JFVBLIHB79337033,Stocks,SXHU74,YWMD69,19342.0,USD,100,20/12/2014,193.42,USD,211.15
03/10/2012 00:15,YXVNYCAK42586833,Stocks,UIKN63,SUOX82,107709.0,USD,700,01/06/2016,153.87,USD,171.91
03/10/2012 00:15,GMRCBFXI62544365,Stocks,CUVZ50,PBFW95,102078.0,USD,600,18/06/2016,170.13,USD,182.49
03/10/2012 00:16,EFJBQTKW82194124,Raiden Disks,PIFN94,KRRO64,26068.0,USD,700,15/06/2016,37.24,USD,35.56
03/10/2012 00:16,RFHWJQMI64781073,Stocks,BDBU00,CBOX52,1167267.71,CNY,800,11/08/2017,229.16,USD,1301.69
03/10/2012 00:16,BOAWOMOF11120570,Stocks,EPZN28,VIMV38,3470600.0,USD,20000,29/08/2014,173.53,USD,207.49
03/10/2012 00:16,EIZFAYIO44962360,Stocks,FORM54,DILF10,954950.0,USD,5000,22/08/2014,190.99,USD,159.39
03/10/2012 00:17,PQRZDUYO06457408,Stocks,XRBV61,HXDA52,1738800.0,USD,9000,27/09/2017,193.2,USD,231.71
03/10/2012 00:17,FNOKZIXB32815134,Stocks,YCZA59,NGBA40,29787.0,USD,300,18/10/2013,99.29,USD,111.5
03/10/2012 00:17,VTFKKOSC12231946,Horns of Plenty,OPZI26,ZNQA84,57098.0,USD,200,14/01/2015,285.49,USD,259.36
03/10/2012 00:18,AULWMFIB57685388,Djinns,FORM54,BDBU00,1496400.0,USD,8000,14/08/2015,187.05,USD,199.21
03/10/2012 00:18,YEADLWXZ40742997,Stocks,OCQF34,VIMV38,52059.0,USD,300,19/04/2015,173.53,USD,192.89
03/10/2012 00:18,DJELNPII48456181,Black Materia Orbs,GBEZ65,VCSF07,67970.0,USD,7000,16/06/2015,9.71,USD,8.92
03/10/2012 00:18,MYWMHUXM76789072,Shinigami Eyes,YLGZ72,GIWG34,97820.0,USD,1000,03/01/2016,97.82,USD,113.66
03/10/2012 00:18,PCCIASUU50912494,Stocks,KKGI60,WYFO79,30832.0,USD,400,07/11/2013,77.08,USD,95.39
03/10/2012 00:19,WMFCWZSF05554500,Stocks,OPET16,IIZF28,227043.24,HKD,500,20/12/2016,100.87,USD,421.11
03/10/2012 00:19,NSHJOUPG69684991,Phasers,OCQF34,DGTY64,1669410.0,USD,9000,01/05/2017,185.49,USD,153.91
03/10/2012 00:19,SZLUFNLJ88140463,Electrolyzers,SRYE59,DVVB31,13801058.24,FJD,4000,24/01/2015,872.9,KPW,3678.7
03/10/2012 00:20,NYMDMVDK38270741,Stocks,GYWU23,PJKH65,117486944.4,COP,80000,18/10/2017,24.12,NPR,1624.64
03/10/2012 00:20,LCUNKFTN00052515,Bold Hunter's Marks,SFEO61,MFJJ99,23348169.28,MUR,4000,23/02/2017,93.83,USD,5177.13
03/10/2012 00:21,RXGKNXRW91339465,Stocks,ZXVX98,QXFF29,25044.82,RSD,600,27/08/2015,1543.81,UYU,39.51
03/10/2012 00:21,VDAXZXSF42865477,Dragon Disks,NXTO39,OUNH49,2246169.38,SBD,700,05/09/2016,1442.58,LRD,2807.88
03/10/2012 00:21,NZWWEZVB00630578,Orbs of Agamotto,BMRZ75,DGTY64,113309.0,USD,700,18/02/2017,161.87,USD,138.74
03/10/2012 00:21,YXPJRXMV29054328,Autobots,DNIL23,HHFP66,43551.0,USD,900,27/03/2017,48.39,USD,43.85
03/10/2012 00:21,YWLNSDMB45880244,LiDAR Mark-Trackers,ZFHD93,RNZB01,726969737.34,INR,70000,15/01/2015,935.84,MMK,10864.78
03/10/2012 00:22,FRRQWMZZ33766580,Stocks,GZED20,SZRJ90,68043.0,USD,300,18/09/2017,226.81,USD,192.91
03/10/2012 00:22,VDBZITNQ38537782,Sorceror Stones,CIXF70,QBVN33,11970.0,USD,600,01/12/2016,19.95,USD,22.38
03/10/2012 00:22,CCAOYGPP17422963,Big Roots,LBKT00,MFZY76,2894500.0,USD,10000,28/02/2014,289.45,USD,340.55
03/10/2012 00:23,NPEYNOAS63890999,Stocks,QXFF29,EIWJ22,3616796.75,BSD,7000,20/05/2014,76.25,USD,464.81
03/10/2012 00:23,ZZMVVXMZ98783304,Nemean Cestuses,FAWI50,JCWS17,4893100.0,USD,10000,11/04/2016,489.31,USD,464.08
03/10/2012 00:23,DZDREKOE42760022,Stocks,KKZA87,LAUA80,55537.29,CRC,300,26/07/2015,161.23,USD,205.55
03/10/2012 00:23,RXKGBNGV68164672,Thousand Sunnys,MFZY76,WVHK10,9690444.14,YER,6000,28/05/2016,204.73,USD,1489.25
03/10/2012 00:23,QEKKTOVG16508803,Lightning Barrels,XHYN07,JXGF57,41085.0,USD,900,19/08/2016,45.65,USD,44.8
03/10/2012 00:24,KRPHWVFE44751549,Lawgivers,FTFI87,FDWI64,2752164.09,SVC,7000,08/08/2015,90.46,USD,435.54
03/10/2012 00:24,SIJNIOTC40314169,Hero Association Mugs,JCWS17,ZMLP81,4089600.0,USD,90000,19/09/2013,45.44,USD,40.66
03/10/2012 00:24,FHMNEVEG08743385,Stocks,QOKP03,UEVD88,216853.91,CLP,100,27/12/2015,250.4,USD,2524.98
03/10/2012 00:25,RUXAWCBK76791819,Stocks,QBVN33,SFEO61,42100.0,USD,10000,06/11/2014,4.21,USD,3.44
03/10/2012 00:25,ISIKYSSG67583502,Berserk Genes,TFLS35,CVMG22,336450.0,USD,5000,10/07/2017,453.68,KWD,81.08
03/10/2012 00:25,ARIPSZXP89381335,Weakness Policies,DDIB11,ZBIO05,219216.97,CDF,4000,20/01/2017,246.09,USD,45.96
03/10/2012 00:25,JNJRNEND61424569,Stocks,SHXQ48,CUVZ50,36300.0,USD,500,02/02/2015,72.6,USD,78.61
03/10/2012 00:25,EGFZKVYM84363815,Binding Bands,LIJW00,MRAH32,490340.0,USD,2000,08/06/2013,245.17,USD,283.19
03/10/2012 00:26,JLSCHJTS59689033,Stocks,WWNS72,CIXF70,50373.0,USD,900,12/05/2013,55.97,USD,63.37
03/10/2012 00:26,TLKVGNZY28523479,Stocks,JXGF57,QETH27,3450.9,KPW,700,25/05/2016,2.03,USD,4.35
03/10/2012 00:26,IKJLHZER72307147,Stocks,WHPS18,CBOX52,114580.0,USD,500,04/08/2014,229.16,USD,262.4
03/10/2012 00:26,ZPFFCVDF86730803,Stocks,HWHS51,CMOI26,430077.64,KPW,800,23/10/2016,221.37,USD,545.53
03/10/2012 00:27,LNJVKOFZ71420407,Stocks,UWUK72,AMBT33,11130.0,USD,700,16/10/2014,59.15,SEK,13.54
03/10/2012 00:27,EEEKIIMI38568714,Stocks,QLCE04,OPZI26,7594.0,USD,200,04/02/2014,98.29,NAD,30.9
03/10/2012 00:28,UZVEIAHI99820463,Stocks,OQXV70,QWOA67,63652.0,USD,400,13/04/2015,159.13,USD,175.82
03/10/2012 00:28,HCGOGBNM86154402,Moloko Plus,PQSW95,BPLN25,277520.0,USD,4000,12/02/2013,69.38,USD,61.49
03/10/2012 00:28,ZIAWNTNW58275838,Stocks,ITTS26,YFAM59,4781000.0,USD,70000,05/06/2016,68.3,USD,60.96
03/10/2012 00:28,ZKHLCPAX27171404,Stocks,IBLA29,VVBY18,268925.11,BMD,6000,20/02/2016,39.08,USD,43.18
03/10/2012 00:29,HLXOXWEO28419472,Sticky Barbs,VIMV38,RQGG65,633284.5,CNY,600,05/09/2014,165.77,USD,1144.23
03/10/2012 00:29,LJQXDRRD09448550,Stocks,CMOI26,HHFP66,16924.0,USD,100,18/05/2015,169.24,USD,190.65
03/10/2012 00:29,KSXHEGTU44540663,Stocks,BMRZ75,IZTD25,132413.96,MWK,200,09/03/2014,109.22,USD,603.82
03/10/2012 00:30,SGEZGEVC78893869,Stocks,VCSF07,YFAM59,20490.0,USD,300,20/07/2013,68.3,USD,69.77
03/10/2012 00:30,DLCSHNDN51037363,Stocks,EPZN28,IZLM67,433427.16,PHP,100,01/01/2017,75.7,USD,4812.84
03/10/2012 00:30,XAQHUGDG17284501,Power Pluses,QWOA67,TBVE46,15947200.0,USD,80000,07/02/2015,1200.33,XOF,212.09
03/10/2012 00:30,RULJHVAP83030779,Stocks,FORM54,UHOG52,373205.86,NOK,9000,03/02/2013,33.49,USD,45.01
03/10/2012 00:30,TIGQLOBC98365769,Stocks,WWNS72,QETH27,40600.0,USD,20000,25/01/2015,2.03,USD,2.29
03/10/2012 00:31,QCHBZFVN34362427,Stocks,ZEHM52,TVQQ54,42100.0,USD,500,01/09/2017,84.2,USD,76.77
03/10/2012 00:31,NBLDXRBP54187476,Feedbags,UACN81,SUOX82,4556500.0,USD,50000,07/02/2013,91.13,USD,71.22
03/10/2012 00:31,TJVHZVPA36630031,Pixie Disks,IBLA29,UFAY59,151705552.61,UYU,10000,06/09/2015,356.71,USD,13094.27
03/10/2012 00:31,ZAXFTTVU54476332,Stocks,JVHD93,ZFHD93,550380.0,USD,6000,05/03/2015,91.73,USD,105.04
03/10/2012 00:31,HGNBJGTH37262612,Amulets Versus Poison,RQGG65,PJKH65,6870.0,USD,100,02/12/2013,68.7,USD,72.65
03/10/2012 00:32,MSTHAMQF48470037,Rings of Increase Damage,SBUT62,ZMLP81,3727800.0,USD,5000,19/02/2017,745.56,USD,630.06
03/10/2012 00:32,NSNHDDUA08454568,Stocks,QAZT26,CBOX52,160412.0,USD,700,11/05/2014,2199.71,FJD,221.87
03/10/2012 00:33,RSXHSYMO23966157,Stocks,THJF58,NCCX02,1355480.0,USD,7000,19/09/2015,193.64,USD,215.55
03/10/2012 00:33,ADHTXITS80274455,Float Stones,HHFP66,SXTM39,157455.0,USD,500,20/03/2014,314.91,USD,356.13
03/10/2012 00:33,TXYLGAXY75879599,Stocks,KEVJ11,TVQQ54,42100.0,USD,500,07/08/2014,84.2,USD,97.99
03/10/2012 00:33,AZFVTVRY82071276,Wind Shurikens,FORM54,CMOI26,1205100.0,USD,9000,27/12/2014,133.9,USD,119.68
03/10/2012 00:33,MJBMZJJM67249603,Deku Sticks,EMNK67,HFLM11,217830510.96,SDG,60000,25/12/2015,447.14,USD,3506.86
03/10/2012 00:33,JIRXTRAU97802905,Phoenix Downs,AMRO66,ORQH73,689200.0,USD,40000,31/03/2013,17.23,USD,18.85
03/10/2012 00:34,ULJGRRHN10729513,Stocks,RLZK87,EKXA24,4907000.0,USD,70000,24/10/2013,70.1,USD,80.64
03/10/2012 00:34,SXEMDXYH27172592,Baku Disks,INIL60,QWOA67,198960.0,USD,6000,27/03/2017,33.16,USD,35.6
03/10/2012 00:35,UVBEBQIQ46803898,Stocks,ZBIO05,IIZF28,20174.0,USD,200,03/04/2016,100.87,USD,112.81
03/10/2012 00:36,YSOQOCGN69112522,Stocks,AMRO66,EMNK67,739200.0,USD,3000,23/12/2017,246.4,USD,201.25
03/10/2012 00:36,PMVCWPDT81411034,Keys of the Ram,HYSJ42,BBAX06,236495.0,USD,700,12/06/2016,337.85,USD,273.28
03/10/2012 00:37,FNCMVJZN98824110,Stocks,FDWI64,MEOQ86,3732.0,USD,600,19/08/2014,27.43,SYP,5.74
03/10/2012 00:37,RCPYNWWC89956142,Terrain Extenders,PBFW95,IJPI82,167634.0,USD,600,22/11/2015,279.39,USD,251.51
03/10/2012 00:37,KPLFMSRD74768525,Stocks,AWYB85,KEVJ11,4346968.14,BRL,30000,29/03/2014,56.34,OMR,127.0
03/10/2012 00:37,SZXVSRWJ83099401,Digi-eggs,WVHK10,BBAX06,48074347.2,YER,40000,14/02/2017,152.35,USD,1201.91
03/10/2012 00:37,SRANVCMU30970620,Stocks,YWMD69,ESPL27,3045000.0,USD,50000,30/01/2014,60.9,USD,50.8
03/10/2012 00:37,WFTTONTO16627938,SMILEs,RLZK87,WVHK10,278940.0,USD,1000,27/01/2016,278.94,USD,322.38
03/10/2012 00:37,EHZFLIDA70977810,Dragon Balls,NCCX02,RFZG50,192778038.09,UAH,90000,03/03/2015,78.43,USD,2280.49
03/10/2012 00:37,BPXCXZGP48755884,Stocks,OPZI26,ISWT83,1101787.5,BAM,20000,29/08/2014,133.55,USD,63.73
03/10/2012 00:37,WQYFPXVO91561708,Evangelions,MHFC34,NGBA40,241788.0,USD,600,08/06/2014,402.98,USD,432.93
03/10/2012 00:37,APGWYMST12349462,Elven Cloaks,LIJW00,MHFC34,73646.71,LSL,100,14/12/2014,395.27,USD,730.83
03/10/2012 00:38,YXJSDEYY28208969,Stocks,CMZC67,HYSJ42,224728.0,USD,800,07/01/2015,280.91,USD,257.0
03/10/2012 00:38,NHIRDERS53869800,Key of Kings,VESX21,KKZA87,73180.0,USD,500,16/11/2015,146.36,USD,132.42
03/10/2012 00:38,NWBYHUPU17770448,Mind Pluses,OQXV70,EKXA24,23304.0,USD,200,11/11/2015,589.8,ZAR,106.03
03/10/2012 00:39,AKCHDKKN99100404,Stocks,TFLS35,LKPN86,234280.0,USD,4000,06/12/2013,58.57,USD,59.57
03/10/2012 00:39,TNUXGHEG11155153,Infobots,MFZY76,BMRZ75,29716200.0,USD,90000,16/05/2016,330.18,USD,301.59
03/10/2012 00:40,YVBYGSVT16122046,Sonic Screwdrivers,OPZI26,PVAZ61,142872.0,USD,600,24/02/2013,238.12,USD,202.43
03/10/2012 00:41,DGJRDEMU70727266,3D Maneuver Gears,VKMV12,NXTO39,9030.0,USD,3000,17/02/2016,3.01,USD,3.36
03/10/2012 00:41,LBNBKFMP65767005,Stocks,INIL60,WVEI17,162051.53,CLP,200,07/09/2015,93.56,USD,957.25
03/10/2012 00:41,LXALRRDB11401419,Stocks,MEOQ86,HYSJ42,519964.41,GMD,200,24/12/2015,280.91,USD,2455.72
03/10/2012 00:42,ZJNQZCHW66485760,Stocks,OQXV70,TFLS35,464400.0,USD,20000,06/03/2015,23.22,USD,24.87
03/10/2012 00:42,IXPBLVHW77315259,Gauntlets of Dexterity,VPTI00,HYSJ42,210736.0,USD,800,12/12/2015,263.42,USD,217.66
03/10/2012 00:42,SSXYFDYH15711275,Choice Scarfs,SWGF93,PVAZ61,5738600.0,USD,70000,22/08/2016,81.98,USD,71.43
03/10/2012 00:42,QPEPEHET82387892,Star Rubies,NCYN50,GYWU23,120000.0,USD,400,30/11/2014,300.0,USD,272.1
03/10/2012 00:42,PBJFVOBC60821639,Horns of Gondor,GBEZ65,JZTC69,321835.02,DKK,600,29/11/2017,328.45,USD,446.33
03/10/2012 00:43,SZXDFWUR46983435,Leaves of Lorien,SUOX82,GBEZ65,50575.0,USD,500,29/08/2015,101.15,USD,106.46
03/10/2012 00:43,MQIFNIJC66341503,Stocks,OQXV70,ZDAI73,741880.0,USD,4000,26/01/2016,185.47,USD,201.35
03/10/2012 00:43,KPNWULEP90713690,Arrowhead Disks,DNIL23,DJNE62,251609.19,SZL,200,01/01/2015,286.61,USD,1392.71
03/10/2012 00:43,JTJRMRDQ55766752,Lavenders,JXGF57,KTLA69,221374.76,BIF,400,22/04/2017,345.38,USD,655.96
03/10/2012 00:44,CTGFILYB41568583,Rings of Stealth,MHFC34,RLZK87,60858.0,USD,200,25/10/2014,304.29,USD,263.51
03/10/2012 00:44,ZUFTULTQ74733418,Stocks,HYSJ42,FGVK43,34803.0,USD,900,29/09/2013,38.67,USD,41.24
03/10/2012 00:44,XHUZVYED85198725,Tonsil Stones,HXDA52,LAUA80,10864800.0,USD,40000,18/02/2015,25624.96,BBD,285.13
03/10/2012 00:44,EYLVBBTS29496881,Stocks,EKXA24,CVMG22,9771768.46,UAH,5000,04/11/2013,71.56,USD,2175.15
03/10/2012 00:44,AJGJJMBH70235239,Stocks,BBAX06,MSHS03,749566.29,CLP,800,02/03/2014,108.19,USD,823.13
03/10/2012 00:45,UDXVUHQU13581791,Stocks,THJF58,TVQQ54,33680.0,USD,400,17/04/2015,369.59,SZL,83.83
03/10/2012 00:45,VALWQANK90966643,Stocks,WVHK10,WIZJ73,12361.73,MZN,200,30/05/2015,10.54,USD,55.32
03/10/2012 00:45,HSGFHBQE93497086,Stocks,SEKK26,NQJL85,4977700.0,USD,70000,06/01/2014,71.11,USD,77.62
03/10/2012 00:46,DNTRTCZV03035399,Stocks,ZFHD93,ZVEN26,30870.0,USD,700,21/05/2014,44.1,USD,49.6
03/10/2012 00:46,VOWUCMUZ99516408,Stocks,AMBT33,BPLN25,49768.0,USD,400,09/05/2017,124.42,USD,137.94
03/10/2012 00:46,UOWFJMVW42397880,Stocks,PBFW95,HHFP66,1184680.0,USD,7000,07/01/2015,169.24,USD,145.66
03/10/2012 00:46,GOJYYYMF72189323,Stocks,OPET16,QLMY86,128982.0,USD,600,14/07/2015,214.97,USD,241.86
03/10/2012 00:47,XSHGRCBO51198587,Stocks,NQJL85,JCWS17,9674069.1,ZWD,10000,28/07/2014,207.3,USD,994.24
03/10/2012 00:47,CEJVJWEU59676011,Stocks,RNZB01,KKGY69,81120.0,USD,600,24/06/2016,135.2,USD,124.71
03/10/2012 00:47,HGHYHYUN63199362,Stocks,HSWX88,LIJW00,38274.0,USD,300,10/12/2015,535.57,GEL,146.3
03/10/2012 00:47,TFCUWKYI60021087,Fatmans,HHOA99,AWYB85,713100.0,USD,10000,01/03/2016,71.31,USD,66.97
03/10/2012 00:47,HXNADBPZ23541581,Spider Silks,PVAZ61,VTKE98,12497500.0,USD,50000,01/10/2016,249.95,USD,237.02
03/10/2012 00:48,WUMBEUAF47752440,Crests,OPET16,BMRZ75,460032.0,USD,800,09/07/2017,575.04,USD,537.66
03/10/2012 00:48,UZQIUVIC00237889,Nanotech Crates,LWGE44,EDYH00,416000.0,USD,1000,18/01/2014,1544.94,GYD,385.72
03/10/2012 00:48,DOGZVDQF56946122,Stocks,VKMV12,LKPN86,9792.9,XPF,500,21/08/2014,160.36,PGK,17.49
03/10/2012 00:49,NWYAFEAF90661315,Stocks,MKHA46,NCCX02,99075.91,NIO,300,15/06/2017,193.64,USD,275.43
03/10/2012 00:49,WTJYRVEX46491777,Stocks,QLCE04,GSTD71,818460.0,USD,9000,20/12/2014,90.94,USD,100.17
03/10/2012 00:49,FQHIITVA58564393,Stocks,CUVZ50,RJUD59,12294.0,USD,900,25/03/2014,13.66,USD,15.64
03/10/2012 00:49,BPPJCKUB95478866,Stocks,TRFG21,GIWG34,8732.46,XAF,700,12/06/2016,3.04,USD,14.44
03/10/2012 00:51,GXZYFNJY24200184,Stocks,VXSM31,SZRJ90,250552017.18,CVE,90000,17/09/2013,226.81,USD,2592.14
03/10/2012 00:51,WIGKACSX18080172,Stocks,DVVB31,NXTO39,114088.0,USD,800,17/11/2016,972.14,AZN,146.21
03/10/2012 00:51,BPSSKQDY12117034,Stocks,KKGY69,YTAI13,3776400.0,USD,30000,13/08/2017,125.88,USD,113.55
03/10/2012 00:52,XUDGQZLP73602769,Spyders,VPTI00,ZDAI73,122656.0,USD,800,14/05/2014,153.32,USD,184.61
03/10/2012 00:52,DCQJWONM17432389,Stocks,YFAM59,SZRJ90,45362.0,USD,200,28/10/2013,226.81,USD,187.96
03/10/2012 00:52,PYBBIUFU48900674,Momentum Gliders,UEVD88,SRYE59,59622.0,USD,300,15/04/2016,198.74,USD,207.46
03/10/2012 00:52,KFQKZNOC95245746,Stocks,HPTP65,RDBE21,1190456.0,DJF,5000,09/02/2013,26.8,USD,268.79
03/10/2012 00:52,WKNTMEOU57582533,Stocks,BBAX06,AHMZ79,576900.44,LRD,900,17/12/2013,154.12,USD,548.72
03/10/2012 00:53,FXFCYHSK80429317,Stocks,VKMV12,MKHA46,13661400.0,USD,60000,17/05/2017,227.69,USD,203.87
03/10/2012 00:54,IINYCZRJ59373200,Stocks,IZTD25,AGBH66,56036.0,USD,400,12/12/2014,140.09,USD,146.19
03/10/2012 00:55,DDKJEZCY87695730,Katchin Bars,SHXQ48,WVEI17,15648.0,USD,800,11/08/2013,19.56,USD,22.14
03/10/2012 00:55,EVWNUBNH00630285,Stocks,DNIL23,ZMLP81,289961.6,GHS,800,22/12/2017,40.0,USD,430.78
03/10/2012 00:55,NJRKZPZI64414162,Stocks,NGBA40,MFJJ99,68355.03,DKK,600,23/05/2013,69.76,USD,102.21
03/10/2012 00:55,DHBJGCEN77121919,Stocks,FTFI87,KEVJ11,252600.0,USD,20000,06/02/2015,12.63,USD,14.71
03/10/2012 00:55,QBAJKBTY42307389,Unity Stones,CMOI26,SMYT95,13585275.09,AWG,8000,13/05/2014,178.09,USD,1867.89
03/10/2012 00:55,KCQLCWDQ74022184,Stocks,PNFK78,UWUK72,11839.0,USD,100,05/05/2016,118.39,USD,95.77
03/10/2012 00:56,EEUNPUCL16217518,Weakness Policies,EWUY52,ZBIO05,6938138.42,STD,5000,10/09/2015,246.09,USD,1272.82
03/10/2012 00:56,JIWBEKBK64136743,Stocks,IBLA29,FORM54,171600.0,USD,8000,02/08/2014,21.45,USD,24.62
03/10/2012 00:56,CAVSWWHG28752495,Stocks,MEOQ86,DOGG07,6204.0,USD,200,08/09/2013,31.02,USD,28.76
03/10/2012 00:56,EMUWLDDP39973366,Stars,VGYT30,TRFG21,266795.0,USD,500,19/04/2014,533.59,USD,602.63
03/10/2012 00:56,URCNUZSH79107556,Mr. Zerkons,NQJL85,IZTD25,12025.0,USD,100,05/05/2013,120.25,USD,100.16
03/10/2012 00:57,SHZQUYGX97452227,Stocks,JZTC69,SXHU74,669041.8,MXN,900,27/06/2017,113.01,USD,879.78
03/10/2012 00:58,MPMGJRMX39594123,Muscle Bands,XHYN07,EDYH00,2715200.0,USD,10000,27/11/2017,271.52,USD,277.77
03/10/2012 00:58,VCBPAAIS75554710,Cockatrice Claws,VTKE98,PBFW95,104600.0,USD,20000,04/02/2014,14.32,PGK,5.57
03/10/2012 00:58,SGRUUKOG24758375,Stocks,MSHS03,WYFO79,385400.0,USD,5000,25/01/2016,77.08,USD,72.57
03/10/2012 00:59,IFRORJAN25325559,Stocks,KKGY69,IJPI82,30837.0,USD,300,15/04/2015,102.79,USD,93.84
03/10/2012 00:59,RHKVDOBN01219742,Toxic Orbs,MFJJ99,QXFF29,578336.5,MAD,10000,21/12/2013,22.15,USD,43.43
03/10/2012 00:59,OXMMFTIN12651783,Books of Cagliostro,HPTP65,MSHS03,142832.0,USD,800,21/11/2016,178.54,USD,161.61
03/10/2012 01:00,HTPJJCSW96855224,Crests,FAWI50,BMRZ75,1150080.0,USD,2000,04/10/2016,575.04,USD,561.28
03/10/2012 01:00,NOHKVGUE88689313,Argonaughts,ORQH73,GYWU23,29205.0,USD,100,19/10/2016,292.05,USD,268.75
03/10/2012 01:01,ZVDMZJRJ76529911,Stocks,CBOX52,YCZA59,55950.0,USD,600,05/07/2016,93.25,USD,92.0
03/10/2012 01:01,HIYINYPF34799134,Stocks,YCZA59,KRXZ15,200400.0,USD,800,20/12/2015,250.5,USD,275.02
03/10/2012 01:02,MALIWECL01839737,Stocks,SXHU74,SWGF93,238681.03,TND,800,16/03/2015,49.64,USD,345.32
03/10/2012 01:02,WXKIVRDS53429074,Stocks,VKMV12,CIXF70,3917900.0,USD,70000,07/08/2015,55.97,USD,60.01
03/10/2012 01:02,BXVOPOQS18341875,Stocks,VCSF07,RDBE21,2412000.0,USD,90000,01/06/2016,26.8,USD,26.46
03/10/2012 01:03,WSSEJPSR23572837,Gold Needles,LIJW00,PKBF70,50136300.0,USD,90000,20/04/2017,557.07,USD,547.07
03/10/2012 01:03,WEHZCJEY47143467,X-genes,CMOI26,YFAM59,5946813.34,CZK,20000,07/08/2013,67.99,USD,380.26
03/10/2012 01:04,RVMHPDDB26470784,Symbiotes,GZED20,KKGI60,9176021.1,TOP,6000,15/05/2013,179.7,USD,1356.8
03/10/2012 01:04,TTBSXCQH91043859,Stocks,RDBE21,ZXVX98,54550.0,USD,500,05/01/2015,405.84,SEK,115.48
03/10/2012 01:04,UQMPCXHF95020653,Finnests,HFLM11,TGZI54,74886.0,USD,700,16/08/2016,106.98,USD,96.17
03/10/2012 01:04,MFBOWACA76942930,Fatmans,GIWG34,AWYB85,1426200.0,USD,20000,22/09/2013,71.31,USD,81.18
03/10/2012 01:04,ZQEWMMOX46498135,Stocks,TVQQ54,UIKN63,269880.0,USD,2000,28/02/2014,134.94,USD,117.01
03/10/2012 01:04,RUEYSICS13725242,Unicorn Horns,ZSXF19,TGZI54,9317600.0,USD,40000,01/05/2015,232.94,USD,241.93
03/10/2012 01:05,YLNQKZWY06466049,Rings of Poison Resistance,YWMD69,KTLA69,207508.0,USD,700,09/06/2014,296.44,USD,262.25
03/10/2012 01:05,KAIVJUAV81612657,Stocks,LIJW00,OHKH76,1042800.0,USD,40000,05/08/2015,26.07,USD,30.07
03/10/2012 01:05,WBWVUAYC11844926,Eject Buttons,UHOG52,VAHJ53,177690.0,USD,3000,23/04/2016,303.55,TTD,53.75
03/10/2012 01:05,UWDGJHOP35368374,String of Beads,HYSJ42,FTFI87,1276.0,USD,400,24/02/2013,7.75,KPW,3.42
03/10/2012 01:06,DZOPWOIU28310949,Stocks,VLJL11,MDEQ10,2265600.0,USD,30000,05/11/2017,537.05,BTN,70.89
03/10/2012 01:07,SWTPEPPX43516483,Mimett Greens,SUOX82,NFAH30,1957474.43,ZMK,4000,11/09/2016,15.21,MNT,512.83
03/10/2012 01:07,LXOERUCY73589208,Zoni Vessels,MYXF05,WVEI17,119298.0,USD,600,28/09/2013,198.83,USD,228.9
03/10/2012 01:07,JSUFANNZ53713298,Stocks,IBLA29,GSTD71,6365800.0,USD,70000,09/01/2013,90.94,USD,80.02
03/10/2012 01:07,RALZVSIL53642687,Namekian Spring Water,EIWJ22,OPET16,1315800.0,USD,90000,06/02/2017,14.62,USD,14.6
03/10/2012 01:08,LDGYPMFS28683952,Stocks,EIWJ22,NCXS33,113321.89,SAR,100,06/03/2017,162.25,USD,1046.95
03/10/2012 01:08,SRDVZITS11569392,Stocks,QODV38,BPLN25,305299.31,HUF,700,23/11/2017,124.42,USD,397.84
03/10/2012 01:08,LSHBGMWE50975543,Megacorp Helmets,VGYT30,AHMZ79,7383035.8,UGX,10000,03/04/2015,79.1,USD,828.87
03/10/2012 01:08,JMPJRYUT52091758,Stocks,ESPL27,QHXJ50,7832000.0,USD,80000,27/01/2016,97.9,USD,86.82
03/10/2012 01:09,FGDCQHUT80068095,Stocks,AMRO66,BBJG05,142275.0,USD,700,14/08/2015,203.25,USD,177.52
03/10/2012 01:09,ETZRRTOO50477319,Stocks,ZBIO05,FORM54,4290.0,USD,200,30/10/2015,21.45,USD,25.58
03/10/2012 01:09,AECLRATW29296484,Lagging Tails,ITTS26,YOQG45,407600.0,USD,2000,27/05/2016,203.8,USD,235.29
03/10/2012 01:09,GGVJNEBV85519689,Stocks,UFAY59,MFZY76,5518820.37,AOA,7000,02/02/2016,133.95,USD,678.06
03/10/2012 01:09,SERWVAXL78449861,Stocks,KRRO64,ZEHM52,82408.0,USD,800,02/09/2013,103.01,USD,117.13
03/10/2012 01:10,URTWMBAF63453021,Tasters,XRBV61,MKHA46,16003600.0,USD,40000,04/09/2015,400.09,USD,440.28
03/10/2012 01:10,YMJGPKKV37363605,Bolts,OPET16,EPZN28,7601200.0,USD,20000,18/01/2014,380.06,USD,331.09
03/10/2012 01:10,ZEWSZFCF31308522,Stocks,DREA89,LIIS96,14066.0,USD,100,01/03/2016,140.66,USD,112.76
03/10/2012 01:10,NWWEJMLU74064481,Stocks,TGZI54,ZXVX98,21820.0,USD,200,08/05/2014,109.1,USD,95.64
03/10/2012 01:11,HTDKVAVL90123056,Bolt Papers,ERHJ34,UHOG52,618456.41,KMF,400,04/03/2014,366.99,DKK,1378.3
03/10/2012 01:11,NETMBXDO35703272,Stocks,VVBY18,QWOA67,6365200.0,USD,40000,24/03/2015,159.13,USD,172.88
03/10/2012 01:11,ZWTHSMOM35145539,Infobots,THJF58,BMRZ75,2205932.58,CDF,30000,27/03/2016,2865.57,PKR,72.18
03/10/2012 01:12,FFARANCL87658919,Elven Mithril Coats,IIZF28,SWGF93,69250.0,USD,500,24/08/2017,138.5,USD,155.31
03/10/2012 01:12,KIRIZBLV41112336,Flying Brooms,CVMG22,WVEI17,3788.0,USD,400,24/09/2014,9.47,USD,8.89
03/10/2012 01:12,OLLOVYXP13854788,Stocks,FAWI50,SFEO61,126300.0,USD,30000,06/02/2017,4.21,USD,3.77
03/10/2012 01:12,CDPCUPKS78557009,Stocks,PBFW95,MFZY76,666628429.2,MUR,80000,05/06/2016,133.95,USD,8792.45
03/10/2012 01:13,UIGIHBHA68723628,Stocks,XRBV61,YWMD69,26479198.0,PGK,50000,20/04/2016,193.42,USD,575.0
03/10/2012 01:13,DXYXHBMB10821544,Stocks,VCSF07,YLGZ72,596560.0,USD,8000,08/09/2017,74.57,USD,57.79
03/10/2012 01:14,XDPKBFUM13546154,Stocks,ORQH73,YWMD69,3868400.0,USD,20000,31/10/2017,193.42,USD,164.35
03/10/2012 01:14,FFMEHVQT33763109,Stocks,QODV38,CQPJ57,5220000.0,USD,90000,10/08/2017,58.0,USD,63.4
03/10/2012 01:14,SIXLECHX37971458,Stocks,VXSM31,QODV38,81676.0,USD,700,25/05/2013,116.68,USD,121.19
03/10/2012 01:15,TASTXQBO22790850,Sabor de Soledad Chips,KTLA69,DBCS17,934000.0,USD,8000,04/02/2015,22.15,PLN,117.74
03/10/2012 01:15,YBNJHQJV43187932,Stocks,ITTS26,PKBF70,204020.0,USD,1000,07/06/2017,204.02,USD,188.1
03/10/2012 01:17,KZGVSYCO60074025,Stocks,HWHS51,TFLS35,106583.98,KYD,600,21/11/2013,23.22,USD,156.02
03/10/2012 01:17,IQIBGPWB49534166,Lead Elixirs,LIIS96,NGBA40,819132.92,KYD,800,02/10/2013,133.84,USD,1092.33
03/10/2012 01:17,SYSOLVBV28601898,Stocks,HPTP65,VCSF07,13565.47,BAM,900,29/06/2016,36.54,USD,16.29
03/10/2012 01:18,QESKFEUX02219046,Stocks,ORQH73,HWHS51,416020.0,USD,2000,15/09/2013,1559.12,FKP,172.47
03/10/2012 01:18,VOBXSKZI61192035,Stocks,JZTC69,TKVF94,3105000.0,USD,90000,20/06/2016,34.5,USD,38.07
03/10/2012 01:18,WHVWSUJO43649336,Stocks,VVXA11,RJUD59,122940.0,USD,9000,02/10/2015,13.66,USD,12.07
03/10/2012 01:18,SEVYWFYM29845201,Stocks,RDBE21,QWOA67,47739.0,USD,300,20/02/2013,159.13,USD,131.63
03/10/2012 01:19,VIPLEWLT29720635,Stocks,OUNH49,XRBV61,44332909.5,OMR,50000,09/02/2013,198.78,USD,828.83
03/10/2012 01:20,DJZQBSAK98870601,Stocks,WVHK10,UEVD88,25040.0,USD,100,09/11/2015,250.4,USD,275.71
03/10/2012 01:20,KVRGNOSO94680988,Carpenters,ZNQA84,FGVK43,1621480.0,USD,7000,25/06/2015,231.64,USD,205.49
03/10/2012 01:20,MBFHAMKP45458895,Stocks,TQSJ85,CBOX52,1840342.71,BRL,700,12/08/2016,229.16,USD,2692.44
03/10/2012 01:20,BBMPCEEX99025423,Cainhurst Badges,FYYD57,UIKN63,1695780.0,USD,6000,11/09/2015,282.63,USD,259.85
03/10/2012 01:20,MWPHQTNG39914234,Safety Goggles,PJKH65,SEKK26,781240.0,USD,2000,05/08/2015,390.62,USD,431.51
03/10/2012 01:21,QKILDJPT44981472,Stocks,DJNE62,QHXJ50,246363.39,VND,400,06/06/2015,97.9,USD,514.42
03/10/2012 01:21,ZVHIMVAU01732976,Stocks,AGBH66,NQJL85,29518614.32,HTG,20000,24/02/2013,71.11,USD,1306.93
03/10/2012 01:21,DNEOXWTQ53260488,Blue Fire Powder,EWUY52,CIXF70,66056.0,USD,800,08/06/2017,82.57,USD,93.98
03/10/2012 01:21,TUKDHVAG98454240,Stocks,TRFG21,YTAI13,62940.0,USD,500,01/02/2016,125.88,USD,138.17
03/10/2012 01:21,KYZRZMLX33429756,Stocks,EKXA24,BBJG05,101625.0,USD,500,18/05/2013,203.25,USD,217.14
03/10/2012 01:22,NXCFQQMV19320443,Stocks,NXTO39,ITTS26,1145130.0,USD,7000,29/07/2013,163.59,USD,166.02
03/10/2012 01:22,HSEGBHSN76563306,Hope,VCSF07,RJUD59,1633920.0,USD,8000,15/07/2016,204.24,USD,174.82
03/10/2012 01:23,ELHPUTGT78334784,Stocks,SEKK26,JCWS17,41460.0,USD,200,16/02/2014,207.3,USD,186.62
03/10/2012 01:23,MCRBMRIK59546794,Stocks,XRBV61,OUNH49,95040.0,USD,800,14/09/2017,118.8,USD,112.05
03/10/2012 01:23,OOGYVLHA85289497,Knightmare Frames,ORQH73,YFAM59,1536680.0,USD,4000,09/06/2017,384.17,USD,421.09
03/10/2012 01:24,QQZYZLLP71739386,Blue Shells,DGTY64,QBAP68,217232.0,USD,400,02/05/2015,4284.25,YER,629.51
03/10/2012 01:24,XYQQOPHB75445006,Stocks,KKZA87,WVEI17,15927.65,PEN,800,05/11/2016,755.24,MVR,22.08
03/10/2012 01:25,JTREQAQV60728228,Elder Wands,RJCA92,LKPN86,94035.0,USD,300,27/02/2014,313.45,USD,338.21
03/10/2012 01:25,XLTAEJNB25842298,Stocks,MRAH32,OUNH49,95040.0,USD,800,19/09/2016,307.53,NAD,109.4
03/10/2012 01:26,IMTWWIVO68625674,Rings of Increase Damage,HNLV68,ZMLP81,149112.0,USD,200,14/12/2017,745.56,USD,880.77
03/10/2012 01:27,WVTFXAEP20914095,Amulets of Unchanging,ZMLP81,FGVK43,132232.0,USD,800,29/08/2016,165.29,USD,173.95
03/10/2012 01:28,FATCMKUM17077266,Stocks,BPLN25,QLMY86,128982.0,USD,600,26/02/2013,214.97,USD,236.41
03/10/2012 01:28,RRPQDYSO08505288,Sticky Barbs,OPET16,RQGG65,1529675.83,ISK,3000,27/04/2013,165.77,USD,567.8
03/10/2012 01:29,FYIVUBFN39134527,Chakra Puppets,WWNS72,MKHA46,1629596.06,SDG,700,13/08/2014,286.72,USD,1922.35
03/10/2012 01:29,PJCBOPEE02824769,Stocks,QLCE04,DVVB31,105960.0,USD,500,04/03/2014,211.92,USD,229.83
03/10/2012 01:29,VVJLCDXU77181412,Stocks,QLCE04,NCCX02,135548.0,USD,700,22/04/2015,193.64,USD,178.12
03/10/2012 01:31,AETOFRKZ39735858,Stocks,VAHJ53,NXTO39,99827.0,USD,700,24/01/2017,142.61,USD,112.0
03/10/2012 01:31,IZPEZLNR18950417,Spider Silks,HFLM11,VTKE98,64107.18,BND,700,29/07/2014,249.95,USD,84.76
03/10/2012 01:31,INUNWPWG71702715,Stocks,ERHJ34,INIL60,9540.0,USD,300,01/01/2014,31.8,USD,36.32
03/10/2012 01:32,HELTMSNL53249324,Stocks,RDBE21,CMZC67,52896.0,USD,600,28/01/2015,88.16,USD,78.63
03/10/2012 01:32,YGOGFMJN74342324,Stocks,GYWU23,UFAY59,875598.36,PAB,600,12/03/2016,115.18,USD,1566.16
03/10/2012 01:33,JXEWKQXQ09115111,Black Sludges,AGBH66,HFLM11,364860.0,USD,900,07/12/2016,405.4,USD,369.96
03/10/2012 01:33,HJESQHRH25377789,Stocks,IBLA29,AMBT33,127200.0,USD,8000,25/08/2014,15.9,USD,13.69
03/10/2012 01:33,HJLHBBNW14432428,Cerebros,MSHS03,AMRO66,106551.0,USD,300,19/11/2016,355.17,USD,384.58
03/10/2012 01:33,AHNYQWSN27851502,Golden Lucky Cats,JVHD93,KRRO64,106113.0,USD,300,18/06/2014,353.71,USD,308.15
03/10/2012 01:35,VCULHDOM07018225,Stocks,OCQF34,NCXS33,122612.33,KRW,3000,02/01/2015,162.25,USD,43.04
03/10/2012 01:35,XXORGGZG97577025,Stocks,VTKE98,EMNK67,172480.0,USD,700,17/06/2016,246.4,USD,271.38
03/10/2012 01:35,SFUJGXMJ08519371,Stocks,HWJF09,ZMLP81,20000.0,USD,500,20/05/2015,40.0,USD,35.81
03/10/2012 01:36,ZHCIWKTZ11116017,Stocks,BBAX06,SRYE59,5049.29,OMR,400,04/04/2016,5.95,NZD,11.22
03/10/2012 01:36,OODCPEII43438869,Ultra Balls,KUWI70,SAAM06,891205.82,LSL,6000,13/02/2015,79.72,USD,162.81
03/10/2012 01:37,UVDHUKGY78016105,Rings of Teleport Control,UEVD88,VGYT30,56046.73,THB,100,01/05/2013,620.81,USD,591.23
03/10/2012 01:37,COTWTRLT92704601,Magic Flute,DREA89,AHMZ79,206838.0,USD,900,25/09/2013,229.82,USD,224.7
03/10/2012 01:37,XEZQJEMB98160660,Stocks,MYXF05,KUWI70,7920.0,USD,900,25/04/2017,57.95,GIP,9.8
03/10/2012 01:37,BGECAVQY56397388,Stocks,WIZJ73,CIXF70,8008456.26,CAD,8000,05/10/2013,55.97,USD,899.38
03/10/2012 01:38,IQMHHORJ92587395,Urns of Power,NQJL85,QLMY86,1386472.81,MZN,1000,14/10/2015,236.43,USD,1578.56
03/10/2012 01:38,MPDXYSVD64278770,K-9s,HWHS51,IBLA29,117880.0,USD,800,07/01/2017,147.35,USD,141.88
03/10/2012 01:38,ABTQVWPU90251635,Stocks,SXHU74,IZTD25,87376.0,USD,800,20/06/2013,1124.85,LYD,97.82
03/10/2012 01:38,VXSJNXEJ00056575,Crests,VVBY18,BMRZ75,230016.0,USD,400,20/08/2016,575.04,USD,536.6
03/10/2012 01:39,WHKMAMEH81364115,Amulets of ESP,OCQF34,PIFN94,55350.0,USD,5000,27/09/2013,11.07,USD,9.94
03/10/2012 01:39,SNBHKDFZ69326103,Stocks,WHPS18,HYSJ42,1966370.0,USD,7000,21/03/2017,16083.75,PHP,335.98
03/10/2012 01:39,PGLOEUJO82662109,Tricorders,HHFP66,FGQR22,21955174.81,COP,2000,21/05/2015,138.66,USD,11877.84
03/10/2012 01:39,RETPUXBX00623171,Stocks,LAUA80,ZVEN26,9377666.55,UYU,5000,12/01/2015,44.1,USD,1817.59
03/10/2012 01:40,TMKPQRYL48879897,Cloaks of Invisibility,QOKP03,HPTP65,14760.0,USD,400,02/01/2014,36.9,USD,41.0
03/10/2012 01:40,TDVWRHPX05897532,Naknadan Shrines,UACN81,ZBIO05,74342.0,USD,200,24/07/2015,371.71,USD,305.77
03/10/2012 01:40,ZENBQTUK13350298,Stocks,UIKN63,IIZF28,20174.0,USD,200,12/12/2016,100.87,USD,127.51
03/10/2012 01:40,WSTNNOTJ39092266,Pulse Rifles,EDYH00,PKBF70,26433.0,USD,900,28/11/2013,29.37,USD,27.2
03/10/2012 01:40,PGGBOFLQ55094806,Stocks,GGLV00,OQXV70,19650.0,USD,3000,24/08/2015,6.55,USD,7.33
03/10/2012 01:41,GJEYIIDH43705241,Beatas Disks,SXHU74,KRXZ15,1693600.0,USD,10000,18/10/2015,1115.3,GIP,163.89
03/10/2012 01:41,XJAARUTB74932767,Stocks,JXGF57,RLZK87,8991500.0,USD,50000,07/11/2014,179.83,USD,169.0
03/10/2012 01:41,UZNKWWVB23501051,Berserk Genes,YLGZ72,CVMG22,3364500.0,USD,50000,07/09/2015,825.93,CVE,63.01
03/10/2012 01:41,MKDCYIJC78639487,Blades of Chaos,NCCX02,VAHJ53,9517200.0,USD,70000,24/07/2014,135.96,USD,150.78
03/10/2012 01:42,RDWOMWOY47298456,Gold Bolts,YSSR29,PNFK78,1582637.06,KWD,800,26/09/2015,293.42,USD,1845.68
03/10/2012 01:42,NIJJEEOA87810088,Wands of Watoomb,MSHS03,VKMV12,3675070.0,USD,7000,08/05/2016,525.01,USD,476.21
03/10/2012 01:42,WFNLVQQN90850907,Wind Shurikens,SXTM39,CMOI26,93730.0,USD,700,11/12/2017,133.9,USD,141.55
03/10/2012 01:44,SOKURFND89891450,Stamina Pluses,RQGG65,EMNK67,211680.0,USD,7000,27/04/2013,30.24,USD,28.44
03/10/2012 01:44,HYPZSWOF99773637,Agents,IZTD25,GSTD71,450492.9,SZL,800,26/12/2014,128.29,USD,626.77
03/10/2012 01:44,SALHUFZJ24360586,Stocks,WWNS72,YFAM59,2800300.0,TTD,8000,22/03/2017,68.3,USD,394.11
03/10/2012 01:45,VMTSKCQB79304339,Rings of Increase Damage,QODV38,ZMLP81,1491120.0,USD,2000,28/03/2014,745.56,USD,849.89
03/10/2012 01:45,ACRLDGOX19349959,Books of Cagliostro,SBUT62,MSHS03,714160.0,USD,4000,24/05/2015,204.77,BMD,197.65
03/10/2012 01:45,ZEFWIWJU01177401,Stocks,BBJG05,UIKN63,9445800.0,USD,70000,18/05/2013,134.94,USD,150.46
03/10/2012 01:45,DJJKNDBM16887684,Fridays,IIZF28,SEKK26,194770.37,PGK,800,31/01/2016,88.92,USD,246.85
03/10/2012 01:45,ZIDWXRIL82216242,Z-crystals,MYXF05,QBAP68,28009800.0,USD,90000,16/11/2014,311.22,USD,367.28
03/10/2012 01:45,YBGPSUUQ65608789,SMILEs,HHOA99,WVHK10,557880.0,USD,2000,29/12/2015,4989.01,CAD,244.97
03/10/2012 01:46,QBNRCPQC84977614,Wonka Bars,PIFN94,AWYB85,656841.4,MMK,1000,20/06/2015,215.91,USD,729.93
03/10/2012 01:46,RWETLQXX46582805,Stocks,DGTY64,JCWS17,829200.0,USD,4000,14/11/2013,207.3,USD,194.77
03/10/2012 01:46,JHLVZBHH15442693,Stocks,EDYH00,OPET16,5869.6,CRC,800,06/03/2017,0.27,JPY,6.67
03/10/2012 01:46,SCVTFBOF69909780,Adamantium Bars,TYAE14,LWGE44,1494090.0,USD,9000,15/06/2014,1531.54,ANG,186.16
03/10/2012 01:46,FMYRIIRR47906505,Elven Mithril Coats,UIKN63,SWGF93,83100.0,USD,600,03/06/2017,138.5,USD,136.93
03/10/2012 01:47,WHPDTWQL21695902,Stocks,VVXA11,MSHS03,540950.0,USD,5000,05/01/2014,108.19,USD,124.76
03/10/2012 01:47,JBLBFIQO81588389,Stocks,CMOI26,MFJJ99,746041.34,JOD,4000,01/07/2016,69.76,USD,202.31
03/10/2012 01:47,HXTFAHNB12890498,Stocks,AHMZ79,TRFG21,16369.95,FKP,700,07/12/2014,3.12,USD,26.61
03/10/2012 01:48,TZSRPJWC38561518,Stocks,KKZA87,CBOX52,20673786.27,GNF,700,09/09/2014,229.16,USD,27092.24
03/10/2012 01:48,IOIELVCH93953577,Millennium Puzzles,QOKP03,XHYN07,48480.0,USD,3000,16/11/2017,16.16,USD,15.61
03/10/2012 01:48,UMQYOVLC84234262,PP Ups,YWMD69,OPZI26,14359200.0,USD,40000,04/02/2014,358.98,USD,317.52
03/10/2012 01:49,DDRHIHAV65906181,Stocks,ZNQA84,OPZI26,1898500.0,USD,50000,28/04/2015,37.97,USD,41.63
03/10/2012 01:49,SOZYLENP00592177,Stocks,CUVZ50,QOKP03,309330.0,USD,900,07/04/2014,343.7,USD,377.12
03/10/2012 01:49,QMFKOTIC12654330,Stocks,JZTC69,OPET16,1223.81,PEN,900,21/03/2014,6.39,USD,1.26
03/10/2012 01:49,EFXRKJBH69890531,Terrain Extenders,OPZI26,IJPI82,16763400.0,USD,60000,01/02/2016,279.39,USD,236.89
03/10/2012 01:49,EPOLGLSR82451209,Infinity Gauntlets,CBOX52,AGBH66,1030400.0,USD,70000,07/09/2014,14.72,USD,12.61
03/10/2012 01:50,LMUWJBIW54462332,Stocks,UEVD88,RFZG50,18264.0,USD,300,26/02/2015,60.88,USD,66.29
03/10/2012 01:50,LNWZTLNI25049975,Stocks,KKZA87,SFEO61,1263.0,USD,300,22/07/2015,4.21,USD,3.51
03/10/2012 01:50,VNFLDDDX14465221,Stocks,RJCA92,IBLA29,3475710.0,USD,9000,06/03/2016,386.19,USD,428.16
03/10/2012 01:51,CUAOAWFB01387680,Stocks,DREA89,EWUY52,2573233.38,NGN,90000,24/01/2014,182.46,USD,31.21
03/10/2012 01:52,NDNJHJVF05533834,Javelins,WWNS72,QHXJ50,2602390.0,USD,7000,09/11/2013,371.77,USD,416.98
03/10/2012 01:52,KAYKBKET58783332,Stocks,QXFF29,OPZI26,3797.0,USD,100,20/03/2015,37.97,USD,34.31
03/10/2012 01:52,DAOYJPHJ67393904,Z-crystals,UIKN63,QBAP68,20672975.23,BDT,8000,28/03/2017,311.22,USD,2737.69
03/10/2012 01:53,EVZCHYEE48750513,Stocks,DGTY64,ZELV96,16263.0,USD,900,12/08/2016,18.07,USD,20.36
03/10/2012 01:53,AIURGKYU46177826,Nenyas,SWGF93,PVAZ61,7380800.0,USD,70000,14/06/2013,105.44,USD,94.4
03/10/2012 01:54,YGWPMKUQ84121776,Infinity Gauntlets,PJKH65,AGBH66,2944.0,USD,200,10/11/2013,14.72,USD,13.55
03/10/2012 01:54,YCXRNGIY82003374,Stocks,LWGE44,QAZT26,227584.0,USD,800,01/11/2014,284.48,USD,323.1
03/10/2012 01:55,CGVWQXWM81857852,Piranha Plants,SHXQ48,HNLV68,20647732.56,MVR,5000,21/12/2014,511.57,USD,4338.39
03/10/2012 01:55,MSCTLTQN00753785,Golden Lucky Cats,MKHA46,KRRO64,176855.0,USD,500,23/01/2017,353.71,USD,313.04
03/10/2012 01:55,UINZRWUQ72255829,L-Viruses,UFAY59,MHFC34,75570.0,USD,500,04/08/2015,151.14,USD,126.39
03/10/2012 01:55,ENLEBFIF94117893,Stocks,DVVB31,WWNS72,156240.0,USD,700,07/02/2013,223.2,USD,246.75
03/10/2012 01:55,AFMDCCRG26351860,Reflectors,RFZG50,VIMV38,35234500.0,USD,50000,01/01/2015,23790.4,INR,799.0
03/10/2012 01:55,OZPAZRHE55953336,Stocks,SXHU74,DOGG07,6204.0,USD,200,20/08/2015,31.02,USD,31.38
03/10/2012 01:55,TKTDRNFK55868380,Stocks,YTAI13,JZTC69,92987446.56,MZN,80000,27/05/2016,198.21,USD,1293.48
03/10/2012 01:56,TAEZGBGL57787901,Nano-paks,CQPJ57,VLJL11,330424.0,USD,400,04/08/2014,826.06,USD,869.12
03/10/2012 01:56,HLFFTCSC29781080,Golems,FTFI87,QODV38,193242.81,INR,400,01/09/2016,14.31,USD,556.31
03/10/2012 01:56,DGMACYYQ92527377,Stocks,SFEO61,DOGG07,1290152.82,LRD,10000,25/06/2013,31.02,USD,137.27
03/10/2012 01:56,LBAZEARJ36843109,Doodle Disks,SXTM39,QWOA67,58735.0,USD,500,05/06/2015,117.47,USD,133.58
03/10/2012 01:56,JGSBEJJI18539233,Boom Brooms,FDWI64,THJF58,921120.0,USD,6000,17/08/2014,153.52,USD,150.92
03/10/2012 01:57,LCUXJJOD05017816,Mental Herbs,LAUA80,HSWX88,1788660.0,USD,6000,18/09/2016,298.11,USD,270.82
03/10/2012 01:57,BXIPZKSQ43784022,Agents,QLCE04,GSTD71,19469.29,PLN,800,29/12/2015,128.29,USD,21.18
03/10/2012 01:57,PFJEQAGQ03311148,Stocks,NQJL85,MDEQ10,15104.0,USD,200,30/08/2013,75.52,USD,86.07
03/10/2012 01:57,VPCRRTNH01267118,Stocks,FORM54,NFAH30,2342160.0,USD,8000,02/03/2015,292.77,USD,311.16
03/10/2012 01:58,DINCVGWK02932856,Stocks,NCYN50,XHYN07,6076.0,USD,200,04/02/2014,30.38,USD,33.31
03/10/2012 01:58,DKWHVNAG02412926,Protective Pads,PNFK78,VESX21,1265700.0,USD,10000,14/08/2017,126.57,USD,139.87
03/10/2012 01:58,MVOIKKVB19798150,Pym Particles,IJPI82,FORM54,113040.0,USD,9000,21/09/2017,85.62,AZN,11.77
03/10/2012 01:58,AUGDCUES13242166,Stocks,KKGY69,SUOX82,466364.58,MWK,500,06/11/2015,153.87,USD,1039.58
03/10/2012 01:59,LLYDFRSK95468883,Quicksilver Bullets,SUOX82,QMZU44,13536000.0,USD,90000,23/12/2016,150.4,USD,133.36
03/10/2012 01:59,QYHQNMZB90684720,Stocks,OPZI26,VVBY18,39080.0,USD,1000,21/12/2016,39.08,USD,43.89
03/10/2012 01:59,KNIPYRVH38598355,Armour Magnetizers,EKXA24,CUVZ50,26553.0,USD,100,24/11/2017,265.53,USD,235.48
03/10/2012 01:59,VYZFUYIM63255232,Stocks,ZELV96,QODV38,1468114.43,VND,2000,05/01/2015,116.68,USD,630.17
03/10/2012 01:59,ODHCAVHW13352288,Vibranium Bars,ZBIO05,MSHS03,19476800.0,USD,40000,19/01/2013,486.92,USD,516.71
03/10/2012 02:00,YTGHYTQU25620796,Shields of Reflection,DOGG07,CQPJ57,45516.0,USD,600,26/12/2014,75.86,USD,69.12
03/10/2012 02:01,DPAKUVSR52995968,Holy Bones,ZSXF19,IIZF28,236061.0,USD,700,14/03/2013,337.23,USD,333.28
03/10/2012 02:01,BIWOVYCF47159493,Ent-draught,QCRG59,LIJW00,39565.84,GTQ,2000,03/12/2014,35.6,USD,19.9
03/10/2012 02:01,ELDVWFDG24388383,Barrier Tags,TYAE14,TBVE46,28291200.0,USD,80000,28/01/2016,353.64,USD,392.96
03/10/2012 02:01,TPMUIMSZ81430129,Portal Guns,OUNH49,MDEQ10,10412400.0,USD,30000,01/05/2014,347.08,USD,281.9
03/10/2012 02:01,WPIDDNNX75349479,Stocks,PVAZ61,GYWU23,12188.94,BTN,100,17/03/2014,17.14,USD,131.73
03/10/2012 02:01,PWPYNEKV25835794,Stocks,DBCS17,CQPJ57,174000.0,USD,3000,06/08/2013,1584.02,UAH,57.8
03/10/2012 02:02,SDTVKRNK63553118,Stocks,RFZG50,EDYH00,276471.96,TRY,5000,24/10/2017,75.21,USD,45.99
03/10/2012 02:02,VXGQDPXO20107897,Stocks,WVEI17,BDBU00,10297250.64,YER,10000,14/01/2013,130.53,USD,882.75
03/10/2012 02:02,WAXPLINF82620389,Stocks,WVEI17,ZSXF19,16087.46,JPY,6000,20/09/2017,62.94,USD,2.9
03/10/2012 02:02,EJFIRCCH45683946,Stocks,KUWI70,QAZT26,142240.0,USD,500,09/09/2017,5088.1,CAD,272.43
03/10/2012 02:02,HVXMOXMH81727411,Z-crystals,TQSJ85,QBAP68,93664.77,XPF,900,01/08/2016,311.22,USD,90.76
03/10/2012 02:03,ZWZEOKOZ97743427,Rings of Teleport Control,OHKH76,VGYT30,1862430.0,USD,3000,24/11/2017,620.81,USD,597.28
03/10/2012 02:03,YFDVXGLX31446169,Stocks,QWOA67,VLJL11,3261396.08,PGK,4000,15/01/2013,297.79,USD,863.49
03/10/2012 02:03,ECHXBWVI26865034,Stocks,SFEO61,LKPN86,46856.0,USD,800,10/04/2017,338.04,BZD,67.38
03/10/2012 02:03,NLVDCLKW39173688,Stocks,EWUY52,NXTO39,28522.0,USD,200,03/02/2014,142.61,USD,142.3
03/10/2012 02:04,XQHGMOKS16638657,Stocks,XHYN07,LKPN86,46856.0,USD,800,30/03/2017,368.48,VND,54.21
03/10/2012 02:04,TGCDMRZY50782572,Stocks,EDYH00,PVAZ61,98460.0,USD,600,24/08/2017,164.1,USD,150.62
03/10/2012 02:04,DJCHEIFG84024663,Stocks,PNFK78,HXDA52,19320.0,USD,100,13/09/2013,193.2,USD,207.33
03/10/2012 02:04,YYLFLQTY71618913,Stocks,HWJF09,AYIH50,283026.48,YER,300,22/11/2017,119.59,USD,1062.96
03/10/2012 02:04,SXEFMSBQ64325860,Pulse Rifles,VXSM31,PKBF70,91703.42,OMR,700,05/02/2015,29.37,USD,133.81
03/10/2012 02:04,MDHLPUFC72517876,Stocks,DOGG07,INIL60,254400.0,USD,8000,04/12/2013,31.8,USD,28.17
03/10/2012 02:05,RYRJSMGX88192667,Stocks,KKGY69,GIWG34,2128.0,USD,700,25/06/2014,28.14,GMD,3.26
03/10/2012 02:06,UBXVAEON15662785,Stocks,VKMV12,WVHK10,9595.03,PLN,500,02/06/2013,101.16,USD,18.27
03/10/2012 02:06,TXZDWVOQ96167742,Stocks,YSSR29,UFAY59,46072.0,USD,400,02/08/2013,115.18,USD,137.9
03/10/2012 02:07,GRURBNNY98248219,Dragon Disks,SUOX82,OUNH49,485593.47,ZWD,300,03/12/2015,346.85,USD,1560.34
03/10/2012 02:07,OXPKFMWV59992662,Amulets of Yendor,IBLA29,OPET16,195378.31,LBP,100,22/04/2013,188.05,USD,2159.48
03/10/2012 02:07,JSKRPRVI00106578,Ambrosia,FGQR22,FGVK43,12460.0,USD,200,23/09/2014,62.3,USD,57.02
03/10/2012 02:08,INCODMTT39286057,Stocks,ZVEN26,LWGE44,1784.0,USD,200,31/10/2013,8.92,USD,9.74
03/10/2012 02:08,UNHPPSZF99749890,Stocks,YFAM59,BPLN25,99536.0,USD,800,21/04/2013,5.3,JPY,116.19
03/10/2012 02:08,ZLGWNTHJ87454593,Autobots,SXTM39,HHFP66,193560.0,USD,4000,21/09/2017,48.39,USD,58.79
03/10/2012 02:10,QDOQCCFF45797084,Stocks,AWYB85,VAHJ53,48051.0,USD,900,24/02/2013,53.39,USD,48.66
03/10/2012 02:10,WMPTITXH10183806,Stocks,SFEO61,DGTY64,7904.61,MOP,600,20/09/2016,16.47,USD,14.08
03/10/2012 02:10,NKZCPCNE74292479,Stocks,YSSR29,SFEO61,3368.0,USD,800,31/01/2015,4.21,USD,4.6
03/10/2012 02:11,PFFSWJDI39849830,Souls,NCCX02,HHFP66,26571.33,BND,800,07/10/2016,198.65,HNL,35.57
03/10/2012 02:11,GYUARUVS75439570,Monol Disks,SBUT62,IZLM67,754180.0,USD,7000,11/01/2016,107.74,USD,117.21
03/10/2012 02:12,SPIXYCAX89588625,Stocks,UIKN63,PBFW95,6805200.0,USD,40000,14/12/2013,170.13,USD,181.98
03/10/2012 02:12,FUODAEEE72440569,Stocks,AMRO66,WYFO79,23124.0,USD,300,25/10/2017,608.07,YER,71.09
03/10/2012 02:12,ZBFCVQSD15415009,Arrowhead Disks,VPTI00,DJNE62,7827519.73,UAH,1000,01/01/2017,286.61,USD,7642.61
03/10/2012 02:12,GMMZUXRU32398157,Cancellers,ERHJ34,DILF10,71046.0,USD,300,22/11/2017,236.82,USD,256.42
03/10/2012 02:12,NPDVAAZH24863245,Stocks,MFZY76,QXFF29,27208.3,FKP,100,02/06/2017,36.3,USD,266.62
03/10/2012 02:13,COINHCTS66633013,Atium Bars,LIIS96,YTAI13,6592200.0,USD,60000,01/08/2015,976.09,DJF,99.34
03/10/2012 02:13,PHUDERCE70082664,Rings of Increase Damage,NCYN50,ZMLP81,1491120.0,USD,2000,01/11/2015,745.56,USD,670.37
03/10/2012 02:13,UIXWDERJ73768202,Razor Claws,UHOG52,UWUK72,513384.9,KPW,7000,05/02/2013,30.2,USD,66.71
03/10/2012 02:13,IBFIZGRO91553677,Stocks,UIKN63,HXDA52,115920.0,USD,600,29/01/2016,193.2,USD,223.23
03/10/2012 02:14,RLLFNVBR77910158,Blasting Rods,VTKE98,CUVZ50,62790.0,USD,300,16/01/2013,209.3,USD,194.72
03/10/2012 02:14,CHBTYSVT01105963,Phasers,EDYH00,DGTY64,43281309.15,ZWD,50000,19/01/2013,185.49,USD,885.13
03/10/2012 02:14,JLULENLY82804450,Cloaks of Magic Resistance,OQXV70,GZED20,35760.0,USD,400,29/05/2017,89.4,USD,75.55
03/10/2012 02:14,ORFSAGSK98947253,Vagyrisk Claws,CIXF70,SHXQ48,15120.0,USD,400,14/07/2016,37.8,USD,34.3
03/10/2012 02:14,UPAYUHEO58801738,Stocks,HHFP66,SHXQ48,57379.0,USD,700,22/08/2016,515.69,VND,94.55
03/10/2012 02:15,DJJUNNRA79910336,Stocks,ORQH73,ZSXF19,440580.0,USD,7000,21/03/2017,277.6,SYP,58.34
03/10/2012 02:15,GBERVYKB92770195,Stocks,JXGF57,ZBIO05,16784.0,USD,800,10/05/2015,20.98,USD,24.68
03/10/2012 02:15,FLPRQGHA75342549,Stocks,WIZJ73,XHYN07,10696.8,TMM,100,03/10/2017,30.38,USD,127.62
03/10/2012 02:15,BKOGQPMC09246287,Stocks,NFAH30,MYXF05,14370.0,USD,1000,18/11/2015,14.37,USD,17.27
03/10/2012 02:16,IBJWVVTO77529729,Stocks,KKGY69,HWJF09,869883.83,CLP,500,30/06/2017,200.89,USD,1996.72
03/10/2012 02:16,FIPDVYXC62348687,Stocks,HWHS51,RJCA92,1960200.0,USD,90000,08/10/2017,21.78,USD,23.3
03/10/2012 02:17,BILAXZAP40851523,Cell Batteries,UACN81,OQXV70,33127198.47,TWD,2000,25/11/2015,38.99,USD,20000.19
03/10/2012 02:17,GXOEGXDL51001857,Stocks,WHPS18,LAUA80,13836532.88,AWG,9000,04/02/2017,161.23,USD,1733.38
03/10/2012 02:18,HPWRGPVZ76260631,Gorgon Heads,ZMLP81,KKZA87,12411233.65,SDG,7000,06/11/2015,218.37,USD,1545.14
03/10/2012 02:19,SENBATKG09411113,Stocks,SEKK26,TQSJ85,20992.0,USD,100,24/01/2015,209.92,USD,230.85
03/10/2012 02:19,ZJIDKDMV39067369,Weakness Policies,BBJG05,ZBIO05,9843600.0,USD,40000,23/03/2014,246.09,USD,282.15
03/10/2012 02:19,RJAIISRE86832498,Pensieves,DGTY64,OPZI26,12178.98,NIO,100,20/08/2013,71.41,USD,134.44
03/10/2012 02:19,MNRBHUNG68694754,Cocoons,HSWX88,FGQR22,228416.0,USD,800,20/09/2014,285.52,USD,290.55
03/10/2012 02:19,CBAAGUFZ33907737,Stoles,AMBT33,DJNE62,67110.0,USD,200,31/05/2014,436.22,NPR,294.77
03/10/2012 02:20,HVFVRWLY12040178,Stocks,ITTS26,EKXA24,72380633.4,BRL,90000,16/02/2015,70.1,USD,855.94
03/10/2012 02:20,QYGPIULJ13427073,Holy Rings,EMNK67,WYFO79,44014.22,BZD,300,10/03/2013,25.42,USD,129.1
03/10/2012 02:20,MQZUNMTJ04940358,Stocks,XHYN07,SUOX82,1013295.5,GIP,1000,01/09/2017,9572.05,MUR,1183.64
03/10/2012 02:20,RTGPPKIU10526100,Stocks,ITTS26,QOKP03,10311000.0,USD,30000,02/12/2015,343.7,USD,360.88
03/10/2012 02:20,EVIDVFZQ99949524,Dry Ethers,CIXF70,CMZC67,2139420.0,USD,6000,01/12/2016,356.57,USD,325.13
03/10/2012 02:21,SZPBEOLR78014675,Stocks,RJCA92,ZXVX98,7637000.0,USD,70000,17/05/2014,735.57,KWD,121.21
03/10/2012 02:21,YNAMKSBX71084742,Vibranium Bars,OCQF34,MSHS03,9738400.0,USD,20000,03/10/2015,486.92,USD,490.29
03/10/2012 02:22,EPSJDWYD52134839,Stocks,QLCE04,MRAH32,745500.0,USD,7000,15/03/2015,106.5,USD,100.84
03/10/2012 02:23,DZWGHCQP93407084,Orcarinas of Time,OCQF34,PIFN94,25738400.0,USD,80000,27/06/2014,321.73,USD,362.74
03/10/2012 02:23,RNBJFKHT27671614,Stocks,LWGE44,UIKN63,40482.0,USD,300,21/06/2014,134.94,USD,130.08
03/10/2012 02:23,PYUYOJDR62471138,Stocks,TFLS35,TGZI54,621320.0,USD,2000,20/03/2016,310.66,USD,366.41
03/10/2012 02:23,DLOWWBMX32452561,Curse Masks,ZXVX98,ZNQA84,29022.0,USD,700,14/02/2014,41.46,USD,44.25
03/10/2012 02:23,CJNILOVV66793856,Mr. Zerkons,SWGF93,IZTD25,24050.0,USD,200,01/06/2017,120.25,USD,109.64
03/10/2012 02:23,YOMXBRRI42235023,Stocks,DOGG07,PVAZ61,1148700.0,USD,7000,12/09/2013,164.1,USD,142.33
03/10/2012 02:24,XQVFEAHR07236733,Seastone Cuffs,QLCE04,HXDA52,370619.14,TND,800,09/10/2013,77.08,USD,374.33
03/10/2012 02:24,GBSYOAOL94415950,Don Gero Masks,THJF58,TFLS35,3141999.12,CAD,800,27/03/2016,4557.72,HTG,3738.21
03/10/2012 02:24,VFDENURY57152906,Stocks,PJKH65,MFJJ99,118673200.64,UYU,40000,12/11/2016,69.76,USD,3383.26
03/10/2012 02:24,WZJVSXZT31806902,Stocks,NCXS33,EDYH00,601680.0,USD,8000,13/12/2017,75.21,USD,84.77
03/10/2012 02:24,ZQWLAAZD64441135,Cainhurst Badges,QMZU44,UIKN63,226104.0,USD,800,29/07/2014,282.63,USD,291.54
03/10/2012 02:24,SENUXXLO28321120,Stocks,MFZY76,ORQH73,29501.0,USD,100,24/01/2017,295.01,USD,268.13
03/10/2012 02:25,PNIZMJVE24817439,Scrolls of Mail,CQPJ57,UACN81,124800.0,USD,5000,25/10/2016,24.96,USD,27.11
03/10/2012 02:26,GHMKOSNY24520006,Stocks,GIWG34,VLJL11,11911600.0,USD,40000,06/08/2017,297.79,USD,328.81
03/10/2012 02:26,ANDKYNKW28260730,Gonnes,TGZI54,NCYN50,118913.53,WST,700,06/07/2016,67.19,USD,142.62
03/10/2012 02:26,FMCKBXFE16738513,Stocks,CVMG22,SBUT62,10766.0,USD,200,14/03/2014,53.83,USD,56.12
03/10/2012 02:26,ZFMSCPWE80298995,Stocks,GYWU23,TQSJ85,24903418.37,BOB,3000,20/02/2014,209.92,USD,9501.46
03/10/2012 02:26,ZHLVQKPS73100059,Stocks,OKYS51,OUNH49,5940000.0,USD,50000,07/12/2017,118.8,USD,129.98
03/10/2012 02:26,VUIMFABB87168175,Stocks,QXFF29,HWHS51,157669291.89,ILS,90000,16/01/2014,208.01,USD,1602.29
03/10/2012 02:27,DDDSUXMJ45900019,Stocks,NXTO39,DILF10,152792.0,USD,800,13/03/2015,190.99,USD,206.59
03/10/2012 02:27,JIGXWMAZ84079861,Rings of Gain Strength,QMZU44,OQXV70,860130.0,USD,9000,14/01/2017,95.57,USD,106.05
03/10/2012 02:27,CMEGRESZ39538622,Gonnes,UEVD88,NCYN50,53752.0,USD,800,15/07/2013,67.19,USD,62.33
03/10/2012 02:28,TDNMDVFT33131368,Fire Tablets,LBKT00,UIKN63,179200.0,USD,800,21/01/2017,224.0,USD,236.75
03/10/2012 02:28,VEWNPPOY75993157,Stocks,PVAZ61,QHXJ50,8811000.0,USD,90000,29/08/2014,97.9,USD,83.96
03/10/2012 02:28,SLNRGCNM59761562,Stocks,EPZN28,VVBY18,273560.0,USD,7000,09/06/2017,39.08,USD,43.22
03/10/2012 02:28,JSDXTPDR98706254,Stocks,GIWG34,RQGG65,146932.68,LRD,600,24/02/2015,58.88,USD,232.1
03/10/2012 02:29,FYGXESHO80742481,Raiden Disks,TGZI54,KRRO64,26068.0,USD,700,20/09/2014,37.24,USD,42.2
03/10/2012 02:29,NKAKCOIW14757091,Amulets of Life Saving,QXFF29,RDBE21,1204960.0,USD,4000,04/11/2014,301.24,USD,280.81
03/10/2012 02:29,PIETSAYF81338011,Mocchi Disks,LBKT00,VVBY18,192854.41,BRL,200,14/05/2013,84.05,USD,1077.75
03/10/2012 02:29,YLFRZAIY26405579,Adamantium Bars,BMRZ75,LWGE44,14940900.0,USD,90000,25/09/2017,166.01,USD,171.3
03/10/2012 02:30,HSYFVCIL03096453,Stocks,ZFHD93,UWUK72,6926288.56,RON,40000,24/09/2013,118.39,USD,194.87
03/10/2012 02:31,CTKYKDSV92134695,Catbuses,QCRG59,DREA89,60724.95,CDF,400,01/03/2017,681.69,USD,174.64
03/10/2012 02:31,QSAFBMLQ02724744,Scope Lens,MDEQ10,UACN81,655584.71,CLP,5000,26/01/2014,15.14,USD,114.12
03/10/2012 02:32,GPMRBBWT00564656,Dino Disks,WYFO79,MHFC34,194000.0,USD,5000,03/03/2016,38.8,USD,33.57
03/10/2012 02:32,FXQSHQBN26634506,Stocks,UHOG52,KUWI70,792000.0,USD,90000,10/01/2016,8.8,USD,7.76
03/10/2012 02:34,BXCBAKSH99893491,Stocks,ZDAI73,PNFK78,142910.7,CZK,200,30/08/2013,163.39,USD,867.73
03/10/2012 02:34,DUBRTBIX53554536,Sylkis Greens,IJPI82,ZFHD93,649381283.28,BRL,90000,24/02/2015,628.92,USD,5758.77
03/10/2012 02:34,XPDVDBXX46078318,Stocks,MKHA46,QWOA67,9948241.1,AUD,700,12/12/2015,159.13,USD,15892.56
03/10/2012 02:34,KKLJAIGQ98707068,Rings of Shock Resistance,OHKH76,RQGG65,6285314.58,GNF,700,19/11/2015,69.67,USD,7794.83
03/10/2012 02:34,LLULEJSN05582424,Stocks,DBCS17,OUNH49,35640.0,USD,300,09/06/2017,118.8,USD,139.98
03/10/2012 02:35,LIBGFALA36554612,Stocks,BPLN25,OKYS51,10208.0,USD,800,30/05/2016,12.76,USD,14.29
03/10/2012 02:35,WRLAUYBM90779902,Binding Bands,MFZY76,MRAH32,22065300.0,USD,90000,16/05/2016,245.17,USD,259.17
03/10/2012 02:35,JMEBEORB75754700,Victory Gin,OKYS51,QETH27,31605.0,USD,700,07/03/2014,45.15,USD,39.17
03/10/2012 02:36,AXSQGJHS87077565,Stocks,CVMG22,QBAP68,7815.0,USD,500,27/08/2016,15.63,USD,16.5
03/10/2012 02:36,NWZFDEPT91627203,Kunais,UWUK72,SUOX82,11354215.07,KMF,5000,19/07/2014,330.05,USD,2572.5
03/10/2012 02:36,UBBYCBIG71106412,Stocks,YCZA59,UACN81,5944.0,USD,400,29/12/2017,14.86,USD,12.18
03/10/2012 02:37,XTIZYIKH92445510,Stocks,GSTD71,BDBU00,91371.0,USD,700,30/09/2016,130.53,USD,111.94
03/10/2012 02:37,WCBIFAZS86993753,Stocks,EDYH00,OHKH76,52140.0,USD,2000,11/10/2016,2459.48,BBD,27.68
03/10/2012 02:37,YZMGDUCX13426269,Stocks,QBAP68,LAUA80,64492.0,USD,400,17/11/2013,1271.91,YER,152.0
03/10/2012 02:37,GKIOLOWR63165760,Wings of Icarus,EMNK67,CVMG22,13670717.82,NZD,60000,28/03/2014,108.41,USD,247.11
03/10/2012 02:38,ETYWYUMP07319549,Smoke Balls,WHPS18,QODV38,226000.0,USD,400,24/08/2013,565.0,USD,524.54
03/10/2012 02:39,RVOCMEMO64976411,Dragon Scale Mail,IZTD25,CAVR54,1458240.08,MKD,900,10/03/2015,407.84,USD,1771.15
03/10/2012 02:39,YXXOMGVU82804202,Stocks,ZEHM52,GBEZ65,338432.84,IDR,800,18/09/2016,72.66,USD,356.61
03/10/2012 02:39,XDBOVLCE62893091,Stocks,JXGF57,ZNQA84,427600.0,USD,4000,16/05/2017,106.9,USD,115.27
03/10/2012 02:39,MZELKJZP13048489,Stocks,PVAZ61,MKHA46,227690.0,USD,1000,09/01/2017,227.69,USD,203.72
03/10/2012 02:40,QXSZQXUH52483416,Stocks,NQJL85,QBAP68,625200.0,USD,40000,18/05/2013,15.63,USD,14.49
03/10/2012 02:41,FHGYWSWU63550247,Red Fangs,YOQG45,ZDAI73,2724.04,NOK,200,08/06/2017,11.0,USD,14.73
03/10/2012 02:41,AOSEKLZF13287749,Potions of Booze,OUNH49,YWMD69,2313600.0,USD,40000,08/02/2017,57.84,USD,53.45
03/10/2012 02:41,JSJNGPZP31377501,Platinum Bolts,HWHS51,GYWU23,13565600.0,USD,80000,11/05/2013,169.57,USD,151.65
03/10/2012 02:42,VJLTWQAR07884303,Kicking Boots,ZFHD93,SHXQ48,449626.69,PYG,700,02/12/2016,75.62,USD,727.58
03/10/2012 02:42,KPHKTYGG01929841,Big Roots,VVBY18,MFZY76,578900.0,USD,2000,19/10/2014,289.45,USD,254.08
03/10/2012 02:42,JCZHBBRZ56846539,Shinigami Eyes,HFLM11,GIWG34,195640.0,USD,2000,04/06/2015,97.82,USD,110.78
03/10/2012 02:42,CTSVVCFN52798201,Gauntlets of Dexterity,QXFF29,HYSJ42,2751158.48,MAD,4000,13/10/2016,263.42,USD,750.21
03/10/2012 02:42,RZYLTKZM04626242,Shed Shells,ESPL27,DBCS17,135125819.88,COP,20000,16/10/2014,85.34,USD,5964.14
03/10/2012 02:43,PTPTUHAR84877691,Stocks,ZMLP81,PKBF70,142814.0,USD,700,12/04/2016,204.02,USD,176.56
03/10/2012 02:43,NRMWBIUN15311732,Stocks,WVEI17,RFZG50,36528.0,USD,600,18/01/2014,60.88,USD,53.92
03/10/2012 02:43,OISAVEYH95456624,Stocks,DVVB31,GZED20,1036900.0,USD,5000,23/02/2014,207.38,USD,191.86
03/10/2012 02:43,YKIHQJRT19417140,Cainhurt Summons,QWOA67,KEVJ11,151612.43,NZD,200,12/02/2014,360.69,USD,670.47
03/10/2012 02:44,YNTSBNOS83820196,Fatmans,QBVN33,AWYB85,570480.0,USD,8000,02/10/2014,71.31,USD,86.19
03/10/2012 02:44,LGDODTVH94257809,Stocks,OCQF34,SAAM06,103356.0,USD,900,02/08/2016,114.84,USD,95.26
03/10/2012 02:45,HUXEXLUT18864778,Dazers,ZMLP81,MRAH32,17440000.0,USD,50000,06/08/2017,348.8,USD,310.43
03/10/2012 02:46,MFFSMTIG91996502,Stocks,YSSR29,QBAP68,418133.76,XPF,80000,14/02/2017,126.17,MVR,4.79
03/10/2012 02:46,OLOMGXON05753707,Stocks,RLZK87,UFAY59,23036.0,USD,200,06/12/2015,881.16,KYD,118.89
03/10/2012 02:46,XYRZKPYL00472089,Gorgon Heads,VAHJ53,KKZA87,87348.0,USD,400,22/12/2014,218.37,USD,196.15
03/10/2012 02:46,VUBLSBKD07031592,Stocks,FDWI64,MRAH32,4260000.0,USD,40000,29/04/2016,106.5,USD,115.64
03/10/2012 02:46,EMRKYHSV88982616,Stocks,FTFI87,RLZK87,6891445.26,MGA,9000,29/09/2017,179.83,USD,852.96
03/10/2012 02:47,FEFCKZVJ36623316,Stocks,AMBT33,CQPJ57,587888.0,PAB,800,31/03/2017,58.0,USD,831.58
03/10/2012 02:49,NSZYXHDQ30850143,Terondais,DOGG07,QXFF29,4643800.0,USD,20000,02/12/2013,232.19,USD,256.56
03/10/2012 02:49,NLUHEVQA10829426,Inkfinity Stones,FGQR22,SXTM39,26012.0,USD,400,25/06/2013,65.03,USD,60.94
03/10/2012 02:49,QYRXCCYQ90173647,Stocks,JZTC69,SHXQ48,1698287.25,ZMK,4000,15/03/2013,81.97,USD,452.62
03/10/2012 02:50,VLNPDBVP23685431,Stocks,DGTY64,SXTM39,710900.0,USD,5000,16/08/2015,142.18,USD,158.29
03/10/2012 02:51,URJXNTHY36088638,Iron Balls,OHKH76,RJCA92,1313666.56,PKR,500,25/11/2017,302.73,USD,2396.28
03/10/2012 02:51,DLOHEKEH55721137,Goliath Serum,KKZA87,ESPL27,21622.0,USD,100,02/04/2016,216.22,USD,248.47
03/10/2012 02:52,VHJXFAPX58044645,Air Balloons,OPET16,ITTS26,19086.0,USD,300,10/12/2017,63.62,USD,65.7
03/10/2012 02:53,LZWWZABM92534302,Stocks,DBCS17,LIIS96,98462.0,USD,700,23/07/2014,140.66,USD,148.89
03/10/2012 02:53,CAGUUHNT42467014,Stocks,IZTD25,MYXF05,114960.0,USD,8000,12/03/2013,14.37,USD,15.57
03/10/2012 02:53,JOEFAPJG33405778,Dire Rat Tails,BBAX06,QXFF29,1873170.0,USD,3000,14/07/2017,624.39,USD,672.21
03/10/2012 02:53,JHCDOFEE25275246,Iron Sands,LWGE44,YTAI13,2412540.0,USD,6000,31/12/2015,402.09,USD,433.41
03/10/2012 02:53,ENPRCVMM42833339,Blades of Chaos,MYXF05,VAHJ53,40788.0,USD,300,28/08/2016,135.96,USD,158.82
03/10/2012 02:53,WCDMYWZL02247714,Stocks,ZMLP81,WHPS18,20527375.05,KMF,90000,23/05/2013,33.15,USD,213.91
03/10/2012 02:55,GUBCMZEQ41934267,Golden Ink Pots,VTKE98,ZXVX98,3609810.0,USD,9000,16/08/2016,401.09,USD,347.63
03/10/2012 02:55,KRLCMULE13161919,Stocks,SAAM06,ZELV96,3614.0,USD,200,22/04/2014,18.07,USD,19.14
03/10/2012 02:56,BEDLUPTI28938366,Stocks,VCSF07,SXHU74,678060.0,USD,6000,26/08/2014,10092.83,AUD,103.79
03/10/2012 02:56,LVWMPMGT26737259,Protective Pads,IZTD25,VESX21,10125600.0,USD,80000,17/01/2016,145.33,CRC,112.24
03/10/2012 02:56,UWKOMKHQ45119475,Helms of Brilliance,RQGG65,UFAY59,21498600.0,USD,60000,11/01/2017,358.31,USD,414.17
03/10/2012 02:57,BVJPKXWE00697512,Devil Fruits,RDBE21,TGZI54,15741600.0,USD,70000,06/07/2014,224.88,USD,208.14
03/10/2012 02:57,OKCMDTMZ43280259,Drops,PVAZ61,MEOQ86,1584350.0,USD,5000,23/12/2016,316.87,USD,352.22
03/10/2012 02:58,RUXSOOTX31204643,Stocks,HSWX88,PKBF70,183618.0,USD,900,02/02/2013,204.02,USD,224.96
03/10/2012 02:59,FKSYBXQV11283433,Assault Vests,PNFK78,LIIS96,36768.0,USD,100,08/01/2015,367.68,USD,329.39
03/10/2012 02:59,VYSNPTVT69387455,Stocks,ZMLP81,MSHS03,768140.34,YER,900,07/01/2016,108.19,USD,959.08
03/10/2012 02:59,WZPVSZSQ37400984,Stocks,YSSR29,JZTC69,79284.0,USD,400,30/05/2014,198.21,USD,175.74
03/10/2012 02:59,VOCITHIM40454652,Stocks,CMZC67,BMRZ75,2743914.08,PGK,4000,29/10/2014,250.54,USD,591.35
03/10/2012 02:59,LTRBEYTP80807425,Stocks,TVQQ54,CAVR54,1101254.04,AZN,1000,28/12/2017,161.55,USD,1011.9
03/10/2012 02:59,YSFJRFVE34294150,Daenarians,MYXF05,BBAX06,688058.06,ZMK,2000,30/08/2014,488.55,SGD,398.76
03/10/2012 02:59,ULNWZSKC12307923,Infinity Stones,PVAZ61,SAAM06,37389.0,USD,300,09/10/2014,124.63,USD,130.93
03/10/2012 02:59,SOXZKMMS18497273,Ogyo Disks,VKMV12,VVBY18,205153.11,JMD,800,06/01/2013,331.92,USD,245.51
03/10/2012 03:00,PHNKWMER39942751,Zelo Nuts,IIZF28,NCXS33,11306.0,USD,100,25/11/2017,113.06,USD,123.52
03/10/2012 03:00,ZWBCVDOM02460748,Stocks,ZDAI73,DNIL23,14366800.0,USD,70000,28/11/2017,205.24,USD,163.4
03/10/2012 03:01,DDIMOFRR53071676,Stocks,MKHA46,ZNQA84,972790.0,NPR,7000,01/12/2014,106.9,USD,158.76
03/10/2012 03:01,IMNCDDZS99382174,Coldblood Dews,AYIH50,VIMV38,70036.0,USD,200,19/09/2013,350.18,USD,341.75
03/10/2012 03:02,EYNEWVSE95056059,Stocks,YSSR29,QODV38,1166800.0,USD,10000,18/09/2016,116.68,USD,103.48
03/10/2012 03:03,ZFFBCKYG78497438,Stocks,GBEZ65,WVHK10,40464.0,USD,400,28/07/2017,101.16,USD,115.88
03/10/2012 03:03,MMUELSJR17495363,Stocks,GZED20,NFAH30,146385.0,USD,500,13/02/2014,292.77,USD,334.02
03/10/2012 03:04,WYXTQPZJ54253795,Quick Claws,VIMV38,INIL60,29016.0,USD,400,15/08/2014,72.54,USD,83.83
03/10/2012 03:04,WLFGBSET51411685,Stocks,WYFO79,UHOG52,167450.0,USD,5000,02/04/2016,33.49,USD,37.53
03/10/2012 03:04,NSTDXFUP85066209,Stocks,FYYD57,ZXVX98,736315.9,RWF,1000,01/06/2014,109.1,USD,862.57
03/10/2012 03:04,VVFXWNMJ76339582,Master Balls,JVHD93,DOGG07,955360.0,USD,8000,14/06/2015,119.42,USD,104.96
03/10/2012 03:04,RLTOQFAE21629567,Stocks,ZNQA84,SBUT62,3229800.0,USD,60000,31/01/2013,53.83,USD,57.89
03/10/2012 03:05,ABDKDAVU05742743,Fumble Boots,NCCX02,QWOA67,65125.0,USD,500,08/01/2016,130.25,USD,115.42
03/10/2012 03:05,YXFKKUPB74276728,Stocks,SFZS08,SAAM06,385669.47,GEL,800,20/09/2016,114.84,USD,423.85
03/10/2012 03:05,SRXTYMGL80689366,Elven Boots,JZTC69,RFZG50,27175.08,CVE,300,11/02/2015,68.08,ANG,100.9
03/10/2012 03:06,CSXKTICR63292991,B-4s,QHXJ50,ESPL27,24773.0,USD,700,12/07/2014,35.39,USD,36.95
03/10/2012 03:06,GJVGMQJV28828490,Stocks,BBAX06,QOKP03,2126403.16,BWP,2000,03/04/2016,343.7,USD,1006.22
03/10/2012 03:06,UWYPVMPC36853255,Gundams,DGTY64,SBUT62,169220.0,USD,400,03/12/2014,423.05,USD,452.15
03/10/2012 03:06,EVDHRHOR08981748,Stocks,UIKN63,OPZI26,14557.7,JPY,9000,02/12/2015,37.97,USD,1.85
03/10/2012 03:07,UEZWWSKQ06922467,Stocks,NXTO39,TBVE46,67640.0,USD,500,19/03/2016,135.28,USD,110.12
03/10/2012 03:07,WKWABCKG94759473,Stocks,KKGI60,KKGY69,99198.94,QAR,200,22/12/2013,135.2,USD,527.37
03/10/2012 03:07,IBCWJTKG03565224,Dragon Balls,RLZK87,RFZG50,23529.0,USD,300,08/03/2015,78.43,USD,81.68
03/10/2012 03:07,ADDAPEOJ15985657,Weakness Policies,AMRO66,ZBIO05,220768815.54,AMD,70000,12/09/2016,246.09,USD,2854.22
03/10/2012 03:07,RHWEQZTD34357657,Potions of Fruit Juice,LIJW00,SRYE59,6584900.0,USD,70000,14/11/2017,94.07,USD,104.32
03/10/2012 03:08,NEWHHVPS25214080,Pixie Disks,DOGG07,UFAY59,71342.0,USD,200,20/06/2015,356.71,USD,392.76
03/10/2012 03:08,EFTJCJZP29808025,Stocks,TGZI54,VTKE98,383280.0,USD,6000,24/05/2014,63.88,USD,70.64
03/10/2012 03:08,KCZJDVZP40081295,L-Viruses,DILF10,MHFC34,136026.0,USD,900,20/08/2017,151.14,USD,148.33
03/10/2012 03:09,TVUKQFTT43937867,Rune Bars,ESPL27,ZNQA84,22956246.88,SEK,20000,14/08/2014,308.56,USD,1065.36
03/10/2012 03:09,ZHTTJZUP97581531,Stocks,HWHS51,SWGF93,446760.0,USD,9000,19/06/2017,49.64,USD,55.25
03/10/2012 03:10,FINVFLYN35074687,Hearts of Onaga,MKHA46,RJUD59,187003.6,BND,900,01/07/2017,567.09,USD,187.75
03/10/2012 03:10,CZCWNURO93270596,Stocks,VGYT30,LAUA80,6449200.0,USD,40000,26/12/2017,161.23,USD,146.47
03/10/2012 03:10,EWBKIXSY08278697,Stocks,LIJW00,OCQF34,57532.0,USD,400,13/01/2014,143.83,USD,161.18
03/10/2012 03:11,JAYAFLHD11613092,Peace Bells,WVEI17,OKYS51,14692.0,USD,200,08/10/2013,73.46,USD,86.4
03/10/2012 03:11,ZLCRHYNP60562825,Amulets of Restful Sleep,AYIH50,VGYT30,548500.0,USD,50000,01/07/2014,10.97,USD,10.13
03/10/2012 03:11,YFYIBULD78643155,Stocks,EPZN28,UHOG52,23292060.57,KGS,90000,13/09/2016,33.49,USD,203.65
03/10/2012 03:11,CHBWEGVC86041212,Stocks,ESPL27,EDYH00,52647.0,USD,700,24/09/2014,75.21,USD,68.21
03/10/2012 03:12,OOLVFYTQ26525788,Stocks,NFAH30,VXSM31,143595.63,BWP,500,23/09/2014,92.84,USD,272.0
03/10/2012 03:12,UPWSXKJZ81380909,Stocks,KKGY69,MHFC34,4624997.77,CNY,7000,26/08/2015,103.77,USD,772.68
03/10/2012 03:12,KUBEXMTD69451734,Stocks,YSSR29,TBVE46,8116800.0,USD,60000,19/09/2015,135.28,USD,154.98
03/10/2012 03:12,PKINVLTN79571643,Mana Ore,VPTI00,JCWS17,823360.0,USD,8000,19/11/2015,102.92,USD,97.08
03/10/2012 03:12,TPZKICKJ75390690,Stocks,YLGZ72,NFAH30,2049390.0,USD,7000,04/07/2016,292.77,USD,275.87
03/10/2012 03:12,TEUFKVRQ27140272,Stocks,NQJL85,TVQQ54,87139.42,RSD,900,13/09/2014,84.2,USD,78.05
03/10/2012 03:13,VKKOJYUQ36016189,Dragon Balls,QHXJ50,RFZG50,42483.96,THB,600,17/05/2013,78.43,USD,77.96
03/10/2012 03:13,SGQIDYLU26922003,Stocks,EWUY52,VLJL11,29779.0,USD,100,25/09/2013,297.79,USD,299.84
03/10/2012 03:14,NFJLHUJK47302651,Stocks,TFLS35,OQXV70,4585.0,USD,700,29/07/2013,6.55,USD,5.77
03/10/2012 03:14,NRECTXBD13106874,Stocks,MHFC34,TKVF94,3450.0,USD,100,23/08/2013,34.5,USD,37.64
03/10/2012 03:14,MZMSIOJP50978577,Stocks,SHXQ48,RLZK87,719320.0,USD,4000,12/07/2013,179.83,USD,164.86
03/10/2012 03:14,FNUDIWWJ84751464,Rings of Teleportation,PNFK78,CBOX52,117540.0,USD,600,08/06/2015,881.88,HKD,182.35
03/10/2012 03:15,GPAXMOCP69166117,Mjolnirs,EDYH00,FORM54,37022400.0,USD,60000,08/12/2015,617.04,USD,549.52
03/10/2012 03:15,ATJLWAEV80478075,Stocks,UWUK72,IZLM67,30280.0,USD,400,11/02/2016,75.7,USD,69.87
03/10/2012 03:15,BKXHCITT77222600,Philosopher Stones,SXTM39,IJPI82,90072.0,USD,900,14/05/2016,100.08,USD,121.03
03/10/2012 03:15,NSTVAAVE63502288,Moranth Burners,HHOA99,QHXJ50,18765000.0,USD,60000,15/04/2014,312.75,USD,268.64
03/10/2012 03:15,ZGEEZBEQ46622070,Stocks,UACN81,ZEHM52,61806.0,USD,600,27/02/2015,103.01,USD,84.28
03/10/2012 03:16,CPLBOMJG41930896,Stocks,FAWI50,EDYH00,52647.0,USD,700,21/10/2017,75.21,USD,66.13
03/10/2012 03:16,PNUGSJTX61326996,Flames of Apollo,SAAM06,FTFI87,15783200.0,USD,80000,30/04/2017,197.29,USD,216.5
03/10/2012 03:17,JPDKIQXM13459381,Stocks,BBAX06,FDWI64,4374.0,USD,200,17/09/2013,21.87,USD,20.24
03/10/2012 03:17,VUIHCJJG04245179,Stocks,PKBF70,MYXF05,8622.0,USD,600,08/06/2016,14.37,USD,12.85
03/10/2012 03:17,CRXTKYQP62983135,Stocks,TFLS35,NGBA40,57185082.6,FJD,60000,17/01/2017,99.29,USD,1060.05
03/10/2012 03:18,QJUETUFG28808788,Stocks,LBKT00,IZTD25,436880.0,USD,4000,08/05/2013,109.22,USD,89.83
03/10/2012 03:18,UIYOIEMY66414044,Rings of Cold Resistance,EKXA24,DGTY64,7422623.52,ZAR,6000,26/07/2015,244.4,USD,1306.0
03/10/2012 03:18,FTBSWJLA34624003,Adrenaline Orbs,GIWG34,MKHA46,13410415.16,SRD,9000,22/11/2014,216.63,USD,1604.7
03/10/2012 03:18,QMGSBWIG74516395,Stocks,TFLS35,KTLA69,990000.0,USD,8000,16/01/2015,5.27,JPY,124.34
03/10/2012 03:19,JDONHJCW18831009,Lunar Curtains,WIZJ73,EPZN28,644307.93,TZS,200,24/10/2013,325.06,USD,2674.4
03/10/2012 03:19,KIORFEOF72442350,Australium Bars,AHMZ79,OUNH49,596622.4,XAF,1000,21/03/2016,145.39,USD,520.83
03/10/2012 03:19,JALEIHAP85527591,Leaves of Lorien,YLGZ72,GBEZ65,10115.0,USD,100,05/12/2014,101.15,USD,117.6
03/10/2012 03:19,LDGJHXWK96384877,Stocks,RLZK87,GSTD71,545640.0,USD,6000,15/04/2017,90.94,USD,87.47
03/10/2012 03:19,JKHRXKXK96743439,Amulets of Yendor,UACN81,OPET16,940250.0,USD,5000,04/04/2013,188.05,USD,206.98
03/10/2012 03:20,ROMXGPUZ30459763,Crystal Balls,TFLS35,QETH27,161372.0,USD,400,29/09/2013,3182.58,YER,383.74
03/10/2012 03:20,OYJOYMTM16869545,HALs,UHOG52,WYFO79,3874050.0,USD,5000,26/03/2014,774.81,USD,748.61
03/10/2012 03:21,UJRCKHTW62280273,Stocks,KUWI70,ZMLP81,44565.6,GYD,300,17/03/2017,40.0,USD,168.25
03/10/2012 03:22,HALFGEMS31435336,Stocks,HPTP65,OCQF34,1371476.58,AWG,1000,30/09/2015,143.83,USD,1516.58
03/10/2012 03:23,YFJTTORG51659481,Stocks,AMBT33,GIWG34,2128.0,USD,700,19/06/2015,3.04,USD,2.74
03/10/2012 03:23,ZMDJHOMF98862227,Sabor de Soledad Chips,BPLN25,DBCS17,679741.85,IDR,1000,11/05/2016,93.39,MOP,709.92
03/10/2012 03:23,ZZYMSWAQ99696853,Stocks,UHOG52,OPZI26,2335838.46,ISK,20000,08/12/2015,37.97,USD,109.16
03/10/2012 03:23,YWVXKVJB95362682,Stocks,RLZK87,ZMLP81,777120.0,KPW,8000,28/09/2016,40.0,USD,82.89
03/10/2012 03:24,PLMCKPAX94388610,Shining Coins,PBFW95,NCCX02,117615.0,USD,300,11/04/2014,392.05,USD,352.34
03/10/2012 03:24,YDQOTEUB98932541,Chunin Headband,GBEZ65,EIWJ22,4245701.04,TZS,3000,18/06/2015,142.8,USD,1616.25
03/10/2012 03:24,ZQHAUZYO94435718,Stocks,CMZC67,WVHK10,5058000.0,USD,50000,23/06/2013,101.16,USD,111.81
03/10/2012 03:25,ADYJHTPO34991518,Madman's Knowledges,XHYN07,CAVR54,34513.0,USD,100,11/06/2014,2374.6,KMF,310.16
03/10/2012 03:25,VFCCSCSX92423130,Stocks,EWUY52,WYFO79,34001.53,TRY,600,19/02/2014,77.08,USD,61.22
03/10/2012 03:25,VCNBUXVP58753470,CodeBots,SXTM39,ZBIO05,43040.0,USD,800,26/07/2016,53.8,USD,47.75
03/10/2012 03:26,POSFGPHM11572696,Crystal Balls,CBOX52,QETH27,318257.86,YER,100,02/06/2017,403.43,USD,3492.92
03/10/2012 03:26,PNRMDQMS00435194,Stocks,SRYE59,HFLM11,121072.0,USD,700,31/10/2013,532.01,ISK,148.93
03/10/2012 03:26,BYIICKDU27034997,Hoverboards,UWUK72,MFZY76,66453.58,DZD,700,29/11/2014,27.99,USD,104.49
03/10/2012 03:26,JSMRGMGH75063630,Transporters,AHMZ79,QMZU44,136888.0,USD,400,10/05/2013,342.22,USD,286.81
03/10/2012 03:26,LXKBKVRT61762883,Hurtloam,HXDA52,DVVB31,23251200.0,USD,80000,12/08/2015,290.64,USD,262.44
03/10/2012 03:27,MYEMGMHU44942376,Stocks,EWUY52,CAVR54,14539500.0,USD,90000,10/09/2014,161.55,USD,185.89
03/10/2012 03:28,CDMEAOYG47745663,Stocks,SUOX82,NCXS33,114256.45,TMM,200,03/03/2014,162.25,USD,608.59
03/10/2012 03:28,IKZONUHH54495980,Stocks,RFZG50,ZSXF19,377640.0,USD,6000,25/08/2016,62.94,USD,54.51
03/10/2012 03:28,DVCXYCJO74811647,Stocks,WWNS72,MFJJ99,55808.0,USD,800,26/07/2016,69.76,USD,77.43
03/10/2012 03:28,WLLNFQPQ54419246,Stocks,IZTD25,TKVF94,24150.0,USD,700,14/07/2017,34.5,USD,31.52
03/10/2012 03:28,AAUIWPUD10143390,Stocks,QHXJ50,CIXF70,391790.0,USD,7000,08/01/2013,55.97,USD,61.55
03/10/2012 03:29,WKJBOEPU19781581,Stocks,YTAI13,UWUK72,355170.0,USD,3000,29/07/2017,118.39,USD,128.44
03/10/2012 03:29,YKBDFCOB93946988,Stocks,YTAI13,FJOI82,215020.0,USD,2000,09/05/2016,107.51,USD,103.29
03/10/2012 03:29,KWDHGGXE42466599,Stocks,LKPN86,QLCE04,26666.29,JMD,500,28/10/2016,112.73,DKK,47.72
03/10/2012 03:29,TYLEYUSP12757888,Stocks,AHMZ79,AYIH50,59795.0,USD,500,04/10/2013,119.59,USD,96.74
03/10/2012 03:29,PQCSKUSP80916808,Stocks,TQSJ85,IBLA29,772380.0,USD,2000,13/10/2017,386.19,USD,347.55
03/10/2012 03:30,MZQAYPCA07868484,Sylkis Greens,PBFW95,ZFHD93,440244.0,USD,700,12/04/2013,628.92,USD,534.69
03/10/2012 03:31,EQCRVSIT28211054,Stocks,GGLV00,HHOA99,2796.0,USD,200,24/05/2017,13.98,USD,12.71
03/10/2012 03:31,PWXOCRHR16927097,Ghost Disks,RFZG50,NCCX02,1318000.0,USD,40000,19/03/2016,32.95,USD,32.1
03/10/2012 03:31,WPSKUGUB84842201,Tricorders,CIXF70,FGQR22,41598.0,USD,300,28/12/2015,138.66,USD,153.21
03/10/2012 03:32,KBVPXUWB59347337,X-12s,LIIS96,UWUK72,126090.96,HNL,100,23/01/2014,575.39,USD,1481.51
03/10/2012 03:32,DDJHQYFF25900061,Stocks,QMZU44,VVBY18,33259.03,TOP,100,22/08/2013,39.08,USD,297.98
03/10/2012 03:32,ZHLEPMTI58406152,Stocks,BBAX06,QLCE04,48321.0,USD,700,19/02/2013,69.03,USD,74.58
03/10/2012 03:34,FYMTHHXT39176286,Capes of Fujin,ZBIO05,EWUY52,15112.0,USD,100,02/04/2015,151.12,USD,162.94
03/10/2012 03:34,UMJFYHUT60264148,Finnests,VLJL11,TGZI54,198977.45,SEK,500,04/02/2013,106.98,USD,367.27
03/10/2012 03:34,KOVWGEWN75070732,Stocks,KEVJ11,PVAZ61,85269313.8,CLP,60000,21/03/2014,164.1,USD,1428.07
03/10/2012 03:35,FZAZVONV80040274,Rings of Conflict,EMNK67,KUWI70,174128.0,USD,800,29/12/2015,217.66,USD,199.98
03/10/2012 03:35,BJKYXAGX60354080,Stocks,BBJG05,VKMV12,17082.0,USD,200,24/06/2017,85.41,USD,75.2
03/10/2012 03:35,UPROCBLG17632784,Stocks,JXGF57,FGVK43,34816.15,HKD,200,02/11/2017,38.67,USD,170.48
03/10/2012 03:36,IANFRAXS49891696,Stocks,THJF58,VCSF07,7308.0,USD,200,19/05/2017,36.54,USD,38.39
03/10/2012 03:36,OAXWVDDN67332530,Stocks,CIXF70,CVMG22,572480.0,USD,8000,24/11/2015,2254.04,XCD,65.23
03/10/2012 03:37,KHIABGCP13712747,Qwark Statuettes,YLGZ72,ZSXF19,14307.15,RON,200,14/02/2016,48.91,USD,61.43
03/10/2012 03:37,MJZEEPDS26548235,Stocks,TKVF94,VLJL11,1504810.3,ILS,600,16/06/2014,297.79,USD,2478.16
03/10/2012 03:37,LLBKQHRI21593812,Stocks,SZRJ90,EWUY52,36492.0,USD,200,03/04/2013,182.46,USD,194.87
03/10/2012 03:37,RPZYCSRL83839422,Smoke Balls,LKPN86,QODV38,4520000.0,USD,8000,08/07/2016,565.0,USD,579.81
03/10/2012 03:38,SIJYKJKJ74308759,Wide Lenses,RJCA92,NGBA40,402243.78,CHF,800,22/04/2017,59.81,USD,550.24
03/10/2012 03:38,QHEONQVT76265340,Stocks,MHFC34,QBVN33,45690.0,USD,600,14/09/2017,76.15,USD,69.01
03/10/2012 03:39,QJQJNDVJ92263770,Gundams,TBVE46,SBUT62,1269150.0,USD,3000,04/08/2015,423.05,USD,469.65
03/10/2012 03:40,YVXELOVI68168218,Stocks,IIZF28,LKPN86,11714.0,USD,200,02/07/2017,58.57,USD,51.27
03/10/2012 03:40,ZEOILGVW55550367,Stocks,SZRJ90,SAAM06,2296800.0,USD,20000,18/12/2017,114.84,USD,101.07
03/10/2012 03:42,VIMXKCKI18940348,Stocks,SXTM39,ERHJ34,23602332.66,BWP,30000,17/06/2016,254.33,USD,685.66
03/10/2012 03:42,NGWJYFWD17434074,Dino Disks,HFLM11,MHFC34,349200.0,USD,9000,27/04/2017,38.8,USD,36.33
03/10/2012 03:42,NWTMYIRU47008498,Stocks,PVAZ61,OPET16,281837.34,SYP,10000,05/12/2015,6.39,USD,21.83
03/10/2012 03:43,PFLSUDSJ46854370,Stocks,ZVEN26,UIKN63,2356943.0,IDR,3000,15/08/2016,1494.03,GBP,850.39
03/10/2012 03:43,KVRNMDZZ00557808,Wide Lenses,DVVB31,NGBA40,299050.0,USD,5000,12/03/2014,59.81,USD,49.56
03/10/2012 03:43,GQORYODY75216706,Unity Stones,TVQQ54,SMYT95,139497.9,MAD,300,03/04/2016,178.09,USD,460.25
03/10/2012 03:44,RIJWTSNW35525757,Stocks,AWYB85,HWJF09,180801.0,USD,900,09/03/2013,200.89,USD,234.34
03/10/2012 03:44,MQCVYBFW05045947,Stocks,OHKH76,VKMV12,42705.0,USD,500,28/04/2016,85.41,USD,92.02
03/10/2012 03:44,NAXBBWXM67788707,Stocks,WYFO79,MFJJ99,181352.28,GYD,700,19/12/2017,69.76,USD,241.6
03/10/2012 03:44,BRPOVQXQ46716089,Sabor de Soledad Chips,BBJG05,DBCS17,21849996.0,JOD,70000,26/09/2014,116.75,USD,353.3
03/10/2012 03:45,FMKJYYCM90506769,Protect Drinks,NCYN50,YTAI13,178857.0,USD,900,06/07/2015,198.73,USD,186.16
03/10/2012 03:45,QMOIAWKV48912040,Helms of Brilliance,VCSF07,UFAY59,2508170.0,USD,7000,23/02/2016,465.8,NPR,308.1
03/10/2012 03:46,ZNRFUWQH84145663,Bombchus,SXHU74,OPET16,81720.0,USD,200,19/12/2016,408.6,USD,422.62
03/10/2012 03:46,ETCBKVFJ04014070,Pulse Rifles,DOGG07,PKBF70,23496.0,USD,800,06/04/2015,29.37,USD,26.78
03/10/2012 03:46,VAZMMPZP37279716,Naknadan Shrines,UHOG52,ZBIO05,22302600.0,USD,60000,14/02/2014,371.71,USD,440.38
03/10/2012 03:47,ZNCQRYIX42805507,Elven Cloaks,OCQF34,MHFC34,237162.0,USD,600,27/02/2017,74.98,PLN,338.24
03/10/2012 03:47,VACQLROG77040042,6IV Shiny Dittos,ZSXF19,AMBT33,4777700.0,USD,10000,29/07/2015,197.08,BAM,504.57
03/10/2012 03:47,LTOFPPDB74095873,Sylkis Greens,LBKT00,ZFHD93,440244.0,USD,700,24/11/2015,628.92,USD,673.71
03/10/2012 03:47,HACLLSXO71341373,Sausages inna bun,OCQF34,CMOI26,61500.0,USD,6000,19/01/2017,10.25,USD,11.32
03/10/2012 03:48,DGQHZHXM18507139,Weakness Policies,PVAZ61,ZBIO05,1230450.0,USD,5000,11/05/2016,246.09,USD,245.68
03/10/2012 03:48,RYNTXIJQ89329992,Loadstones,TQSJ85,TYAE14,939680.0,USD,7000,28/03/2015,202.41,LKR,151.9
03/10/2012 03:48,RPAUJPOB13705611,Wise Glasses,HWJF09,AYIH50,124665.0,USD,500,03/06/2014,1061.65,MGA,231.86
03/10/2012 03:49,NXOUMKUN43234551,Baku Disks,PNFK78,QWOA67,99480.0,USD,3000,26/02/2015,33.16,USD,40.22
03/10/2012 03:49,KZFMWXQH19756508,Blue Fire Powder,UWUK72,CIXF70,577990.0,USD,7000,19/03/2016,82.57,USD,83.78
03/10/2012 03:49,SCJVXQBO33153223,Quick Claws,ZVEN26,INIL60,1943546.81,AUD,300,25/03/2015,72.54,USD,6959.96
03/10/2012 03:49,OFTYMJGC68507360,Stocks,HHOA99,GYWU23,231122.62,KWD,2000,27/08/2015,17.14,USD,124.22
03/10/2012 03:49,EPYIFHKL16993973,Momentum Gliders,ZFHD93,SRYE59,19874.0,USD,100,28/09/2016,198.74,USD,189.73
03/10/2012 03:49,SGCCQTPK88719628,Stocks,YOQG45,QAZT26,256032.0,USD,900,27/06/2017,284.48,USD,324.23
03/10/2012 03:50,BBRKDOLH49160247,Neuralizers,RQGG65,IBLA29,1162500.0,USD,5000,19/09/2017,232.5,USD,203.15
03/10/2012 03:50,LYISSSBN06936123,White Fangs,VESX21,OHKH76,213030.0,USD,3000,23/06/2015,71.01,USD,64.38
03/10/2012 03:50,VZMHWHHM49933943,Red Fangs,NFAH30,ZDAI73,77000.0,USD,7000,09/07/2017,11.0,USD,11.76
03/10/2012 03:51,NDMIHGGO07354523,Stocks,MFZY76,QXFF29,25410.0,USD,700,08/02/2015,36.3,USD,39.17
03/10/2012 03:51,GLBHYVDO99018577,Rings of Warning,QBVN33,HNLV68,1504720.0,USD,8000,09/03/2017,188.09,USD,193.84
03/10/2012 03:51,IXUCLACM01759885,Heart Containers,HFLM11,OCQF34,1715960.0,USD,4000,07/01/2016,428.99,USD,470.21
03/10/2012 03:51,QBLQFIZS85778497,Stocks,IZTD25,ZVEN26,264600.0,USD,6000,29/11/2017,44.1,USD,39.08
03/10/2012 03:52,OKEWGKNG32024684,Moranth Melters,ZVEN26,VVXA11,195040.0,USD,800,25/01/2015,243.8,USD,202.48
03/10/2012 03:52,TJZNXUER52870299,Ent-draught,IZLM67,LIJW00,32040.0,USD,900,05/12/2015,35.6,USD,31.81
03/10/2012 03:52,EZFOYWND86991347,Blue Orbs,NQJL85,EWUY52,376730.0,USD,1000,02/12/2016,376.73,USD,334.55
03/10/2012 03:52,ZLQNQMUN21826681,Float Stones,BBJG05,SXTM39,283419.0,USD,900,31/10/2015,314.91,USD,363.64
03/10/2012 03:53,UDMUPOOP51582846,Coldblood Dews,HSWX88,VIMV38,216777878.46,SRD,90000,02/11/2014,350.18,USD,2627.14
03/10/2012 03:53,TTQCTKVU14071026,Light Clays,YLGZ72,NCXS33,263240.0,USD,4000,16/10/2014,65.81,USD,68.75
03/10/2012 03:53,WRWLUWNZ73543691,Stocks,BPLN25,VKMV12,427050.0,USD,5000,20/07/2016,85.41,USD,92.13
03/10/2012 03:54,DNJEWXGC79198968,Stocks,UEVD88,ISWT83,12019500.0,USD,90000,14/07/2015,133.55,USD,139.63
03/10/2012 03:54,DYYCPPRL98720000,Rune Bars,EKXA24,ZNQA84,970606.34,VND,500,14/09/2015,308.56,USD,2186.91
03/10/2012 03:54,ULTQKMPI87051401,Stocks,QHXJ50,WVEI17,1871200.0,USD,20000,29/12/2013,93.56,USD,84.98
03/10/2012 03:55,NNLEJMPE74377450,Stocks,YOQG45,SFZS08,28574035.2,LSL,80000,29/10/2017,48.29,KRW,337.44
03/10/2012 03:55,QRNMHLPX99500468,Stocks,KRXZ15,TRFG21,28080.0,USD,9000,14/09/2013,3.12,USD,3.33
03/10/2012 03:55,OYWKCCWN51080536,Ghost Disks,BBAX06,NCCX02,26360.0,USD,800,12/09/2016,32.95,USD,36.9
03/10/2012 03:55,CKKJOMXL97803715,Pressures,TKVF94,SWGF93,430955.0,USD,700,24/10/2015,615.65,USD,682.99
03/10/2012 03:55,ZPLLCGQN20777946,Stocks,YFAM59,CUVZ50,14520.0,USD,200,06/11/2017,72.6,USD,61.86
03/10/2012 03:56,FDPDXROJ77387434,Stocks,KKGI60,QWOA67,4798724.28,LKR,20000,17/10/2017,159.13,USD,254.33
03/10/2012 03:57,WOCZWYMZ36499710,Stocks,HSWX88,SUOX82,107709.0,USD,700,23/03/2013,153.87,USD,130.0
03/10/2012 03:58,TPRYCFOX85580337,Stocks,CVMG22,TGZI54,17197826.94,GBP,5000,19/05/2014,310.66,USD,3422.65
03/10/2012 03:59,OUJXGBDL41937967,Stocks,PKBF70,OUNH49,335558.92,KZT,700,02/04/2014,118.8,USD,444.43
03/10/2012 04:01,ANSZGLXK42450418,Stocks,AHMZ79,BMRZ75,146921.67,MZN,100,30/11/2015,250.54,USD,1400.2
03/10/2012 04:01,UKVWEQCA84661144,Mental Herbs,FAWI50,HSWX88,178866.0,USD,600,29/07/2017,298.11,USD,261.09
03/10/2012 04:01,EOZVAROH28557608,Orcish Ring Mail,AGBH66,VLJL11,1384688.68,SOS,5000,29/09/2017,103.94,USD,306.76
03/10/2012 04:02,KUWQSXND78204403,Stocks,RJUD59,XHYN07,3038.0,USD,100,27/08/2015,30.38,USD,32.78
03/10/2012 04:02,MDQSASHP82458056,Stocks,ZSXF19,FTFI87,151109.0,USD,700,26/02/2015,215.87,USD,197.5
03/10/2012 04:02,DEWBEEPR49631539,Jumping Boots,ZBIO05,SFEO61,714140.0,USD,7000,11/02/2016,102.02,USD,93.51
03/10/2012 04:02,DWHTOYKU08153029,Stocks,SXHU74,UHOG52,23443.0,USD,700,26/09/2017,33.49,USD,32.12
03/10/2012 04:02,ELWJSCNS56036089,Stocks,RNZB01,INIL60,954000.0,USD,30000,13/05/2013,31.8,USD,34.5
03/10/2012 04:02,FBNAEZZC46325939,Stocks,VVBY18,WIZJ73,2204736.12,CUP,90000,28/11/2017,10.54,USD,22.79
03/10/2012 04:02,PBDZIKIH47981659,Stocks,JVHD93,KKZA87,122250.0,USD,3000,24/01/2014,40.75,USD,31.51
03/10/2012 04:03,KQPZAOJI50616680,Stocks,WVHK10,WHPS18,9945.0,USD,300,29/03/2015,38.02,BMD,32.45
03/10/2012 04:03,PHEYQOEV30767185,Wide Lenses,FGVK43,NGBA40,47848.0,USD,800,13/07/2016,59.81,USD,49.1
03/10/2012 04:03,PVCSNVQR10334887,Scouters,KKZA87,GGLV00,47355.0,USD,700,06/05/2015,67.65,USD,59.34
03/10/2012 04:04,MAPFITPM12842721,Rune Bars,AYIH50,ZNQA84,18513600.0,USD,60000,04/05/2013,10417.02,INR,341.14
03/10/2012 04:04,TGIJGYLA84966640,Stocks,CIXF70,QXFF29,55718.68,NIO,900,16/04/2016,36.3,USD,55.62
03/10/2012 04:04,RMLWCWBB80912240,Rupees,KKGI60,EDYH00,23459100.0,USD,70000,13/05/2014,335.13,USD,389.21
03/10/2012 04:05,NFPCAXLC66342213,Infinity Stones,GBEZ65,SAAM06,872410.0,USD,7000,09/06/2015,124.63,USD,140.37
03/10/2012 04:06,ASALJPRL06522181,Stocks,HSWX88,ORQH73,118004.0,USD,400,03/07/2016,295.01,USD,306.84
03/10/2012 04:06,BLIAGCNZ94068964,Stocks,TKVF94,UACN81,956.98,MNT,400,23/04/2016,14.86,USD,2.64
03/10/2012 04:06,IDBHBCTP06226685,Light Clays,SFZS08,NCXS33,658100.0,USD,10000,01/08/2017,65.81,USD,66.91
03/10/2012 04:06,GCTBTWEV15079461,Mimett Greens,TFLS35,NFAH30,850320.0,USD,9000,05/09/2016,94.48,USD,99.72
03/10/2012 04:06,WKGFADRJ66276758,Stocks,CVMG22,KKGI60,1072960.0,USD,7000,22/01/2017,153.28,USD,181.7
03/10/2012 04:06,OVQYCVGX83946698,Light Clays,PJKH65,NCXS33,52648.0,USD,800,05/02/2014,65.81,USD,73.13
03/10/2012 04:07,ZEHTRHUC01715390,Stocks,OHKH76,ZFHD93,17108378.84,SOS,70000,08/06/2017,91.73,USD,240.2
03/10/2012 04:07,NLZJFNBL61684805,Stocks,AMRO66,EMNK67,15501516.8,VND,10000,13/09/2014,643.35,MAD,1329.02
03/10/2012 04:08,PEYMHANA07115405,Shrouds of Turin,TBVE46,QODV38,1533650.0,USD,5000,10/06/2017,306.73,USD,346.01
03/10/2012 04:08,PQPSGEXL45959915,Horcuxes,IBLA29,LBKT00,150430.0,USD,700,24/05/2015,214.9,USD,187.68
03/10/2012 04:08,OXSUJEUB44418939,Stocks,UIKN63,TQSJ85,8396800.0,USD,40000,02/12/2015,209.92,USD,251.41
03/10/2012 04:08,UFCTOGTJ74918506,Golden Lucky Cats,YLGZ72,KRRO64,1061130.0,USD,3000,06/05/2014,353.71,USD,374.67
03/10/2012 04:08,AXVOHLLP40275509,Stocks,EWUY52,QLCE04,345150.0,USD,5000,30/05/2016,69.03,USD,81.27
03/10/2012 04:08,PYXPQPEL58440499,Pensieves,QHXJ50,OPZI26,2051266.53,XAF,7000,27/07/2017,71.41,USD,341.96
03/10/2012 04:09,FJRRAQLD52410351,Stocks,SXHU74,BDBU00,130530.0,USD,1000,02/04/2014,130.53,USD,139.81
03/10/2012 04:09,IKQIRFPJ53234892,Infobots,ZEHM52,BMRZ75,165090.0,USD,500,27/04/2013,330.18,USD,355.18
03/10/2012 04:10,DHHMQSHF13900721,Stocks,ERHJ34,KKGY69,158184.0,NPR,900,12/12/2017,135.2,USD,151.04
03/10/2012 04:11,GGQMAANJ14082438,Blue Flutes,QOKP03,TYAE14,20132000.0,USD,70000,09/02/2013,287.6,USD,313.12
03/10/2012 04:12,QDNQSHGU13661642,Stocks,QMZU44,QBAP68,4689.0,USD,300,14/07/2015,15.63,USD,17.35
03/10/2012 04:12,BHKGBOPV61275043,Stocks,FORM54,LWGE44,332940.96,MUR,600,09/10/2013,8.92,USD,498.3
03/10/2012 04:13,IZHNLNCT30326754,Stocks,TKVF94,VLJL11,238232.0,USD,800,28/12/2016,297.79,USD,355.57
03/10/2012 04:14,XPORELYF86136801,Grip Claws,QMZU44,LBKT00,619128.23,PKR,200,02/08/2013,356.69,USD,3395.28
03/10/2012 04:14,RRTCUNMC17579353,Stocks,INIL60,MSHS03,32457.0,USD,300,01/02/2016,108.19,USD,113.0
03/10/2012 04:14,ZMNLBHZL05325982,Stocks,NGBA40,QLCE04,13806.0,USD,200,16/08/2016,69.03,USD,66.71
03/10/2012 04:14,TQGWVHVD39902482,Raiden Disks,XRBV61,KRRO64,1862000.0,USD,50000,02/01/2015,37.24,USD,38.53
03/10/2012 04:14,CASRCNFU82548502,Shrouds of Turin,RLZK87,QODV38,276057.0,USD,900,19/07/2014,306.73,USD,322.31
03/10/2012 04:14,EWNWEOET51164349,Stocks,IIZF28,HFLM11,103776.0,USD,600,01/05/2013,172.96,USD,163.8
03/10/2012 04:16,YYTYJVIJ00220998,Fog Pots,RJUD59,VAHJ53,152766.0,USD,900,14/12/2015,1157.08,AZN,163.31
03/10/2012 04:17,BOFTLLPR54122985,Clank Model Robots,KUWI70,QETH27,29388.0,USD,300,07/04/2016,97.96,USD,112.54
03/10/2012 04:17,IZFSUKQO49329441,Stocks,MFJJ99,IBLA29,155248.38,BGN,4000,01/06/2013,386.19,USD,37.7
03/10/2012 04:17,HGBNRRRC50020702,Stocks,SFEO61,ERHJ34,1525980.0,USD,6000,25/09/2017,254.33,USD,206.38
03/10/2012 04:17,DSJIDREF90564449,Cell Batteries,AMBT33,OQXV70,12734.91,DKK,200,23/03/2014,38.99,USD,70.23
03/10/2012 04:18,YXWQHZMX80860695,Potions of Water,OCQF34,HHOA99,1342440.0,USD,9000,17/12/2017,149.16,USD,140.65
03/10/2012 04:18,VBDIVZZS22722552,Stocks,QXFF29,WVHK10,40666.32,BGN,4000,22/06/2015,101.16,USD,8.22
03/10/2012 04:18,FRFDJPMX58678074,Stocks,PBFW95,QCRG59,3595798.53,NZD,10000,27/02/2013,171.09,USD,312.43
03/10/2012 04:19,DCEFVTKF67391887,Stocks,HFLM11,YFAM59,102387.16,FKP,200,09/09/2016,68.3,USD,573.83
03/10/2012 04:19,XDITFRLZ00803203,Centipedes,EPZN28,SUOX82,391576.89,MAD,400,29/03/2015,374.93,USD,1132.81
03/10/2012 04:19,HBFUXDHS42588691,Adrenaline Orbs,HHOA99,MKHA46,151641.0,USD,700,02/09/2013,216.63,USD,239.37
03/10/2012 04:19,PSZGLEEH75568699,Stocks,HPTP65,ISWT83,267100.0,USD,2000,16/09/2016,149.32,AED,159.1
03/10/2012 04:19,IAUVUEXE20232348,Spider Silks,YWMD69,VTKE98,79072782.28,BOB,8000,19/09/2017,249.95,USD,9431.98
03/10/2012 04:19,HYVRKKLD62658317,Stocks,CAVR54,LWGE44,26760.0,USD,3000,17/08/2013,8.92,USD,9.78
03/10/2012 04:20,WRPNEVMO51262705,Barrier Tags,GBEZ65,TBVE46,212184.0,USD,600,09/09/2016,3204.44,GHS,395.75
03/10/2012 04:20,BJMVZEIC08236454,Stocks,AHMZ79,RNZB01,530400.0,USD,80000,30/06/2013,6.63,USD,6.94
03/10/2012 04:20,DSHPSBXT46001102,Butterflys,RDBE21,SBUT62,10689600.0,USD,40000,04/06/2013,267.24,USD,227.86
03/10/2012 04:20,YBRNUTLE37324145,Stocks,CUVZ50,MSHS03,54095.0,USD,500,01/02/2013,108.19,USD,93.57
03/10/2012 04:20,XDHWUTJH22290600,Books of Cagliostro,JXGF57,MSHS03,1785400.0,USD,10000,26/04/2013,178.54,USD,188.22
03/10/2012 04:20,HTPHTSAM58416901,Fatmans,GIWG34,AWYB85,499170.0,USD,7000,30/09/2017,71.31,USD,60.65
03/10/2012 04:20,EWTJHWXS86814111,Stringers,ZEHM52,ZELV96,2523640.0,USD,4000,10/07/2017,630.91,USD,649.56
03/10/2012 04:20,CYTNTERN61029563,Rings of Gain Strength,KUWI70,OQXV70,86013.0,USD,900,17/08/2014,95.57,USD,79.96
03/10/2012 04:20,SGUOOGVA17042214,Stocks,UWUK72,WHPS18,26520.0,USD,800,23/12/2015,33.15,USD,33.04
03/10/2012 04:20,AINWZDPV65466181,Strongest Potions,ZSXF19,VVXA11,15430.0,USD,200,29/05/2017,77.15,USD,74.06
03/10/2012 04:21,SDGHFAVY96783598,Stocks,ZVEN26,VAHJ53,4805100.0,USD,90000,05/01/2017,53.39,USD,58.79
03/10/2012 04:21,OHPWVWCK66285846,Stocks,TYAE14,GYWU23,3428.0,USD,200,06/12/2015,17.14,USD,15.99
03/10/2012 04:21,JUZQQBIP94005612,Stocks,WIZJ73,YSSR29,416640.0,USD,8000,15/11/2017,52.08,USD,56.84
03/10/2012 04:22,WHTCYTOM03303928,Ogyo Disks,NGBA40,VVBY18,199152.0,USD,600,19/06/2014,331.92,USD,313.22
03/10/2012 04:23,GYMTCHTN76915325,Stocks,TFLS35,YFAM59,20490.0,USD,300,12/05/2016,1417.61,HTG,78.23
03/10/2012 04:23,OXUDYPWF06037351,Stocks,NXTO39,GBEZ65,65394.0,USD,900,22/04/2014,658.39,GHS,62.02
03/10/2012 04:24,ITVMBOXM57108352,Nemean Cestuses,TGZI54,JCWS17,14679300.0,USD,30000,07/01/2017,489.31,USD,472.39
03/10/2012 04:24,RAWVMOYZ35540825,Unity Stones,FTFI87,SMYT95,2968938.39,GTQ,30000,04/08/2017,178.09,USD,82.92
03/10/2012 04:24,EOUMZNHE86266086,Stocks,QLCE04,UIKN63,93100.5,RSD,600,31/03/2016,134.94,USD,179.38
03/10/2012 04:24,GNXOUHSE05822076,Razor-rimmed Hats,HWJF09,THJF58,2639220.96,TRY,20000,01/12/2014,179.49,USD,140.39
03/10/2012 04:25,PZOYLQEE87471073,Stocks,IZLM67,RFZG50,42616.0,USD,700,05/05/2016,60.88,USD,63.88
03/10/2012 04:25,EODAHBPP04661470,Stocks,SUOX82,DDIB11,9882.0,USD,600,09/03/2014,16.47,USD,14.55
03/10/2012 04:25,EVFWXGZF23365529,Nanotech Crates,QAZT26,EDYH00,2080000.0,USD,5000,12/04/2017,416.0,USD,343.17
03/10/2012 04:25,GVYQHNJN41460818,Sensu Beans,SRYE59,MFJJ99,3122197.94,CHF,900,08/01/2017,412.66,USD,3191.98
03/10/2012 04:25,BHFVYIHT28129009,Stocks,JCWS17,VPTI00,6654.0,USD,100,03/01/2015,66.54,USD,70.65
03/10/2012 04:26,KFXLDXYX19611425,Razor-rimmed Hats,AGBH66,THJF58,897450.0,USD,5000,28/11/2017,179.49,USD,163.82
03/10/2012 04:26,OURUYSRC81768948,Stocks,KRXZ15,BPLN25,49768.0,USD,400,06/01/2017,124.42,USD,114.5
03/10/2012 04:27,GEWYFECE56016490,Stocks,LBKT00,PIFN94,301105.0,USD,700,05/06/2013,430.15,USD,466.53
03/10/2012 04:27,EJXOCSOS71407649,Stocks,LAUA80,FGQR22,184426.28,GNF,100,25/09/2016,14.31,USD,1673.37
03/10/2012 04:27,MYDOLXMT21420249,Teeth of the Dragon,HSWX88,HWJF09,569151.0,USD,900,13/08/2016,632.39,USD,530.77
03/10/2012 04:29,HTDUZYUE72139313,Stocks,SEKK26,DGTY64,82350.0,USD,5000,23/12/2016,16.47,USD,19.06
03/10/2012 04:30,UTTFHVLU20701253,Cloaks of Displacement,DNIL23,NXTO39,111832.87,KWD,300,06/08/2013,55.29,USD,368.66
03/10/2012 04:30,OVQQXJHO44868064,Stocks,TQSJ85,EDYH00,60168.0,USD,800,08/08/2016,75.21,USD,77.78
03/10/2012 04:30,RNTKNBNW74596982,Protective Pads,UWUK72,VESX21,1139130.0,USD,9000,26/11/2016,126.57,USD,108.22
03/10/2012 04:31,QNGZQOUG13752717,Treasure Mappers,VESX21,EMNK67,16257600.0,USD,90000,05/02/2014,180.64,USD,170.98
03/10/2012 04:31,GPAEITMM52816692,Stocks,GSTD71,FGQR22,11448.0,USD,800,29/09/2014,14.31,USD,16.52
03/10/2012 04:31,ZSLTIOVM98278004,Garu Disks,SHXQ48,KUWI70,23103.0,USD,900,28/08/2016,112.26,CZK,28.38
03/10/2012 04:31,KNRKJOGV76514791,Stocks,VVXA11,FGQR22,5724.0,USD,400,25/01/2017,14.31,USD,13.35
03/10/2012 04:33,DSFNSXZK13394219,Stocks,NQJL85,UACN81,1040200.0,USD,70000,03/04/2014,14.86,USD,13.93
03/10/2012 04:34,OFQUMINI74559240,Stocks,PVAZ61,RDBE21,5360.0,USD,200,14/10/2014,26.8,USD,24.53
03/10/2012 04:34,YZBFZYXP54083025,Stocks,SFZS08,JXGF57,563590.86,VND,800,26/12/2014,111.98,USD,812.73
03/10/2012 04:34,AODJNEZT66896264,Stocks,UHOG52,ZEHM52,61806.0,USD,600,01/06/2016,103.01,USD,91.88
03/10/2012 04:34,BRSNHFNR15662122,Lightsabres,WYFO79,LKPN86,12609.0,USD,900,10/03/2016,14.01,USD,14.67
03/10/2012 04:35,FHIDCKBJ34562448,Go-Pods,FORM54,QOKP03,25014.0,USD,200,03/10/2015,125.07,USD,110.16
03/10/2012 04:35,JPPGOCVM64503843,3D Maneuver Gears,IZTD25,NXTO39,1685.39,MOP,700,11/10/2015,3.01,USD,2.27
03/10/2012 04:35,IIVSJNIX23361116,Lightsabres,CMZC67,LKPN86,97271.99,PKR,800,28/06/2017,14.01,USD,101.74
03/10/2012 04:35,OBCHRUCP07191901,Stocks,BPLN25,SAAM06,2717849.38,YER,3000,01/05/2015,114.84,USD,756.33
03/10/2012 04:35,BNKXPYAB73871790,Stocks,YOQG45,SFZS08,19170.0,USD,100,07/06/2017,191.7,USD,223.52
03/10/2012 04:36,BBJTIHOG15448187,Stocks,JCWS17,RNZB01,13260.0,USD,2000,26/03/2014,6.63,USD,7.39
03/10/2012 04:36,RZGMNOME07978747,Helms of Opposite Alignment,NCYN50,EMNK67,985424.08,ZMK,900,27/12/2014,211.39,USD,1142.37
03/10/2012 04:37,MGCXFZST70749495,Stocks,ZELV96,ZVEN26,13230.0,USD,300,11/12/2016,44.1,USD,51.27
03/10/2012 04:37,OXGYXAHA72099644,Infobots,OUNH49,BMRZ75,1110289.68,CHF,400,16/05/2017,330.18,USD,2314.63
03/10/2012 04:37,NFZCJJLC54330316,Mithril Bars,DDIB11,EIWJ22,2930.0,USD,1000,30/10/2016,30.44,LBP,3.28
03/10/2012 04:37,HHIMLTZV38192035,Stocks,HNLV68,VVXA11,252136.0,USD,800,29/06/2015,315.17,USD,305.29
03/10/2012 04:38,LKAFBNBJ56372063,Nano-paks,ZNQA84,VLJL11,6608480.0,USD,8000,02/02/2014,826.06,USD,878.51
03/10/2012 04:38,ZFGVEPNC80506018,Stocks,ZMLP81,GYWU23,11998.0,USD,700,20/07/2015,131.13,KYD,18.75
03/10/2012 04:39,VWZTRZEV39317278,Zoom Lens,FGVK43,CMOI26,163390.36,NZD,300,23/04/2014,259.14,USD,477.95
03/10/2012 04:39,FNASMGEU49426834,Amulets Versus Poison,YCZA59,PJKH65,34350.0,USD,500,29/04/2017,68.7,USD,62.44
03/10/2012 04:40,QVYOVLCT32979665,Phoenix Downs,CUVZ50,ORQH73,1378400.0,USD,80000,24/02/2014,17.23,USD,18.71
03/10/2012 04:40,VHBOFBTR69619794,Stocks,KKGY69,KTLA69,11137500.0,USD,90000,21/12/2014,123.75,USD,129.79
03/10/2012 04:40,PINWXIBZ89321726,Philosopher Stones,QOKP03,IJPI82,30024.0,USD,300,28/02/2014,100.08,USD,97.61
03/10/2012 04:41,HARJKRAX72742654,Stocks,RJCA92,OPZI26,26579.0,USD,700,12/11/2016,37.97,USD,31.53
03/10/2012 04:41,SJUWUEHX25239523,Stocks,VKMV12,INIL60,12720.0,USD,400,06/01/2013,31.8,USD,35.19
03/10/2012 04:42,WZJEITDJ34745582,Stocks,FORM54,JVHD93,4095.0,USD,700,24/09/2016,5.85,USD,4.92
03/10/2012 04:42,HNFNCNGJ20879551,Map-o-matics,TYAE14,KKGI60,315450.0,USD,600,11/06/2015,525.75,USD,463.35
03/10/2012 04:42,QUUOXVJN21057680,Stocks,ZDAI73,JZTC69,594630.0,USD,3000,12/02/2017,198.21,USD,188.41
03/10/2012 04:43,DJBJOYSP78447142,Stocks,OHKH76,YTAI13,1132920.0,USD,9000,14/04/2016,125.88,USD,133.73
03/10/2012 04:44,NUDMXXWZ93690095,Stocks,FGVK43,WVHK10,91044.0,USD,900,20/12/2014,101.16,USD,89.47
03/10/2012 04:45,HLIBKNUK88102165,Mocchi Disks,GZED20,VVBY18,33620.0,USD,400,24/02/2015,84.05,USD,70.11
03/10/2012 04:45,TYFTCGZY50577994,Stocks,VESX21,DGTY64,115290.0,USD,7000,21/08/2017,16.47,USD,15.86
03/10/2012 04:45,XVVJVDTK53038885,Stocks,QODV38,JZTC69,39642.0,USD,200,16/01/2017,198.21,USD,184.47
03/10/2012 04:45,CTXIZKVO75141224,Hi-Potions,NCCX02,PKBF70,10857200.0,USD,40000,11/07/2014,3439.02,PAB,298.84
03/10/2012 04:46,SRCSTMSG96362612,Thermal Regulation Suppositories,CMOI26,ZVEN26,56440.0,USD,200,24/01/2016,282.2,USD,269.17
03/10/2012 04:46,VBEXGKQC41700273,Magic Harps,TQSJ85,LIJW00,292770.0,USD,3000,25/02/2015,97.59,USD,85.55
03/10/2012 04:46,GIGDOWNW62716929,Rings of Conflict,INIL60,KUWI70,2499172.12,CRC,10000,29/01/2013,217.66,USD,275.3
03/10/2012 04:47,DLXWGBSK29267843,Stocks,VIMV38,SBUT62,506109.66,NGN,60000,05/07/2017,53.83,USD,8.79
03/10/2012 04:47,WNQFMBZH63502098,Gold Needles,GSTD71,PKBF70,38994900.0,USD,70000,04/05/2016,557.07,USD,608.85
03/10/2012 04:47,HTNGOJIC70335656,Duff,CMOI26,WIZJ73,1362700.0,USD,5000,14/03/2016,1903.53,SAR,218.61
03/10/2012 04:47,USOESFZR76255119,Unicorn Horns,AMBT33,TGZI54,209646.0,USD,900,25/05/2015,232.94,USD,243.82
03/10/2012 04:47,RKBQXXJU54931311,Stocks,GBEZ65,QWOA67,47739.0,USD,300,19/11/2015,159.13,USD,172.35
03/10/2012 04:49,HFZPQXSC33417899,Potora Earrings,KKZA87,RQGG65,96350164.68,GNF,70000,20/08/2016,10.68,USD,1248.55
03/10/2012 04:50,HZKZFIPP98759282,Stocks,SZRJ90,EWUY52,912300.0,USD,5000,23/12/2014,182.46,USD,175.9
03/10/2012 04:50,NHSONJAF63380405,Stocks,YSSR29,FTFI87,6476100.0,USD,30000,14/09/2015,962.89,OMR,190.56
03/10/2012 04:50,WRKEYFLW14749367,Stocks,ZVEN26,MDEQ10,769398.52,HRK,100,04/04/2017,75.52,USD,6982.59
03/10/2012 04:50,IOHCPCVQ35954095,Stocks,QWOA67,IBLA29,115857.0,USD,300,20/01/2017,1606.2,LRD,388.64
03/10/2012 04:50,TOSSQBQW04229056,Stocks,TRFG21,BBAX06,29655.0,USD,900,15/06/2014,32.95,USD,39.53
03/10/2012 04:51,HZRILNKU12006535,Turbo Ethers,CVMG22,VPTI00,118320.0,USD,3000,05/08/2017,39.44,USD,42.48
03/10/2012 04:52,UCWENYPQ30778341,Stocks,HNLV68,YSSR29,705808.99,BSD,2000,13/08/2014,52.08,USD,402.59
03/10/2012 04:52,WBEMNCHW40510745,Stocks,TQSJ85,FDWI64,13122.0,USD,600,26/08/2015,21.87,USD,19.82
03/10/2012 04:53,OWFTHEMA89973149,Stocks,SFEO61,DREA89,2010300.0,USD,30000,08/07/2014,67.01,USD,70.45
03/10/2012 04:53,GDUNSZXH57242218,Stocks,SUOX82,ZSXF19,18882.0,USD,300,11/03/2013,62.94,USD,55.35
03/10/2012 04:54,WXQYRRXG64014137,Stocks,SFEO61,ZBIO05,4196.0,USD,200,22/10/2016,20.98,USD,22.11
03/10/2012 04:54,HAOUCLKK35099892,Stocks,QETH27,MYXF05,10059.0,USD,700,10/11/2017,14.37,USD,12.69
03/10/2012 04:54,LVELDFQA31853667,Electric Seeds,LKPN86,EIWJ22,87789.0,USD,300,04/09/2016,292.63,USD,270.49
03/10/2012 04:55,DKDVSXYL01373919,Stocks,YSSR29,VVXA11,3151700.0,USD,10000,14/05/2013,315.17,USD,365.04
03/10/2012 04:55,BAYKIXNL62016882,Stocks,EPZN28,GIWG34,243200.0,USD,80000,25/08/2014,3.04,USD,3.33
03/10/2012 04:55,RWJMAUUM09897724,Elder Wands,SUOX82,LKPN86,218926.02,SAR,100,21/04/2013,313.45,USD,2219.52
03/10/2012 04:55,FFANHVZV04197791,Stocks,FORM54,QCRG59,684360.0,USD,4000,13/12/2016,171.09,USD,146.26
03/10/2012 04:56,MXTEZKHV21363530,Stocks,FYYD57,OHKH76,521400.0,USD,20000,04/11/2015,156.98,XOF,24.31
03/10/2012 04:56,RAMUWVVY90499740,Stocks,VIMV38,VESX21,445534.5,BHD,900,15/11/2017,141.27,USD,443.7
03/10/2012 04:57,JTLROTWH69078277,Platinum Bolts,OUNH49,GYWU23,64780148.82,CNY,60000,17/09/2014,169.57,USD,1253.39
03/10/2012 04:57,MEFKVRRO70182131,Radioactive Spiders,TKVF94,RJCA92,24656400.0,USD,60000,17/06/2015,410.94,USD,418.79
03/10/2012 04:57,WXVYSKHE87753782,Knightmare Frames,GZED20,YFAM59,78564301.68,AZN,30000,27/10/2013,384.17,USD,2391.89
03/10/2012 04:57,AGMGHTZD72469246,Stocks,HWJF09,HXDA52,115920.0,USD,600,13/05/2016,193.2,USD,165.52
03/10/2012 04:57,WIUDQUJR93100668,Rings of Levitation,VVXA11,VGYT30,926100.0,USD,3000,17/11/2017,308.7,USD,326.84
03/10/2012 04:57,VKKWENCB23570395,Stocks,NFAH30,NGBA40,79432.0,USD,800,15/01/2014,99.29,USD,111.12
03/10/2012 04:57,KXYGLNWJ50163559,Reflectors,HYSJ42,VIMV38,4280357.53,RWF,900,08/02/2017,704.69,USD,4987.41
03/10/2012 04:57,CWIWRZHS10750306,Stocks,RDBE21,GBEZ65,14532.0,USD,200,06/06/2016,72.66,USD,67.67
03/10/2012 04:58,OMWYZXGO69767807,Stocks,KRRO64,WWNS72,387421.63,PKR,200,25/09/2016,1937.11,PKR,1695.23
03/10/2012 04:58,LPKDQEXS69996364,Dust Cannisters,KRXZ15,DNIL23,355818.0,USD,600,22/10/2014,593.03,USD,547.33
03/10/2012 04:58,JFQHXAVH43907322,Wide Lenses,PBFW95,NGBA40,598100.0,USD,10000,06/03/2015,59.81,USD,56.42
03/10/2012 04:59,RBROTNEM92411114,Protective Pads,INIL60,VESX21,2342810.7,GMD,2000,13/05/2014,126.57,USD,1307.0
03/10/2012 04:59,CGYMXVQD59820977,Stocks,INIL60,FAWI50,65985192.0,MAD,90000,05/11/2015,280.8,USD,870.76
03/10/2012 05:00,EEWYGGRF21383124,Stocks,SFZS08,QLCE04,186353.39,RWF,400,13/11/2017,69.03,USD,521.55
03/10/2012 05:01,PGLPZDEK49819772,CodeBots,SEKK26,ZBIO05,120669.1,DOP,300,09/04/2014,53.8,USD,322.8
03/10/2012 05:01,LSPCNGDB16604917,Stocks,ERHJ34,TKVF94,103500.0,USD,3000,21/07/2015,34.5,USD,29.74
03/10/2012 05:01,LCBGDULP20285421,Stocks,PNFK78,QHXJ50,391600.0,USD,4000,24/07/2014,97.9,USD,106.65
03/10/2012 05:03,RQKAXNZV43637189,Stocks,DNIL23,HPTP65,1768975.09,SOS,3000,09/02/2015,221.31,USD,577.22
03/10/2012 05:03,NYYQUDYN75829555,Potions of Sickness,KKZA87,DREA89,8373926.48,ZWD,8000,14/09/2016,224.3,USD,953.49
03/10/2012 05:03,ZZYWCHBI05086557,Stocks,KKZA87,WWNS72,201544912.8,ETB,90000,23/12/2017,223.2,USD,1997.53
03/10/2012 05:03,FDJDPNDV02264796,Frenzied Coldbloods,GZED20,VCSF07,216533.95,NZD,200,17/02/2014,515.14,USD,1019.65
03/10/2012 05:03,WFDEISBP25853059,Stocks,ZFHD93,HWJF09,109597950.18,MWK,90000,20/01/2015,200.89,USD,1133.31
03/10/2012 05:03,LOBREYNK38605325,Stocks,WVHK10,UEVD88,12037228.8,BIF,30000,08/04/2017,250.4,USD,444.28
03/10/2012 05:03,TJMCSNIN30892305,Dragon Scales,KUWI70,KTLA69,23421.0,USD,100,26/07/2013,234.21,USD,208.67
03/10/2012 05:03,XMWHKYIS16062899,Potions of Water,BMRZ75,HHOA99,44748.0,USD,300,13/01/2014,149.16,USD,131.49
03/10/2012 05:04,JQUUUEDD49920041,Jumping Boots,FGVK43,SFEO61,81616.0,USD,800,25/08/2013,102.02,USD,93.73
03/10/2012 05:04,MHOXSZGI00073388,Amulets of Reflection,KTLA69,UHOG52,647850.0,USD,7000,06/02/2013,284.73,SLL,81.52
03/10/2012 05:04,DLZLEADI96612295,Stocks,NXTO39,RNZB01,1088274.72,XAF,40000,23/08/2015,6.63,USD,25.89
03/10/2012 05:04,BGXUXXBO22718032,Victory Gin,EKXA24,QETH27,18060.0,USD,400,25/04/2015,45.15,USD,49.33
03/10/2012 05:04,KDWBNIWT06489583,Seastone Cuffs,QETH27,HXDA52,1821559.96,INR,700,12/10/2013,77.08,USD,2814.25
03/10/2012 05:05,GZVVYEVQ69366655,Stocks,FGQR22,MFJJ99,13952.0,USD,200,08/02/2017,69.76,USD,63.62
03/10/2012 05:05,XWKDXOUX42192643,Stocks,VKMV12,QBVN33,628237.5,BAM,20000,11/01/2013,76.15,USD,35.68
03/10/2012 05:05,OHMBZNTX00017864,Vagyrisk Claws,QXFF29,SHXQ48,302400.0,USD,8000,14/03/2013,37.8,USD,33.47
03/10/2012 05:06,PTASLTWB24842540,Gadgetrons,HFLM11,SHXQ48,366889.32,MMK,5000,16/08/2017,276.72,BRL,74.3
03/10/2012 05:06,CNDQKHTJ21383040,Iron Balls,FTFI87,RJCA92,2241412.92,GMD,800,18/04/2017,302.73,USD,3047.06
03/10/2012 05:06,GKEMSUMQ44096948,Red Curtains,RNZB01,ZELV96,29065400.0,USD,70000,10/11/2015,415.22,USD,478.66
03/10/2012 05:06,ESICSWYN87451046,Stocks,YCZA59,QODV38,58340.0,USD,500,28/08/2014,116.68,USD,121.59
03/10/2012 05:06,BHVUEKNC93368131,Stocks,MSHS03,EDYH00,67689.0,USD,900,31/01/2013,75.21,USD,64.22
03/10/2012 05:07,JPEAQMJJ33815684,Stocks,VCSF07,RLZK87,143864.0,USD,800,15/06/2017,179.83,USD,158.61
03/10/2012 05:07,RKIQUYJQ08047055,Agents,TVQQ54,GSTD71,7697400.0,USD,60000,28/06/2015,128.29,USD,142.4
03/10/2012 05:08,KOUWLVJH83909416,Cornuthaums,LKPN86,FGQR22,6518400.0,USD,60000,04/12/2013,1376.47,PAB,97.74
03/10/2012 05:08,RTKHEHWJ60521485,Rejuvenation Tanks,QODV38,PQSW95,397470.0,USD,500,26/02/2015,6695.06,ILS,739.68
03/10/2012 05:08,XDWOILLY36161714,I-Suits,RFZG50,BBJG05,394205.0,USD,700,28/10/2017,563.15,USD,581.4
03/10/2012 05:09,LSHUPFKB12678057,Behelits,UACN81,QCRG59,88382.0,USD,100,03/08/2013,883.82,USD,941.67
03/10/2012 05:09,BKDGGUQJ76829465,Butterflys,MSHS03,SBUT62,213792.0,USD,800,29/11/2016,267.24,USD,295.93
03/10/2012 05:10,OREOHCCP91319050,Blue Fire Powder,HFLM11,CIXF70,184291.29,SEK,600,14/02/2016,562.86,AZN,304.85
03/10/2012 05:10,ZVIUZQRK17064084,Coldblood Dews,NCYN50,VIMV38,28010.9,MOP,100,28/11/2016,350.18,USD,274.97
03/10/2012 05:10,JKJHGCZY66984448,Stocks,GZED20,PKBF70,3472624.42,TOP,2000,14/03/2017,204.02,USD,1529.53
03/10/2012 05:11,YYONZDPZ05938107,Stocks,TQSJ85,YFAM59,68300.0,USD,1000,28/04/2017,68.3,USD,66.29
03/10/2012 05:11,PJUXDKGN35847348,Stocks,JZTC69,PKBF70,81608.0,USD,400,25/03/2017,204.02,USD,204.47
03/10/2012 05:12,ZGNFPFEG23676090,Stocks,HWJF09,TQSJ85,146944.0,USD,700,07/12/2013,358.02,NIO,228.52
03/10/2012 05:12,VDKNMWMO64676690,String of Beads,AMBT33,FTFI87,2871.0,USD,900,06/04/2016,3.19,USD,2.91
03/10/2012 05:12,ZAJLWIBC30679368,Shooters,OUNH49,LBKT00,19200.0,USD,500,30/06/2013,38.4,USD,36.49
03/10/2012 05:13,XZFPEKNZ98007164,Protective Pads,SXTM39,VESX21,389392.6,SLL,1000,01/03/2017,126.57,USD,392.74
03/10/2012 05:13,LVMLZJHP33884779,Stocks,ZVEN26,HPTP65,971418.11,SZL,1000,25/08/2015,221.31,USD,894.03
03/10/2012 05:13,UKZMXOYO16123995,Stocks,IJPI82,QCRG59,684360.0,USD,4000,26/10/2016,580.29,DZD,174.85
03/10/2012 05:13,XPJRDTRK67788781,Stocks,WWNS72,SBUT62,43064.0,USD,800,06/12/2014,53.83,USD,59.24
03/10/2012 05:13,FXTIJGOK97713555,Stocks,PKBF70,QOKP03,137480.0,USD,400,20/09/2013,343.7,USD,333.96
03/10/2012 05:14,PXIFIWKX17419839,Neuralizers,FAWI50,IBLA29,232500.0,USD,1000,25/05/2014,379.7,DKK,241.8
03/10/2012 05:14,WCIEMJDD47335467,Neuralizers,OKYS51,IBLA29,34205167.5,NZD,70000,07/06/2014,232.5,USD,524.82
03/10/2012 05:14,HQGWTIIC81257003,Electric Seeds,TYAE14,EIWJ22,117052.0,USD,400,05/02/2017,292.63,USD,279.88
03/10/2012 05:14,NOPKPCGN74019005,Beatas Disks,OCQF34,KRXZ15,97747.82,BZD,100,19/07/2013,169.36,USD,859.39
03/10/2012 05:15,RQDEIJEY65402193,Razor Claws,NXTO39,UWUK72,40763.96,RWF,200,03/07/2014,30.2,USD,221.08
03/10/2012 05:15,QOIZYAXI19454710,Gadgetrons,RQGG65,SHXQ48,144720.0,USD,6000,28/04/2017,24.12,USD,19.76
03/10/2012 05:15,MSXPVHPB45130194,Stocks,FORM54,CBOX52,137496.0,USD,600,23/11/2015,229.16,USD,213.37
03/10/2012 05:15,VMHUJLUB84578865,Stocks,VAHJ53,IIZF28,30261.0,USD,300,24/10/2014,754.14,DOP,95.41
03/10/2012 05:15,JRQQRIFF32315765,Dunce Caps,ZVEN26,HWJF09,845880.0,USD,6000,09/08/2014,140.98,USD,138.12
03/10/2012 05:15,LHNSKCSK98309061,Nails of Helena,SHXQ48,JVHD93,279160.0,USD,700,14/12/2014,398.8,USD,397.06
03/10/2012 05:16,RVXLVLXG09103741,Grip Claws,VPTI00,LBKT00,32102100.0,USD,90000,28/12/2013,356.69,USD,303.41
03/10/2012 05:16,BVXGTGJJ24164964,Rupees,RQGG65,EDYH00,17946915.27,KYD,7000,08/05/2014,2270.91,BSD,2894.91
03/10/2012 05:17,BBOQVPQQ30721173,Stocks,SWGF93,AGBH66,1400900.0,USD,10000,17/08/2015,140.09,USD,114.81
03/10/2012 05:17,RMSJXHMZ23200102,Stocks,CQPJ57,OUNH49,118800.0,USD,1000,31/01/2016,494.1,LRD,107.39
03/10/2012 05:17,EZXGIJRN67412858,Stocks,MDEQ10,TKVF94,31050.0,USD,900,05/10/2013,34.5,USD,38.88
03/10/2012 05:18,EQSUWJLP59586755,Stocks,INIL60,QAZT26,56896.0,USD,200,11/04/2017,284.48,USD,322.3
03/10/2012 05:18,INELALXV79695338,Stocks,RJCA92,LKPN86,292850.0,USD,5000,14/10/2017,58.57,USD,65.53
03/10/2012 05:18,HBQITEIA48971558,Stocks,PBFW95,DNIL23,213449.6,NPR,800,12/04/2014,205.24,USD,241.67
03/10/2012 05:19,DCBTJJLK63070252,Stocks,SXHU74,LKPN86,35142.0,USD,600,21/11/2013,58.57,USD,56.94
03/10/2012 05:20,IAOJRTNO85472308,Stocks,NFAH30,MHFC34,3113100.0,USD,30000,05/11/2013,103.77,USD,123.9
03/10/2012 05:20,SIFRECUC32077109,Stocks,VPTI00,KKZA87,54450.15,CDF,6000,24/07/2015,40.75,USD,8.16
03/10/2012 05:20,NJFTFUBE03567031,Stocks,QOKP03,AGBH66,560360.0,USD,4000,21/05/2017,140.09,USD,125.59
03/10/2012 05:20,SLLEXABY94883651,Stamina Pluses,EDYH00,EMNK67,46507.61,ISK,500,23/08/2015,30.24,USD,101.47
03/10/2012 05:20,VKBQRHUZ07626684,Stocks,OQXV70,ZFHD93,18346.0,USD,200,25/08/2016,91.73,USD,94.81
03/10/2012 05:20,LBVSNLNR07008378,Stocks,WWNS72,EKXA24,28040.0,USD,400,08/06/2015,635.2,GHS,64.18
03/10/2012 05:21,EIIYZLSL44233965,Mjolnirs,NQJL85,FORM54,2468160.0,USD,4000,05/01/2013,617.04,USD,621.15
03/10/2012 05:21,FNDXENKP58579078,Stocks,VVBY18,VLJL11,238232.0,USD,800,05/07/2014,297.79,USD,262.89
03/10/2012 05:21,AQQUNROJ05306647,Scope Lens,EIWJ22,UACN81,13626.0,USD,900,09/11/2015,15.14,USD,13.85
03/10/2012 05:21,DWJODJLZ12066010,Chainsaws,EWUY52,VESX21,50736.0,USD,800,07/01/2017,63.42,USD,53.16
03/10/2012 05:21,TBGTPNXU91586091,Stocks,QLMY86,BPLN25,248840.0,USD,2000,22/04/2013,124.42,USD,131.86
03/10/2012 05:21,OQNGWRKL95207693,Raritanium Ore,EPZN28,GIWG34,148899.0,USD,300,28/06/2017,496.33,USD,461.3
03/10/2012 05:21,YQTJASIG23041890,Ultrons,HPTP65,RDBE21,119070.0,USD,500,09/06/2013,238.14,USD,232.37
03/10/2012 05:21,OOAFRJOO65542132,Stocks,HPTP65,KTLA69,114842.47,BWP,300,12/06/2017,123.75,USD,387.84
03/10/2012 05:22,SHNULDGH17458818,Stocks,DDIB11,AWYB85,209021.84,GEL,400,28/11/2013,124.48,USD,460.9
03/10/2012 05:22,EKMVGHAX40005783,Stocks,MFZY76,EDYH00,15042.0,USD,200,25/05/2013,75.21,USD,71.92
03/10/2012 05:22,VGQVIRJC50998974,Stocks,MFJJ99,HPTP65,13278600.0,USD,60000,10/03/2014,221.31,USD,212.14
03/10/2012 05:22,YNWLESHS74749051,Stalkers,RQGG65,TKVF94,2734740.0,USD,6000,10/07/2017,455.79,USD,528.64
03/10/2012 05:24,MXBXZIKU34701396,Razor Claws,ITTS26,UWUK72,24160.0,USD,800,13/08/2016,30.2,USD,27.74
03/10/2012 05:24,UKHPWAHY74845021,Stocks,HFLM11,QWOA67,79565.0,USD,500,15/05/2015,159.13,USD,148.02
03/10/2012 05:24,ZSLBVSIJ96332022,Stocks,VAHJ53,HWJF09,818735.23,IDR,700,05/04/2013,200.89,USD,1245.03
03/10/2012 05:25,JQZLUPKG44542126,Victory Gin,FGQR22,QETH27,225750.0,USD,5000,06/10/2013,45.15,USD,47.38
03/10/2012 05:25,RZURNYBG57752666,Stocks,NGBA40,HWHS51,104005.0,USD,500,06/06/2013,208.01,USD,192.07
03/10/2012 05:26,VZIHYHVO47264128,Stocks,DNIL23,HWJF09,200890.0,USD,1000,09/05/2014,200.89,USD,220.66
03/10/2012 05:26,JMANJJJN92010407,Zoni Vessels,ZSXF19,WVEI17,99415.0,USD,500,18/02/2014,198.83,USD,222.87
03/10/2012 05:27,HFSBGXEH70147160,T-800s,HWJF09,QAZT26,1626060.0,USD,6000,14/02/2014,271.01,USD,287.09
03/10/2012 05:27,XLBDIGMX68851902,Madman's Knowledges,TVQQ54,CAVR54,1035390.0,USD,3000,08/05/2017,345.13,USD,369.88
03/10/2012 05:27,FKLZINCX32138981,Stocks,QODV38,SHXQ48,65576.0,USD,800,21/10/2013,81.97,USD,72.3
03/10/2012 05:27,KYBOIXNS25205833,Javelins,QETH27,QHXJ50,223062.0,USD,600,01/12/2013,3219.64,CLP,406.98
03/10/2012 05:27,YERBARSK69174514,L-Viruses,VXSM31,MHFC34,136026.0,USD,900,01/06/2016,1283.8,PYG,121.26
03/10/2012 05:28,YCHPLXCA79795932,Mana Ore,LIIS96,JCWS17,694283.91,FKP,900,11/06/2013,102.92,USD,817.79
03/10/2012 05:28,HLPWUFRU86520095,Sonic Screwdrivers,ZFHD93,PVAZ61,11906000.0,USD,50000,17/05/2014,238.12,USD,188.39
03/10/2012 05:28,QYNBPDSV84739473,Stocks,VAHJ53,YCZA59,93250.0,USD,1000,07/12/2015,93.25,USD,88.19
03/10/2012 05:28,PFCBKDIZ68573759,Rings of Searching,KTLA69,IZLM67,27664.0,USD,800,27/08/2013,34.58,USD,29.72
03/10/2012 05:29,BLQBUVGZ77220343,Stocks,GYWU23,LIIS96,112528.0,USD,800,10/10/2014,140.66,USD,120.72
03/10/2012 05:29,HJLAOSXO50829214,Stocks,VXSM31,NGBA40,496450.0,USD,5000,05/09/2014,99.29,USD,101.75
03/10/2012 05:29,DPGKSYRU67579478,Stocks,QWOA67,THJF58,527000.0,USD,20000,04/06/2014,26.35,USD,26.97
03/10/2012 05:30,OONNAUTB21509699,Stocks,OUNH49,WHPS18,265200.0,USD,8000,04/11/2013,33.15,USD,33.49
03/10/2012 05:30,ZZBTJPGR98721385,Stocks,HPTP65,QLMY86,64491.0,USD,300,13/12/2017,214.97,USD,217.03
03/10/2012 05:30,IZAAHDZF20850243,Wands of Watoomb,MFJJ99,VKMV12,525010.0,USD,1000,11/10/2015,525.01,USD,491.84
03/10/2012 05:30,HNITZBAJ53490886,Mental Herbs,RDBE21,HSWX88,11924400.0,USD,40000,17/08/2014,298.11,USD,289.45
03/10/2012 05:31,JJCHCJRD30782941,Amulets of Strangulation,QMZU44,ERHJ34,757040.0,USD,8000,12/02/2013,94.63,USD,84.66
03/10/2012 05:31,XDMNPNOJ07307852,Stocks,YCZA59,UHOG52,910388.81,GHS,3000,22/01/2017,33.49,USD,258.81
03/10/2012 05:31,SFXQZUFS65091162,Stocks,LIIS96,NGBA40,84011.25,ALL,400,28/07/2017,632.19,CNY,187.3
03/10/2012 05:31,GGKEIUCX86249534,Toxic Orbs,ZMLP81,QXFF29,11075.0,USD,500,04/04/2013,51.48,CUP,20.18
03/10/2012 05:31,ZWBGTGXO63987448,Stocks,YWMD69,SFZS08,172530.0,USD,900,18/08/2016,191.7,USD,204.11
03/10/2012 05:33,XPQILIFV53061125,Stocks,CMZC67,VESX21,84762.0,USD,600,05/07/2016,141.27,USD,157.31
03/10/2012 05:33,GWHOWYSQ76637528,Stocks,QBVN33,WWNS72,829098.72,NOK,3000,23/04/2014,223.2,USD,294.91
03/10/2012 05:33,SSXGETAN48387120,Fire Flowers,QWOA67,TQSJ85,35480800.0,USD,80000,31/01/2015,443.51,USD,363.39
03/10/2012 05:33,ZGQOIQCW74971118,Romulan Ale,TQSJ85,SMYT95,96480.0,USD,900,26/04/2016,107.2,USD,106.54
03/10/2012 05:34,SUQHYKJF30140568,Rupees,ORQH73,EDYH00,33513.0,USD,100,05/11/2015,335.13,USD,375.38
03/10/2012 05:35,CLZZEHEC39301239,Master Balls,KKGY69,DOGG07,275697.79,BZD,400,07/01/2014,119.42,USD,758.18
03/10/2012 05:35,JYJYRWHV12390211,Wonka Bars,QMZU44,AWYB85,158737.03,TRY,1000,07/03/2014,215.91,USD,143.64
03/10/2012 05:35,EJHFOCLO57684686,Dark Planet Cola,HNLV68,HWHS51,33456402.0,PAB,30000,06/03/2014,88.02,USD,968.07
03/10/2012 05:35,RHAUIVXK23890642,Silver Apples,ITTS26,KUWI70,11153200.0,USD,40000,24/08/2013,278.83,USD,317.83
03/10/2012 05:35,WCDWAUFE76192695,Moranth Burners,OQXV70,QHXJ50,187650.0,USD,600,24/09/2016,312.75,USD,313.47
03/10/2012 05:35,CQAFUFCF03870514,Stocks,ZEHM52,XHYN07,24304.0,USD,800,14/05/2016,374.54,IRR,37.27
03/10/2012 05:36,OVZGVJAA11088388,Smooth Rocks,QETH27,VXSM31,35485.0,USD,100,11/03/2013,354.85,USD,389.3
03/10/2012 05:36,OEXTNXIG92402686,Unicorn Horns,QLCE04,TGZI54,16305800.0,USD,70000,21/11/2014,232.94,USD,273.25
03/10/2012 05:37,VEZMBUWW91901127,Replicators,KKZA87,SXTM39,69984.0,USD,800,12/12/2013,87.48,USD,84.33
03/10/2012 05:37,YHRQHJDI34565082,PP Ups,PNFK78,OPZI26,848714.88,EGP,600,02/06/2015,358.98,USD,1451.02
03/10/2012 05:37,KEXLXIJK88400927,Stocks,ZEHM52,CMZC67,79344.0,USD,900,10/09/2014,88.16,USD,81.28
03/10/2012 05:37,NQUVSTPE48697656,Stocks,JZTC69,TRFG21,1872.0,USD,600,24/08/2014,3.12,USD,3.16
03/10/2012 05:38,HCWKRHTD66675883,Cloaks of Invisibility,MYXF05,HPTP65,33210.0,USD,900,26/02/2015,36.9,USD,35.22
03/10/2012 05:38,NXSXZZPF67964967,Bags of Tricks,EMNK67,WVHK10,322070.0,USD,1000,18/07/2014,322.07,USD,348.41
03/10/2012 05:38,DKSOUSNU02639073,Meat Rings,HSWX88,FAWI50,760680.0,USD,9000,10/07/2017,633.51,FKP,79.81
03/10/2012 05:39,UIWJVLDQ92576336,Stalkers,CAVR54,TKVF94,136737.0,USD,300,30/10/2016,455.79,USD,475.04
03/10/2012 05:39,CQPHSHVR59401904,Stocks,QAZT26,WYFO79,304241.7,STD,700,03/09/2016,77.08,USD,455.06
03/10/2012 05:39,GLHVXJCB73012136,Steel Soul Sake,JVHD93,WHPS18,2300000.0,USD,20000,26/06/2014,115.0,USD,131.89
03/10/2012 05:40,JQMJTJVY50435637,Stocks,DNIL23,HYSJ42,842730.0,USD,3000,20/01/2016,280.91,USD,253.49
03/10/2012 05:40,BQPXPFOG77279279,Excalibers,LAUA80,UWUK72,724030.32,MGA,6000,13/03/2013,32.59,RSD,112.29
03/10/2012 05:41,JMYZWPRR39037151,Stocks,CVMG22,WWNS72,1339200.0,USD,6000,13/05/2013,223.2,USD,252.45
03/10/2012 05:41,YRGQFNYS20621619,Stocks,QWOA67,BBJG05,101625.0,USD,500,26/07/2017,203.25,USD,213.43
03/10/2012 05:41,ZCPAOGJP29992951,Bold Hunter's Marks,YSSR29,MFJJ99,868049.48,SBD,1000,24/02/2014,93.83,USD,858.01
03/10/2012 05:42,OYLUCCAD97369969,Vampire Fangs,KKGI60,PNFK78,110262.0,USD,600,03/07/2013,183.77,USD,174.06
03/10/2012 05:42,TCOYCBDC16784712,Stocks,INIL60,SUOX82,668765.18,SVC,1000,30/01/2013,153.87,USD,788.34
03/10/2012 05:42,FTOPCFMQ52376424,Moon Tears,GYWU23,PBFW95,4598000.0,USD,20000,30/11/2016,229.9,USD,232.37
03/10/2012 05:42,QKKULKRB08551477,Stocks,THJF58,QAZT26,256032.0,USD,900,01/05/2016,284.48,USD,273.05
03/10/2012 05:42,FQOHFDCD56206510,Stocks,WWNS72,PKBF70,2572733.0,NZD,6000,11/12/2016,204.02,USD,450.42
03/10/2012 05:43,GACGCMJM65427861,Stocks,CIXF70,HSWX88,187110.0,USD,9000,08/12/2016,20.79,USD,21.12
03/10/2012 05:43,JGFGVKPM35076629,Stocks,CVMG22,DILF10,954950.0,USD,5000,05/12/2015,190.99,USD,226.98
03/10/2012 05:43,GLLZIYER34174217,Stocks,UIKN63,TFLS35,79983.61,CRC,3000,20/10/2017,23.22,USD,30.75
03/10/2012 05:43,FJODZVPQ80960805,Stocks,QMZU44,AWYB85,112032.0,USD,900,10/10/2017,124.48,USD,108.55
03/10/2012 05:44,RUZFWUAB38276959,Azath Houses,PNFK78,TFLS35,60039.0,USD,300,05/01/2013,200.13,USD,226.49
03/10/2012 05:44,YYTATRUR28246183,Chakra Puppets,HPTP65,MKHA46,57344.0,USD,200,30/01/2016,286.72,USD,313.08
03/10/2012 05:44,MLLTBXYB29647334,Stocks,TKVF94,DREA89,335050.0,USD,5000,13/02/2016,67.01,USD,57.96
03/10/2012 05:45,RVNMYLAH63942627,Capes of Fujin,QETH27,EWUY52,1989253.01,RON,9000,04/10/2014,151.12,USD,214.68
03/10/2012 05:45,VEQONGVF85626964,Golden Ink Pots,LWGE44,ZXVX98,36098100.0,USD,90000,04/05/2015,401.09,USD,479.98
03/10/2012 05:45,VKJZUXHA60859192,Dire Rat Tails,TKVF94,QXFF29,49951200.0,USD,80000,26/02/2015,1931.49,BWP,539.99
03/10/2012 05:45,MIGVFNZL60725516,Golden Ink Pots,QOKP03,ZXVX98,240654.0,USD,600,19/04/2017,401.09,USD,446.58
03/10/2012 05:45,NTBZSOCG58285008,Meat Sticks,MRAH32,SFZS08,152713.13,THB,700,06/09/2015,241.65,USD,229.1
03/10/2012 05:45,HDENJGEP65442126,Ruby Slippers,DBCS17,FYYD57,36260.0,USD,700,02/04/2016,51.8,USD,49.07
03/10/2012 05:45,TFFZPTPN47541920,Spears of Destiny,VLJL11,YLGZ72,315273.69,MUR,200,08/02/2016,25.34,USD,1480.56
03/10/2012 05:45,CEFGZCLU03318698,Stocks,ITTS26,QETH27,3315.19,DKK,1000,07/01/2014,42.65,ARS,3.33
03/10/2012 05:46,KZXUQQLF82995858,Levitators,WVEI17,HWHS51,542300.0,USD,5000,12/08/2014,108.46,USD,95.86
03/10/2012 05:46,PGSCHTWS74080838,Stocks,UIKN63,LBKT00,70720.0,USD,8000,03/08/2015,8.84,USD,9.2
03/10/2012 05:46,RILPJATG37633010,Stocks,GGLV00,WWNS72,24482.81,NGN,700,09/08/2016,223.2,USD,35.41
03/10/2012 05:46,SJJWRYDS18332705,Stocks,GSTD71,WIZJ73,52700.0,USD,5000,26/06/2013,10.54,USD,10.05
03/10/2012 05:46,LMDUBOGC30574689,Stocks,HNLV68,QCRG59,102654.0,USD,600,17/09/2015,171.09,USD,149.11
03/10/2012 05:46,RPQNMZEZ23429640,Moranth Burners,SBUT62,QHXJ50,1563750.0,USD,5000,12/05/2014,312.75,USD,297.16
03/10/2012 05:47,YREYWVZG22039091,Stocks,GGLV00,DILF10,152792.0,USD,800,18/06/2017,190.99,USD,160.39
03/10/2012 05:47,RXXPUOFP68490419,Arrowhead Disks,ZSXF19,DJNE62,1504332.77,CUC,900,12/06/2015,286.61,USD,1733.59
03/10/2012 05:47,RAACNOIA85467895,Stocks,PBFW95,QLCE04,41418.0,USD,600,03/10/2014,69.03,USD,72.55
03/10/2012 05:47,HRBIYCHJ76633099,Stocks,QOKP03,OKYS51,510400.0,USD,40000,09/12/2013,12.76,USD,11.58
03/10/2012 05:48,OBFBQPTP66019016,Moranth Flamers,XHYN07,ERHJ34,276416.0,USD,800,24/04/2016,345.52,USD,371.64
03/10/2012 05:48,WQFYPYRX96648116,Stocks,WHPS18,PQSW95,8271718.18,MYR,7000,22/06/2014,21.97,USD,1259.43
03/10/2012 05:48,IYKQPONT00811559,Misty Seeds,QWOA67,TQSJ85,173648.0,USD,800,05/02/2013,217.06,USD,250.61
03/10/2012 05:48,XHMRVFGA41424595,Angainors,EIWJ22,KRRO64,348020.0,USD,1000,09/04/2017,348.02,USD,378.2
03/10/2012 05:49,ATDJEITF09657254,Stocks,HFLM11,ZEHM52,30903.0,USD,300,21/03/2014,103.01,USD,98.78
03/10/2012 05:49,SQDYRPXG96963250,Nuka-cola,VAHJ53,VKMV12,3319.0,USD,100,08/12/2017,33.19,USD,37.52
03/10/2012 05:49,PERNYCCI71708805,Amulets Versus Poison,KKGI60,PJKH65,68700.0,USD,1000,03/08/2014,68.7,USD,70.73
03/10/2012 05:49,LTMYOMEG51318438,Big Roots,QHXJ50,MFZY76,2315600.0,USD,8000,22/08/2017,289.45,USD,320.25
03/10/2012 05:49,PRGJSJGJ01988104,Stocks,NCYN50,INIL60,24000401.28,BBD,8000,08/06/2015,31.8,USD,2693.02
03/10/2012 05:49,OEUSABQE85436140,Stocks,LKPN86,WYFO79,69732.73,LKR,600,22/08/2014,77.08,USD,112.39
03/10/2012 05:49,XCIGCVYL83811096,Stocks,BMRZ75,QWOA67,12730400.0,USD,80000,27/06/2016,159.13,USD,135.99
03/10/2012 05:50,FOAIRFJU48189485,Stocks,DDIB11,WWNS72,111600.0,USD,500,22/10/2016,223.2,USD,202.14
03/10/2012 05:51,WBBOSKTA09663858,Omnigaskets,NFAH30,CBOX52,1119120.0,USD,3000,22/12/2014,373.04,USD,396.97
03/10/2012 05:51,VVLJCCPR01135297,Stocks,RDBE21,NXTO39,56656.1,MKD,100,19/07/2014,142.61,USD,637.71
03/10/2012 05:51,FECIGGNL82423993,Stocks,BBAX06,BMRZ75,12527000.0,USD,50000,20/01/2013,250.54,USD,276.21
03/10/2012 05:51,TLOVBTAB48713133,Cockatrice Claws,SRYE59,PBFW95,470700.0,USD,90000,13/03/2014,5.23,USD,4.93
03/10/2012 05:52,OTDVQFPA01025552,Stocks,ZDAI73,ISWT83,120195.0,USD,900,06/10/2013,133.55,USD,117.49
03/10/2012 05:52,LSTFPVWS75197339,Mana Ore,FGQR22,JCWS17,465548.33,LKR,3000,11/05/2015,102.92,USD,179.47
03/10/2012 05:52,NCFEQJMC62733784,Stocks,HFLM11,FDWI64,60887.39,BWP,900,10/04/2014,688.87,XCD,78.99
03/10/2012 05:53,ZZYQYTJS66294666,Venom Canisters,PQSW95,DOGG07,82182.0,USD,600,02/09/2014,136.97,USD,150.54
03/10/2012 05:53,CNALVAMO15614173,Gauntlets,WHPS18,YWMD69,452841.48,MNT,9000,09/05/2014,312.52,USD,54.15
03/10/2012 05:54,RLWFPXWS37796164,Stocks,FAWI50,FGQR22,2440.57,NIO,100,03/12/2013,14.31,USD,20.12
03/10/2012 05:54,KUZNCUOD72529966,Goldy Charms,RDBE21,UEVD88,15738.0,USD,600,04/06/2016,26.23,USD,28.08
03/10/2012 05:55,XZKAXWYD17760374,Loadstones,PBFW95,TYAE14,67120.0,USD,500,09/11/2014,134.24,USD,123.24
03/10/2012 05:55,XZZIYPUP18207604,Stocks,UHOG52,HWJF09,16071200.0,USD,80000,01/09/2016,200.89,USD,184.65
03/10/2012 05:56,ZZNVPZMU12947712,Millennium Scales,CAVR54,VXSM31,5698400.0,USD,80000,17/02/2014,71.23,USD,79.35
03/10/2012 05:56,OGADUDNY30747209,Mirrors of Hope,AGBH66,QLCE04,404256.0,USD,600,24/05/2017,673.76,USD,719.48
03/10/2012 05:56,JJHZCDQQ70258459,Ninja Info Cards,DREA89,EKXA24,225140.0,USD,500,16/02/2016,450.28,USD,518.86
03/10/2012 05:57,VDBHNYVJ77904368,Red Jewelled Brooches,EMNK67,YOQG45,26740.0,USD,500,17/09/2017,53.48,USD,56.75
03/10/2012 05:57,ICITDDBO52811668,Eject Buttons,YLGZ72,VAHJ53,176329901.51,UYU,70000,10/03/2016,59.23,USD,2119.76
03/10/2012 05:58,TBLHXBJQ45572279,Catbuses,ITTS26,DREA89,613521.0,USD,900,14/07/2013,681.69,USD,690.82
03/10/2012 05:58,IVPPGUDH63884512,Electrolyzers,XRBV61,DVVB31,270981.82,LKR,500,01/08/2013,359.44,USD,491.29
03/10/2012 05:58,PRLRYMJK96457012,Holy Rings,AWYB85,WYFO79,101680.0,USD,4000,16/11/2015,25.42,USD,27.97
03/10/2012 05:58,FLRPYGWO55398903,Vibranium Bars,DILF10,MSHS03,292152.0,USD,600,22/12/2017,486.92,USD,467.1
03/10/2012 05:59,GFSDWZOU74613551,Stocks,EIWJ22,ZSXF19,1888200.0,USD,30000,08/09/2015,62.94,USD,55.53
03/10/2012 05:59,KOKOXDWE74308695,Stocks,PJKH65,HHOA99,11184.0,USD,800,11/02/2017,13.98,USD,16.65
03/10/2012 06:00,TOJMOWKR30551716,Stocks,THJF58,CQPJ57,232000.0,USD,4000,17/09/2016,58.0,USD,53.12
03/10/2012 06:00,CASNMTTJ53885135,Stocks,KKGY69,BBJG05,338134.83,LRD,400,11/12/2013,203.25,USD,927.6
03/10/2012 06:00,DCJIVOTS17342813,Choice Specs,CAVR54,SXHU74,4852400.0,USD,40000,04/05/2014,121.31,USD,110.1
03/10/2012 06:01,RUYJVYGM02183041,Stocks,RLZK87,QBAP68,625200.0,USD,40000,03/03/2014,15.63,USD,17.03
03/10/2012 06:01,OMIAFNKZ78387323,Blue Elixirs,CUVZ50,QLMY86,72928.0,USD,200,30/11/2016,364.64,USD,343.43
03/10/2012 06:01,OGQGCOCX70798467,Stocks,FORM54,TFLS35,1857600.0,USD,80000,10/01/2015,100.92,SVC,23.48
03/10/2012 06:01,QMSBFWRG20963986,Decepticons,NCYN50,SXHU74,7267.0,USD,100,01/01/2017,72.67,USD,79.24
03/10/2012 06:02,YDSHODKX83595455,Focus Bands,UEVD88,AMBT33,14167090.08,XPF,90000,19/08/2013,470.73,USD,147.69
03/10/2012 06:02,QTDDYQOY81425621,Stocks,SXHU74,DREA89,274076.26,AZN,600,09/07/2013,67.01,USD,524.8
03/10/2012 06:02,HUALXDEL84984741,Razor Claws,YOQG45,UWUK72,15642.39,ZMK,100,15/07/2015,273.65,GHS,136.87
03/10/2012 06:03,OWFPSKFB43525378,Blue Elixirs,MHFC34,QLMY86,234828.16,MNT,4000,19/12/2013,364.64,USD,67.2
03/10/2012 06:04,LGGBVCAA33472306,Stocks,TGZI54,QETH27,18270.0,USD,9000,11/03/2014,2.03,USD,1.92
03/10/2012 06:04,FRDHDDED94196853,Blood Dregs,WVHK10,MDEQ10,13524000.0,USD,80000,10/05/2015,169.05,USD,200.87
03/10/2012 06:04,QBBDCCSV16776586,Stocks,YWMD69,LKPN86,820963.98,BHD,4000,12/05/2013,58.57,USD,185.13
03/10/2012 06:05,XLGFQSZG48630723,Stocks,NFAH30,RJCA92,65340.0,USD,3000,20/10/2014,21.78,USD,17.91
03/10/2012 06:05,BWCBCRXJ68446759,Stocks,KRRO64,PIFN94,9593420.37,OMR,5000,24/10/2014,430.15,USD,1852.14
03/10/2012 06:06,XEWMLECU17463541,Leaves of Lorien,IJPI82,GBEZ65,30345.0,USD,300,02/11/2015,101.15,USD,91.88
03/10/2012 06:06,QMVWQPAS90333217,Amulets of Strangulation,FTFI87,ERHJ34,473150.0,USD,5000,10/09/2013,94.63,USD,102.65
03/10/2012 06:06,EWBVIEXC53941645,Stocks,MEOQ86,OUNH49,10692000.0,USD,90000,13/10/2014,118.8,USD,107.57
03/10/2012 06:06,LZSLKOTH44437771,Stocks,EDYH00,THJF58,9089.96,RSD,300,13/02/2013,26.35,USD,29.93
03/10/2012 06:06,CSUDICJH16691803,Stocks,CUVZ50,WHPS18,16575.0,USD,500,06/08/2016,33.15,USD,36.2
03/10/2012 06:06,CRLVJMUH39773239,Stocks,OPZI26,MEOQ86,31100.0,USD,5000,03/08/2013,6.22,USD,5.88
03/10/2012 06:07,NLYEVABX22862242,Protective Pads,BMRZ75,VESX21,6328500.0,USD,50000,16/10/2017,156.72,NOK,141.81
03/10/2012 06:07,OGWJQQXA94408514,Absorb Bulbs,YCZA59,ITTS26,22348.0,USD,100,27/05/2015,223.48,USD,247.08
03/10/2012 06:07,ZRXLTEWL51655090,Blue Fire Powder,NXTO39,CIXF70,3302800.0,USD,40000,29/04/2015,82.57,USD,78.07
03/10/2012 06:07,VNCXCGWS40419109,Stocks,SXTM39,OPZI26,3797.0,USD,100,13/05/2013,37.97,USD,44.22
03/10/2012 06:08,MKUXWFBT50143750,Holodecks,BDBU00,GBEZ65,8769500.0,USD,50000,30/05/2014,175.39,USD,196.3
03/10/2012 06:08,PUNZMGYB41395170,Beatas Disks,QHXJ50,KRXZ15,10161600.0,USD,60000,06/08/2013,169.36,USD,181.51
03/10/2012 06:08,PYPZROVY53246240,Stocks,QXFF29,WYFO79,218512087.92,XCD,90000,16/09/2015,77.08,USD,2213.88
03/10/2012 06:08,UWRUCFWB87014181,Stocks,TRFG21,CMOI26,221370.0,USD,1000,05/03/2014,221.37,USD,209.56
03/10/2012 06:08,IAAKXEYN56735113,Stocks,ZFHD93,HNLV68,4851200.0,USD,80000,22/03/2015,60.64,USD,46.44
03/10/2012 06:08,KAUWHSQR65655349,Dragon Balls,MDEQ10,RFZG50,392150.0,USD,5000,26/10/2014,78.43,USD,85.64
03/10/2012 06:08,AVAWTFVT02365805,Stocks,VKMV12,NCXS33,973500.0,USD,6000,31/03/2017,129.78,MOP,142.31
03/10/2012 06:08,KGGSNNZN40123146,Stocks,PBFW95,WVEI17,9356.0,USD,100,01/10/2013,93.56,USD,100.32
03/10/2012 06:08,JJDXJCPG37975984,Stalkers,YLGZ72,TKVF94,15700142.34,CRC,30000,02/04/2013,455.79,USD,552.73
03/10/2012 06:08,DJFLODWZ23240612,Stocks,PJKH65,LIJW00,637900.0,USD,5000,25/02/2016,142.65,AED,141.58
03/10/2012 06:09,VSPLXFJT28212696,Stocks,FYYD57,HHOA99,8388.0,USD,600,25/05/2013,13.98,USD,15.98
03/10/2012 06:10,FFKUUGZH94810511,Stocks,ZMLP81,FTFI87,45604696.2,TMM,60000,13/02/2015,215.87,USD,748.16
03/10/2012 06:11,NVIOMOPF10214661,Don Gero Masks,VIMV38,TFLS35,1976310.0,USD,9000,10/01/2015,219.59,USD,236.85
03/10/2012 06:11,BYPXKDND41421425,Moranth Shapers,UEVD88,ERHJ34,88740.0,USD,1000,20/02/2013,88.74,USD,79.35
03/10/2012 06:11,NVYTQXQO35255052,Stocks,ZELV96,YWMD69,96710.0,USD,500,13/06/2017,193.42,USD,161.59
03/10/2012 06:11,ZDPKMFVD63711101,Dragon Disks,HWJF09,OUNH49,173425.0,USD,500,25/04/2016,346.85,USD,294.27
03/10/2012 06:12,MZZTLLQV27775670,I-Suits,LIJW00,BBJG05,33789000.0,USD,60000,24/01/2016,563.15,USD,567.42
03/10/2012 06:12,UETFUVFW80794658,Stocks,QODV38,JVHD93,2340.0,USD,400,17/07/2014,5.85,USD,5.28
03/10/2012 06:12,TLMJFLXE85909043,Stocks,VVBY18,KKGI60,178378680.32,VUV,40000,06/02/2014,153.28,USD,4817.64
03/10/2012 06:12,KIDRSVWA55057131,Stocks,WWNS72,PNFK78,74840332.01,PHP,8000,15/04/2013,163.39,USD,8196.31
03/10/2012 06:12,JRQCABWD36892194,Stocks,RJUD59,NFAH30,146385.0,USD,500,06/10/2014,292.77,USD,318.2
03/10/2012 06:12,FOVLSTOQ75596365,Full Faces,OUNH49,QLCE04,81853648.8,ALL,80000,01/07/2014,483.7,USD,1164.94
03/10/2012 06:13,TVOVYECG18763153,Rings of Fire Resistance,DOGG07,DBCS17,30645.0,USD,100,22/08/2017,306.45,USD,363.57
03/10/2012 06:14,EPRNFJHZ91387351,Stocks,MYXF05,TRFG21,312.0,USD,100,21/05/2014,38.3,CVE,3.46
03/10/2012 06:14,DEKDPYDS48129899,Surfacers,FGVK43,UACN81,81970.0,USD,1000,15/08/2014,81.97,USD,74.87
03/10/2012 06:15,UFVLGHOA34440819,Flame Orbs,TRFG21,BDBU00,58672.0,USD,400,19/09/2013,146.68,USD,161.46
03/10/2012 06:15,UIZQQQGX71144485,Stocks,VVXA11,EKXA24,210300.0,USD,3000,01/07/2017,70.1,USD,64.98
03/10/2012 06:15,SDOEETTK72926212,Mermaid Coins,FJOI82,FAWI50,641515.38,TND,700,29/11/2013,152.48,USD,829.62
03/10/2012 06:15,BFTOFJSG32542365,Rings of Increase Accuracy,KEVJ11,RLZK87,615600.0,USD,3000,20/08/2015,205.2,USD,245.52
03/10/2012 06:15,SAHESIUT22097855,Stocks,FORM54,PVAZ61,131280.0,USD,800,11/03/2017,164.1,USD,139.29
03/10/2012 06:16,ZHIQTOWV85773137,Stocks,RNZB01,ESPL27,36540.0,USD,600,25/09/2014,60.9,USD,68.18
03/10/2012 06:16,EVQUWPKA71557588,Bags of Holding,SXHU74,KKGY69,76166960.64,AOA,40000,12/09/2016,2626.79,SDG,1616.04
03/10/2012 06:16,NSFNYJUG73790731,Stocks,EIWJ22,BBAX06,65900.0,USD,2000,22/01/2013,32.95,USD,28.98
03/10/2012 06:16,BOJRALWA67938987,Mirrors of Erised,FJOI82,CQPJ57,24358800.0,USD,60000,24/05/2017,405.98,USD,459.16
03/10/2012 06:17,AXMRVWTA34256624,Water Tablets,JVHD93,CVMG22,2817300.0,USD,30000,25/06/2013,93.91,USD,104.02
03/10/2012 06:17,UVZNOOXI91525529,Stocks,ZSXF19,VTKE98,127760.0,USD,2000,24/12/2017,63.88,USD,62.76
03/10/2012 06:17,WXEXYDMD54206902,Stocks,YCZA59,VPTI00,126226.38,PLN,10000,02/05/2017,66.54,USD,11.81
03/10/2012 06:17,ICTBDZGO58404247,Stocks,MRAH32,GSTD71,36376.0,USD,400,07/07/2015,90.94,USD,96.18
03/10/2012 06:18,PHURFKTT16275413,Stocks,OCQF34,KKGY69,510800.47,GEL,900,04/01/2013,135.2,USD,507.62
03/10/2012 06:18,RRYRCJPH34854683,Stocks,DREA89,JVHD93,264618.9,LKR,30000,16/08/2013,5.85,USD,7.37
03/10/2012 06:18,WGDUQBSP20868383,Baku Disks,PIFN94,QWOA67,232120.0,USD,7000,09/01/2014,33.16,USD,37.02
03/10/2012 06:19,IGIRNLSG90833502,Stocks,YLGZ72,QLMY86,2149700.0,USD,10000,25/01/2016,214.97,USD,212.35
03/10/2012 06:19,BLDJCERB35338464,Magic Beans,GGLV00,MYXF05,22995795.06,BYR,20000,30/01/2017,160.83,USD,934.39
03/10/2012 06:19,DIJFZEER75630695,Z-crystals,WHPS18,QBAP68,1556100.0,USD,5000,27/07/2014,311.22,USD,308.66
03/10/2012 06:20,AKTEIRTC89358434,Stocks,UWUK72,LWGE44,44600.0,USD,5000,23/11/2014,8.92,USD,9.52
03/10/2012 06:20,UYMHWTPI69354242,Rings of Poison Resistance,MDEQ10,KTLA69,2075080.0,USD,7000,02/06/2016,296.44,USD,353.7
03/10/2012 06:20,INIMBOZT89104011,Wings of Icarus,WWNS72,CVMG22,8672800.0,USD,80000,09/01/2016,108.41,USD,118.05
03/10/2012 06:21,QWAFLOZH17271350,Fumble Boots,NCYN50,QWOA67,521000.0,USD,4000,26/06/2016,130.25,USD,111.27
03/10/2012 06:21,NLJVRXTV60216137,Rings of Cold Resistance,JZTC69,DGTY64,244400.0,USD,1000,26/12/2013,244.4,USD,259.26
03/10/2012 06:22,NDEXVCWH55909557,Water Walking Boots,SWGF93,BMRZ75,788970.0,USD,3000,06/08/2016,262.99,USD,293.48
03/10/2012 06:22,KTOMBFWN39430152,Stocks,OUNH49,HXDA52,96600.0,USD,500,14/03/2016,587.75,MMK,226.51
03/10/2012 06:23,JHURZMED87268851,Turbo Ethers,GSTD71,VPTI00,1183200.0,USD,30000,19/05/2017,39.44,USD,37.08
03/10/2012 06:23,NMHVSTPD39118295,Kicking Boots,QLMY86,SHXQ48,40521370.22,AUD,6000,09/09/2014,75.62,USD,6112.53
03/10/2012 06:23,HHOZEIGO05959590,Stocks,MFZY76,RJUD59,27320.0,USD,2000,24/07/2015,13.66,USD,15.11
03/10/2012 06:24,MYODJEHS72204324,Stocks,CAVR54,CIXF70,386159.42,RSD,6000,29/01/2016,55.97,USD,70.66
03/10/2012 06:25,THGLXJRP74135286,Souls,VXSM31,HHFP66,63455.0,USD,700,23/04/2017,90.65,USD,104.3
03/10/2012 06:25,WGYUXOGR69466446,Red Cards,EKXA24,JVHD93,29253000.0,USD,70000,17/10/2017,417.9,USD,380.62
03/10/2012 06:25,VEZKJXBX25222673,Stocks,DNIL23,XRBV61,119268.0,USD,600,19/07/2013,198.78,USD,231.69
03/10/2012 06:26,CXRVCWGF68331458,Rings of Increase Accuracy,ERHJ34,RLZK87,1846800.0,USD,9000,15/11/2013,205.2,USD,217.27
03/10/2012 06:26,AYPBQNFX06508412,Mocchi Disks,QODV38,VVBY18,8405.0,USD,100,18/02/2014,84.05,USD,95.84
03/10/2012 06:26,TRRNGYVR30071102,Naknadan Shrines,NCCX02,ZBIO05,743420.0,USD,2000,18/05/2013,371.71,USD,368.83
03/10/2012 06:27,MGOGHKHT08322743,Excalibers,BBJG05,UWUK72,108266.17,CNY,600,19/02/2014,28.34,USD,198.77
03/10/2012 06:28,HAHTRQQK64766789,Souls,FGQR22,HHFP66,72520.0,USD,800,25/03/2016,90.65,USD,96.2
03/10/2012 06:28,MMRDBZEX89046538,Stocks,UACN81,KUWI70,2640.0,USD,300,12/08/2014,8.8,USD,10.05
03/10/2012 06:30,LJWJXGTQ81611404,Coldblood Dews,BMRZ75,VIMV38,3151620.0,USD,9000,13/04/2015,350.18,USD,305.4
03/10/2012 06:31,JUGGQTSI15032754,Toxic Orbs,ESPL27,QXFF29,132900.0,USD,6000,05/03/2015,22.15,USD,19.38
03/10/2012 06:31,LWMQUOAC25529789,Rings of Aggravate Monster,DILF10,TVQQ54,110185.0,USD,500,23/07/2017,220.37,USD,203.2
03/10/2012 06:31,AYJBPEGB83292406,Stocks,YFAM59,DJNE62,927000.0,USD,9000,06/02/2014,103.0,USD,97.6
03/10/2012 06:32,ZFMOCPDU09560984,Stocks,YFAM59,JZTC69,79284.0,USD,400,05/02/2014,198.21,USD,161.62
03/10/2012 06:32,WLMDXQAR16892583,X-12s,KEVJ11,UWUK72,172617.0,USD,300,26/01/2016,575.39,USD,528.62
03/10/2012 06:32,NOSQMKWQ71810734,Stocks,WIZJ73,ERHJ34,12716500.0,USD,50000,01/06/2013,254.33,USD,258.09
03/10/2012 06:32,XXFPFLVQ11447784,Stocks,KUWI70,IZLM67,317942.27,ZWD,900,17/08/2016,75.7,USD,341.49
03/10/2012 06:33,XRKYPWQQ87615198,Dragon Disks,EIWJ22,OUNH49,2774800.0,USD,8000,18/12/2014,346.85,USD,362.07
03/10/2012 06:33,FXAQSGIV41691675,Stocks,EIWJ22,GBEZ65,290640.0,USD,4000,14/12/2016,72.66,USD,76.8
03/10/2012 06:33,ECJCWPHX47976822,Wonka Bars,ZMLP81,AWYB85,43182.0,USD,200,19/05/2013,215.91,USD,263.81
03/10/2012 06:34,HUGMNAXC17349173,Arm Nanoblades,ZDAI73,OHKH76,310037.0,USD,700,29/07/2016,442.91,USD,387.46
03/10/2012 06:34,UDLCBSKB90913138,Stocks,BBJG05,AYIH50,358770.0,USD,3000,28/11/2014,119.59,USD,107.45
03/10/2012 06:34,HVZYIDLG04914617,Seastone Cuffs,WHPS18,HXDA52,385400.0,USD,5000,22/12/2017,77.08,USD,78.47
03/10/2012 06:34,EELUUHGX43887877,Blank Spellbooks,KUWI70,ISWT83,7522200.0,USD,30000,16/12/2014,250.74,USD,293.88
03/10/2012 06:35,ORHEWTKK75478970,Stocks,GIWG34,QODV38,7080119.06,KWD,9000,07/09/2016,116.68,USD,895.2
03/10/2012 06:35,JLJAZJVI06583464,Cloaks of Magic Resistance,DREA89,GZED20,804600.0,USD,9000,23/09/2016,89.4,USD,82.21
03/10/2012 06:35,WWVEAYEY83907315,Naknadan Shrines,KRXZ15,ZBIO05,97914361.36,GIP,40000,09/03/2015,371.71,USD,2633.57
03/10/2012 06:35,TMPXGXRM86309108,Misty Seeds,ZVEN26,TQSJ85,413950.78,AWG,200,04/06/2016,217.06,USD,1929.72
03/10/2012 06:36,SXCHWIIB01357917,Rings of Gain Strength,LIJW00,OQXV70,19114.0,USD,200,31/05/2014,95.57,USD,94.7
03/10/2012 06:36,ESEDZGGN69041424,Stocks,AHMZ79,VIMV38,347060.0,USD,2000,22/11/2017,1044.91,XOF,166.89
03/10/2012 06:36,KVPHYDPC31234310,Vorpal Swords,YCZA59,OQXV70,23490400.0,USD,80000,27/09/2017,293.63,USD,319.52
03/10/2012 06:37,RTRACLAO08305216,Orcarinas of Time,MDEQ10,PIFN94,321730.0,USD,1000,07/08/2017,321.73,USD,378.98
03/10/2012 06:37,LNZWNJEX15237133,Metal Knight Units,RQGG65,FTFI87,644700.0,USD,70000,24/03/2014,9.21,USD,7.99
03/10/2012 06:37,EERIKJRB06807830,Stocks,FORM54,YLGZ72,304419.35,CUC,700,07/02/2017,74.57,USD,476.64
03/10/2012 06:38,XCZGAQCD22232865,Pandora Boxes,PBFW95,VIMV38,939843922.5,HRK,60000,19/09/2015,153.75,USD,14436.93
03/10/2012 06:38,BWIQRDBY65752938,Stocks,IJPI82,VVXA11,1260680.0,USD,4000,15/09/2014,315.17,USD,305.02
03/10/2012 06:38,LVMXTBYS97660545,Bone Marrow Ashes,ZXVX98,QAZT26,240160.0,USD,4000,10/04/2015,555.67,GMD,75.03
03/10/2012 06:38,OFJSLHGW96094060,Samehadas,SBUT62,ZMLP81,174709.07,JOD,300,14/07/2017,217.82,USD,502.54
03/10/2012 06:38,AETOSKUH30079931,Meow Meow Beans,DILF10,UEVD88,100040.0,USD,400,22/08/2015,250.1,USD,276.3
03/10/2012 06:39,MXYHQDYE18759126,Stocks,WVEI17,LIIS96,1265940.0,USD,9000,08/02/2015,140.66,USD,155.26
03/10/2012 06:39,SSDKLFAB71048427,Gauntlets of Zeus,VESX21,FDWI64,47020.0,USD,400,19/09/2014,152.81,NPR,127.02
03/10/2012 06:40,JZDJXNKY24399563,Earth Harps,ZBIO05,JCWS17,79550.0,USD,500,08/04/2014,159.1,USD,174.22
03/10/2012 06:41,POBQJRCS41248342,Phials of Galadriel,KUWI70,WIZJ73,25278.0,USD,100,30/08/2014,252.78,USD,213.53
03/10/2012 06:42,HQWGHPDN53878714,Koins,MYXF05,IZLM67,97808.0,USD,800,10/09/2013,122.26,USD,142.14
03/10/2012 06:42,COFGMBFR98458783,Stocks,PQSW95,MFZY76,535800.0,USD,4000,26/12/2015,133.95,USD,141.07
03/10/2012 06:42,NLPLPWXB75088900,Stocks,OPET16,XRBV61,13914600.0,USD,70000,13/05/2013,198.78,USD,227.11
03/10/2012 06:42,ECEWFUUG24019246,Tarkartan Blades,FJOI82,WHPS18,97377.0,USD,700,08/04/2015,139.11,USD,168.96
03/10/2012 06:43,UEZGQLJS81698703,Stocks,VLJL11,YFAM59,2938856.11,MYR,800,19/08/2013,68.3,USD,3447.57
03/10/2012 06:43,MLZQSOTN27341986,L Coffees,VKMV12,OHKH76,894920.0,USD,4000,27/11/2014,223.73,USD,195.15
03/10/2012 06:43,DUTRIHKX14274743,Deku Sticks,CVMG22,HFLM11,178856.0,USD,400,23/12/2015,447.14,USD,514.84
03/10/2012 06:43,VHDHPLCN04892003,Tonsil Stones,YFAM59,LAUA80,21813313.28,BRL,7000,21/10/2014,271.62,USD,2602.89
03/10/2012 06:43,EWCAJSRC05013860,Stocks,VCSF07,INIL60,2862000.0,USD,90000,17/06/2016,31.8,USD,36.64
03/10/2012 06:44,KGNVXWJL31929789,Stocks,LKPN86,AYIH50,956720.0,USD,8000,21/07/2014,119.59,USD,112.88
03/10/2012 06:45,JSIZMJOO53303496,Stocks,GYWU23,VAHJ53,106780.0,USD,2000,19/02/2013,53.39,USD,47.97
03/10/2012 06:45,LRTKUXDW63295754,Stocks,VVBY18,VESX21,70635.0,USD,500,08/08/2013,141.27,USD,153.77
03/10/2012 06:45,HINZNVFT54326114,Stocks,LIJW00,YWMD69,116052.0,USD,600,23/07/2013,193.42,USD,174.07
03/10/2012 06:45,DCFKBERG03553945,Focus Bands,ZNQA84,AMBT33,28243800.0,USD,60000,25/02/2013,470.73,USD,441.89
03/10/2012 06:45,IDTDYDGU00381516,Stocks,JZTC69,AGBH66,1353661.65,KHR,4000,20/05/2016,140.09,USD,367.94
03/10/2012 06:45,CCXYSQIA58119689,Rings of Polymorph Control,EMNK67,SMYT95,13254400.0,USD,80000,24/12/2013,165.68,USD,183.41
03/10/2012 06:46,RMBGMDZF58972609,Stocks,GYWU23,RNZB01,3315.0,USD,500,03/08/2016,6.63,USD,6.09
03/10/2012 06:47,KWHDSLGU12573239,X-Antibodies,QLMY86,ZDAI73,1840626.72,JPY,90000,11/10/2013,723.86,LKR,23.37
03/10/2012 06:47,DSJNTPEP29106861,Stocks,IJPI82,EIWJ22,78176380.0,AMD,80000,14/04/2015,76.25,USD,943.19
03/10/2012 06:47,YIRDJEGF18854436,Nenyas,VESX21,PVAZ61,632640.0,USD,6000,16/06/2015,105.44,USD,112.91
03/10/2012 06:48,XUFKIKOT60024494,Shaman Bone Blades,MSHS03,QLCE04,141690.0,USD,1000,22/04/2013,141.69,USD,130.48
03/10/2012 06:48,FNYNVEZD39016456,Moranth Burners,DDIB11,QHXJ50,823670.91,SZL,600,13/07/2014,1372.78,SZL,1267.97
03/10/2012 06:48,RFEJHEEN25752944,Stocks,NCYN50,SXTM39,578064.07,BSD,600,06/04/2015,142.18,USD,1118.94
03/10/2012 06:48,SORBNPOA83132599,Tortures,WVEI17,DVVB31,179370.0,USD,3000,31/05/2013,59.79,USD,61.84
03/10/2012 06:48,SGIIORGI03925342,Stocks,QLMY86,VAHJ53,9947.62,LSL,100,13/05/2014,53.39,USD,113.18
03/10/2012 06:48,GRMMCLGJ89671500,Stocks,SXHU74,ZMLP81,32000.0,USD,800,07/04/2015,40.0,USD,37.36
03/10/2012 06:49,AKFUYIHC48413160,Saibamen Seeds,NCXS33,YCZA59,217184.0,USD,800,27/04/2016,271.48,USD,293.78
03/10/2012 06:49,KXCRHSUO81684649,Sensu Beans,ISWT83,MFJJ99,123798.0,USD,300,24/03/2015,412.66,USD,410.9
03/10/2012 06:49,ZCMZXNQQ43060293,X-12s,KUWI70,UWUK72,1726170.0,USD,3000,13/12/2016,575.39,USD,614.34
03/10/2012 06:49,VWKJMACT00290014,Golem Disks,SWGF93,PJKH65,215954.5,RWF,200,01/12/2013,159.99,USD,1184.52
03/10/2012 06:49,HEDOPMCG43506087,Stocks,WYFO79,TFLS35,928800.0,USD,40000,13/12/2015,23.22,USD,24.4
03/10/2012 06:49,ZFDWOSDG59045447,Stocks,DBCS17,MYXF05,25910.4,TND,300,04/06/2016,14.37,USD,80.21
03/10/2012 06:50,CEFCGIKM87488655,Keys of Orthanc,OPET16,KRXZ15,7316500.0,USD,50000,08/02/2014,146.33,USD,175.29
03/10/2012 06:50,ACLXYLAA06008916,Shed Shells,PVAZ61,DBCS17,34136.0,USD,400,05/12/2015,85.34,USD,91.34
03/10/2012 06:51,MIXMGBLR58872795,Moranth Flamers,OPZI26,ERHJ34,136523244.48,GIP,60000,18/01/2013,345.52,USD,2122.17
03/10/2012 06:51,ICNXULDT19913354,Stocks,LWGE44,HHOA99,838800.0,USD,60000,10/10/2016,13.98,USD,14.8
03/10/2012 06:51,OAOKUCCQ20833078,Stocks,AMBT33,QBAP68,31260.0,USD,2000,06/04/2017,15.63,USD,15.24
03/10/2012 06:51,ZKRZVKDE60337108,Stocks,SFZS08,UWUK72,4735600.0,USD,40000,14/06/2017,118.39,USD,127.2
03/10/2012 06:51,ZUCWAQMU85385826,Black Materia Orbs,FDWI64,VCSF07,3884.0,USD,400,15/12/2017,9.71,USD,8.53
03/10/2012 06:52,LGRMWMQL01929354,Cornuthaums,OUNH49,FGQR22,325920.0,USD,3000,03/01/2017,857.04,YER,120.14
03/10/2012 06:52,VSWCJPQL00279372,Stocks,MSHS03,GBEZ65,14532.0,USD,200,12/08/2015,3090.16,UYU,80.04
03/10/2012 06:53,NDXPMZLV86905760,Golden Peaches,OPET16,HPTP65,28083200.0,USD,80000,30/11/2013,2369.17,RWF,318.19
03/10/2012 06:53,SWVWGTUI32433722,Naryas,NQJL85,ISWT83,5859160.1,VUV,1000,28/12/2014,201.39,USD,6549.01
03/10/2012 06:53,IIHRTUXB50784514,Stocks,NQJL85,QETH27,6090.0,USD,3000,11/10/2015,2.03,USD,2.24
03/10/2012 06:53,CEGIVWJT19375601,Teeth of the Dragon,WYFO79,HWJF09,290115.24,BMD,400,18/04/2016,632.39,USD,618.15
03/10/2012 06:54,ZHAWPPUJ38477323,Stocks,NQJL85,CQPJ57,232000.0,USD,4000,05/08/2016,58.0,USD,64.77
03/10/2012 06:54,KVJMDPZQ40250557,Levitation Boots,BDBU00,FAWI50,369800.0,USD,4000,06/01/2016,92.45,USD,107.77
03/10/2012 06:55,LJAKGDGK20468194,Stocks,YWMD69,MSHS03,7573300.0,USD,70000,04/04/2013,634.45,MZN,115.5
03/10/2012 06:55,NVWXOUZU02888225,Stocks,ZBIO05,AMBT33,14310.0,USD,900,30/06/2014,15.9,USD,17.59
03/10/2012 06:55,LDOKLIMT79258918,Stocks,KKZA87,EIWJ22,68625.0,USD,900,06/07/2016,76.25,USD,79.96
03/10/2012 06:55,WOXOJKHT92599935,Hoverboards,ESPL27,MFZY76,279900.0,USD,10000,10/10/2014,27.99,USD,25.6
03/10/2012 06:56,QTHUIFJD33648677,Stocks,DBCS17,HHOA99,1199744.03,AWG,9000,09/01/2013,13.98,USD,126.77
03/10/2012 06:56,LAETQNZR24602335,Stocks,UHOG52,DOGG07,217140.0,USD,7000,10/07/2017,31.02,USD,32.4
03/10/2012 06:58,OJTKIRAT82364998,Stocks,SUOX82,TBVE46,105055.74,NAD,300,09/11/2017,135.28,USD,374.21
03/10/2012 06:58,AFSVMACF80380998,Stocks,VXSM31,EKXA24,560800.0,USD,8000,04/12/2016,70.1,USD,79.26
03/10/2012 06:58,ZMOFTICA20334897,Golden Peaches,SHXQ48,HPTP65,52290.92,PEN,700,23/01/2014,351.04,USD,84.49
03/10/2012 06:58,JCWPUQAP41184855,Rings of Levitation,ERHJ34,VGYT30,30870.0,USD,100,25/03/2013,308.7,USD,314.64
03/10/2012 06:58,DSOWNOBV72681742,Kafel Masks,ZXVX98,LAUA80,3695.0,USD,500,15/12/2014,7.39,USD,8.23
03/10/2012 06:59,NWZUENEK59209409,Z-crystals,ZELV96,QBAP68,2178540.0,USD,7000,18/11/2014,311.22,USD,233.99
03/10/2012 06:59,NCWKWUYO98143745,Stocks,EDYH00,IZTD25,43688.0,USD,400,01/02/2015,109.22,USD,115.84
03/10/2012 06:59,ADCEXHIQ00479915,Stocks,NQJL85,ITTS26,926259.67,VND,900,07/02/2014,163.59,USD,1142.05
03/10/2012 06:59,GQOKKUGO66430352,Amulets of Change,MRAH32,CQPJ57,2960000.0,USD,10000,13/04/2015,296.0,USD,255.21
03/10/2012 06:59,WLDTDQLG97072935,Centipedes,ZDAI73,SUOX82,26245100.0,USD,70000,19/03/2015,374.93,USD,349.0
03/10/2012 07:00,APZBDXYO71557722,Madman's Knowledges,ZDAI73,CAVR54,20707800.0,USD,60000,17/06/2015,345.13,USD,303.85
03/10/2012 07:00,AUQNXYHR94182661,Stocks,FAWI50,IJPI82,51395.0,USD,500,02/08/2016,593.26,BZD,90.2
03/10/2012 07:00,VICRIMSI92552533,Stocks,MDEQ10,MRAH32,745500.0,USD,7000,29/09/2015,106.5,USD,118.64
03/10/2012 07:01,FLJUPOTO88670278,Z-crystals,PQSW95,QBAP68,524225.19,ILS,200,28/03/2016,311.22,USD,2400.81
03/10/2012 07:02,XSLADCGD23671832,Binding Bands,QCRG59,MRAH32,122585.0,USD,500,17/07/2017,245.17,USD,270.03
03/10/2012 07:03,LMMCOFRT60584543,Stars,QOKP03,TRFG21,113837157.78,BTN,30000,06/01/2014,2294.22,SCR,4423.52
03/10/2012 07:03,JTUMPBBN21510616,Centipedes,AMRO66,SUOX82,1124790.0,USD,3000,21/12/2014,374.93,USD,346.99
03/10/2012 07:03,WAJNGHMX13151659,Rings of Poison Resistance,MEOQ86,KTLA69,237152.0,USD,800,18/03/2017,296.44,USD,281.26
03/10/2012 07:03,IWKMOJXO71727710,Stocks,PNFK78,UHOG52,23443.0,USD,700,06/11/2017,33.49,USD,35.57
03/10/2012 07:04,OKKKJVGU13030889,Stocks,YLGZ72,ZDAI73,111282.0,USD,600,20/09/2013,185.47,USD,160.6
03/10/2012 07:04,TQFZNBXO10819455,Palantiris,VPTI00,GIWG34,39989700.0,USD,90000,10/08/2016,444.33,USD,490.3
03/10/2012 07:05,RUUMWVXI01957961,Stocks,AYIH50,CQPJ57,4181353.4,LYD,7000,17/02/2016,58.0,USD,667.57
03/10/2012 07:05,IFHCFVTR14230968,Stocks,VXSM31,QMZU44,375100.0,USD,2000,01/07/2013,187.55,USD,162.76
03/10/2012 07:05,YJTDWRQI35867300,Fatmans,THJF58,AWYB85,937612.4,HNL,6000,22/10/2017,71.31,USD,140.54
03/10/2012 07:06,BQYLPKYY81091596,Zoom Lens,HWJF09,CMOI26,6361472.38,CVE,2000,22/10/2014,259.14,USD,3495.45
03/10/2012 07:06,JBJJUFNI65722839,Ethers,FGQR22,PQSW95,26860105.05,XOF,30000,07/11/2013,1825.05,CVE,1005.37
03/10/2012 07:06,XOBRKFTY51731091,Stocks,SFEO61,VIMV38,52059.0,USD,300,20/05/2013,173.53,USD,166.31
03/10/2012 07:06,TQJFAPSY75848672,Stocks,HFLM11,KUWI70,4400.0,USD,500,04/12/2013,8.8,USD,9.53
03/10/2012 07:07,MRVHJAMN28177793,Stocks,FDWI64,KEVJ11,3789.0,USD,300,02/09/2017,12.63,USD,14.19
03/10/2012 07:07,VTPOUPPW84312028,Stocks,EPZN28,TYAE14,60648.0,USD,800,15/01/2017,75.81,USD,85.28
03/10/2012 07:07,MROBGZPK90057587,Stocks,ZEHM52,HNLV68,303200.0,USD,5000,05/12/2016,5720.85,BBD,52.88
03/10/2012 07:07,FACRHNRA26510653,Damp Rocks,GGLV00,YLGZ72,2541250.37,CVE,4000,12/03/2016,38.05,TRY,680.65
03/10/2012 07:07,VFPWRHIV08799378,Stocks,UIKN63,SMYT95,81005.0,USD,500,08/11/2015,162.01,USD,150.59
03/10/2012 07:08,NDOVRYEC82374082,Potions of Oil,RQGG65,TKVF94,1772400.0,USD,60000,31/07/2017,29.54,USD,30.84
03/10/2012 07:08,QCTYOWDQ36157515,Tonsil Stones,QLMY86,LAUA80,2172960.0,USD,8000,17/06/2016,245.22,THB,296.45
03/10/2012 07:08,FQHVCBVL49456520,Stocks,VXSM31,TQSJ85,8396800.0,USD,40000,26/11/2015,209.92,USD,182.73
03/10/2012 07:08,ZCQYPKEV24550645,Sonic Screwdrivers,KKZA87,PVAZ61,7143600.0,USD,30000,25/02/2014,238.12,USD,267.01
03/10/2012 07:08,VMAFJDTT71379213,Stocks,TBVE46,FTFI87,86348.0,USD,400,26/08/2013,307.96,VEB,232.86
03/10/2012 07:09,KATHOYYK83293843,Helms of Brilliance,SMYT95,UFAY59,2149860.0,USD,6000,10/01/2013,358.31,USD,378.14
03/10/2012 07:09,LDCQASZT04856143,Stocks,CQPJ57,TKVF94,31050.0,USD,900,14/04/2013,149.95,SVC,31.93
03/10/2012 07:09,JYMPKDGT59012256,Stocks,RJUD59,YSSR29,71665.2,KMF,200,12/10/2013,52.08,USD,370.56
03/10/2012 07:09,EQYHPRSJ50466402,Cloaks of Invisibility,VIMV38,HPTP65,258300.0,USD,7000,12/11/2017,36.9,USD,32.84
03/10/2012 07:09,FKGRHXTW17755218,Stocks,XHYN07,DJNE62,10300.0,USD,100,05/02/2014,103.0,USD,97.11
03/10/2012 07:09,ALTBMGTH17276231,Stocks,VKMV12,KUWI70,2640.0,USD,300,03/11/2013,8.8,USD,7.83
03/10/2012 07:09,SQRHLAIC55124660,Stocks,RQGG65,SFZS08,958500.0,USD,5000,09/04/2015,191.7,USD,174.41
03/10/2012 07:09,GFUIDPMK02998542,Stocks,GGLV00,VKMV12,68328.0,USD,800,23/01/2015,85.41,USD,77.71
03/10/2012 07:09,GJVJUXEH01672003,Daenarians,TVQQ54,BBAX06,464940.0,USD,7000,22/01/2015,66.42,USD,77.58
03/10/2012 07:10,XSRQNEYJ74433368,Protective Pads,ZDAI73,VESX21,1012560.0,USD,8000,13/11/2016,126.57,USD,114.29
03/10/2012 07:10,PFDROOWZ96515798,Badgers,ESPL27,GGLV00,485312.0,USD,800,04/11/2014,606.64,USD,680.54
03/10/2012 07:11,WKBHXGDH65066525,Choice Specs,AWYB85,SXHU74,109179.0,USD,900,16/10/2016,121.31,USD,133.26
03/10/2012 07:12,WVGKOCCP06046513,Meat Rings,LBKT00,FAWI50,7293974.58,IRR,7000,08/08/2015,84.52,USD,1107.72
03/10/2012 07:12,GJGBDESL45660451,Stocks,TVQQ54,IZTD25,8737600.0,USD,80000,20/03/2016,438.1,SHP,100.72
03/10/2012 07:13,XVHSXULT65057768,Stocks,DVVB31,SRYE59,2830.0,USD,1000,18/09/2017,2.83,USD,2.95
03/10/2012 07:13,RFMDFCGZ32724608,Stocks,RLZK87,AMBT33,954000.0,USD,60000,05/01/2016,855.19,MYR,17.7
03/10/2012 07:13,NEYHRWYW26558346,Stocks,ZFHD93,YTAI13,755280.0,USD,6000,04/09/2015,318.26,WST,115.76
03/10/2012 07:14,OSKURIMF82480660,Stocks,ZELV96,AWYB85,170413.12,PGK,500,23/10/2013,124.48,USD,379.36
03/10/2012 07:14,TNDTIUTJ61613589,Stocks,CMZC67,FGVK43,38670.0,USD,1000,29/04/2013,38.67,USD,33.93
03/10/2012 07:15,AMFHFUWU88490161,Stocks,THJF58,YTAI13,7552800.0,USD,60000,10/02/2013,125.88,USD,114.71
03/10/2012 07:15,SKDURSMD99658143,Stocks,BBAX06,CUVZ50,65340.0,USD,900,22/06/2017,72.6,USD,76.67
03/10/2012 07:15,MLBXBUDP26735410,Platinum Bolts,BMRZ75,GYWU23,1526130.0,USD,9000,15/05/2017,169.57,USD,152.98
03/10/2012 07:15,NEVAKBRN20877444,Stocks,INIL60,RQGG65,23552.0,USD,400,08/02/2016,58.88,USD,63.96
03/10/2012 07:16,JZHDSSOB13959637,Chain Wind Staffs,IZTD25,NCYN50,1162520.0,USD,4000,16/01/2017,2681.24,ANG,305.42
03/10/2012 07:16,GCGRRAIN20721314,Stocks,WVEI17,OPZI26,22782.0,USD,600,29/03/2014,37.97,USD,30.53
03/10/2012 07:16,OMJVOVSS92140117,Alchemy Smocks,OUNH49,GSTD71,104079.0,USD,300,21/01/2015,346.93,USD,329.69
03/10/2012 07:17,MBEOYSUY59508022,Stocks,UHOG52,QHXJ50,39160.0,USD,400,13/04/2013,97.9,USD,101.48
03/10/2012 07:17,ZKJAGHFH78649998,Surfacers,DOGG07,UACN81,40985.0,USD,500,04/10/2017,81.97,USD,80.47
03/10/2012 07:17,BMKKWDZK71296448,Electrolyzers,PJKH65,DVVB31,2178853.39,MWK,1000,08/05/2017,359.44,USD,2304.85
03/10/2012 07:17,ICQRGGOK98775193,Stocks,MFZY76,NGBA40,4964500.0,USD,50000,18/11/2017,99.29,USD,85.13
03/10/2012 07:17,QFBHFCWX15482003,Lavenders,HPTP65,KTLA69,1048946.69,ZAR,600,08/05/2016,345.38,USD,1840.49
03/10/2012 07:18,VKXSBMSN16367250,Binding Bands,PKBF70,MRAH32,49034.0,USD,200,23/03/2015,1979.09,MVR,201.99
03/10/2012 07:18,RRRWYYCJ77444062,Hearts of Onaga,WWNS72,RJUD59,201640191.3,BTN,50000,29/07/2013,567.09,USD,3685.03
03/10/2012 07:19,JCMODZHV46289679,Stocks,UWUK72,ISWT83,93485.0,USD,700,26/07/2016,133.55,USD,147.58
03/10/2012 07:19,FGPOEXZM33565000,Weakness Policies,SFEO61,ZBIO05,196872.0,USD,800,18/05/2017,246.09,USD,245.09
03/10/2012 07:19,KJCUMMPB81562444,Stocks,XRBV61,OUNH49,95040.0,USD,800,08/06/2016,118.8,USD,127.9
03/10/2012 07:20,MKFUZZEB34264248,Fridays,WVEI17,SEKK26,533520.0,USD,6000,20/03/2015,5531.6,MUR,103.68
03/10/2012 07:20,DJVBIESQ39823249,Stocks,QETH27,VIMV38,520590.0,USD,3000,17/08/2016,173.53,USD,150.76
03/10/2012 07:20,OKTHMPIK31186667,Angainors,AHMZ79,KRRO64,2247457.48,MVR,800,21/07/2014,348.02,USD,3137.46
03/10/2012 07:20,PMOHRFRJ00263405,Stocks,PIFN94,HPTP65,154917.0,USD,700,01/10/2015,221.31,USD,234.67
03/10/2012 07:20,WNTUWWUX41605807,Eject Buttons,KRXZ15,VAHJ53,17769.0,USD,300,15/05/2016,59.23,USD,65.47
03/10/2012 07:20,VSRUHPFS18056105,Stocks,NCYN50,VLJL11,1786740.0,USD,6000,28/05/2017,297.79,USD,322.61
03/10/2012 07:20,ELUNXQER55006119,Millennium Eyes,GYWU23,CIXF70,265212.0,USD,600,05/08/2015,442.02,USD,494.0
03/10/2012 07:20,HVSTYLZA01607953,Blue Elixirs,YLGZ72,QLMY86,32817600.0,USD,90000,12/08/2017,364.64,USD,315.17
03/10/2012 07:21,ILCCJFBG62079744,Mimett Greens,IZLM67,NFAH30,18896.0,USD,200,11/02/2013,94.48,USD,106.09
03/10/2012 07:21,CBZMWSNZ43166470,Zanpakutos,UHOG52,UIKN63,499500.0,USD,50000,07/07/2013,40.07,SHP,10.86
03/10/2012 07:21,JMMULBPI36088767,Stocks,QETH27,MYXF05,2072383.92,BIF,90000,28/11/2015,14.37,USD,21.56
03/10/2012 07:22,WRPRIYJH65986095,Stocks,DOGG07,OPET16,3195.0,USD,500,08/04/2016,6.39,USD,6.88
03/10/2012 07:22,MYBHNGGK02055112,Stocks,LAUA80,UEVD88,100160.0,USD,400,12/04/2017,250.4,USD,213.47
03/10/2012 07:22,JOPMULWY62028439,Stocks,TVQQ54,DOGG07,248160.0,USD,8000,05/10/2015,31.02,USD,27.05
03/10/2012 07:23,VZKIQYNH83489229,Daemons,KUWI70,RJUD59,3428460.0,USD,9000,31/12/2016,380.94,USD,390.68
03/10/2012 07:23,TTPTGHAB67500312,Stocks,THJF58,BPLN25,62210.0,USD,500,24/11/2014,139.11,AED,135.8
03/10/2012 07:23,THLEPZOJ27514250,Fire Horns,ZFHD93,ORQH73,175628.0,USD,400,27/01/2017,439.07,USD,412.08
03/10/2012 07:23,AUZSTLVR89571732,Gauntlets of Zeus,DGTY64,FDWI64,70530.0,USD,600,01/09/2015,117.55,USD,109.71
03/10/2012 07:24,XGEZCOVK60365336,Stocks,RDBE21,TYAE14,6822900.0,USD,90000,15/09/2016,75.81,USD,85.27
03/10/2012 07:24,JYHGWGSH13332778,Dazers,YWMD69,MRAH32,16771141.12,TND,8000,06/03/2013,348.8,USD,2276.22
03/10/2012 07:24,WDHZDWAE80946684,White Fangs,JZTC69,OHKH76,129784.98,MAD,700,13/03/2013,71.01,USD,212.65
03/10/2012 07:24,ZUDPSLBI38747558,Stocks,ERHJ34,LIJW00,2551600.0,USD,20000,10/07/2016,127.58,USD,111.94
03/10/2012 07:25,NJBPUORG47068476,Stocks,QODV38,QLMY86,85988.0,USD,400,10/05/2013,214.97,USD,192.32
03/10/2012 07:25,VHBXDZEY42322173,Flying Brooms,KEVJ11,WVEI17,1325809.47,ZWD,30000,12/01/2013,9.47,USD,40.11
03/10/2012 07:25,XLPJEUBA48177416,Stocks,GYWU23,VIMV38,86765.0,USD,500,07/08/2014,173.53,USD,204.66
03/10/2012 07:25,QCNGABSM95923373,Stocks,YWMD69,ZXVX98,3273000.0,USD,30000,20/12/2014,109.1,USD,124.92
03/10/2012 07:25,ALHTUWDL67111790,Great One's Wisdoms,TVQQ54,QHXJ50,1356700.0,USD,5000,30/10/2017,271.34,USD,245.08
03/10/2012 07:25,KHSKWYST01037058,Keys of the Ram,UEVD88,BBAX06,67570.0,USD,200,26/02/2014,139.36,BAM,397.23
03/10/2012 07:25,WLUIOIQU44385655,Stocks,AGBH66,NXTO39,1426100.0,USD,10000,26/04/2016,142.61,USD,122.53
03/10/2012 07:26,GEKZCZRN01558347,Earth Harps,PVAZ61,JCWS17,6068328.56,AWG,4000,20/07/2015,1778.98,AFN,1263.72
03/10/2012 07:26,DDPQQWYP71349565,Stocks,IBLA29,INIL60,127200.0,USD,4000,12/04/2014,31.8,USD,34.84
03/10/2012 07:26,ZFWAMMKY10780641,Stocks,QOKP03,GZED20,44171.94,JPY,5000,12/07/2016,207.38,USD,7.09
03/10/2012 07:26,DIAWUBXO87292434,Stocks,QCRG59,FDWI64,109350.0,USD,5000,24/06/2015,21.87,USD,24.03
03/10/2012 07:26,QJGSCEID78911241,Rings of Teleport Control,BPLN25,VGYT30,43456700.0,USD,70000,21/10/2014,620.81,USD,594.89
03/10/2012 07:27,JXTZSEZJ88962530,Razor Fangs,HNLV68,YSSR29,637880.23,IDR,6000,21/06/2017,18.26,USD,93.44
03/10/2012 07:27,NCKLSFLW79803472,Stocks,TYAE14,HPTP65,88524.0,USD,400,03/11/2016,221.31,USD,194.12
03/10/2012 07:27,AJVDFMUT82830695,Wide Lenses,VVBY18,NGBA40,47848.0,USD,800,06/11/2016,59.81,USD,55.59
03/10/2012 07:28,RWIFMDMK90937036,Books of Cagliostro,DBCS17,MSHS03,1203913.07,IQD,600,25/12/2016,178.54,USD,2137.11
03/10/2012 07:30,VAYKEBUT24770094,Stocks,QBVN33,TFLS35,11610.0,USD,500,29/04/2016,23.22,USD,26.73
03/10/2012 07:30,OQQJTWWD59704297,Stocks,YCZA59,QETH27,154854.9,AWG,8000,29/01/2016,2.03,USD,16.69
03/10/2012 07:30,EHLWBRNE61095919,Stocks,OPET16,PVAZ61,32820.0,USD,200,16/01/2014,164.1,USD,183.95
03/10/2012 07:30,YRFVDRKV21516673,Amulets of Strangulation,OKYS51,ERHJ34,1892600.0,USD,20000,28/06/2015,94.63,USD,88.19
03/10/2012 07:31,DPKDDSZY98098623,Wild Card Virus Vials,AGBH66,NQJL85,37764.0,USD,900,21/12/2015,41.96,USD,39.5
03/10/2012 07:31,VVTLUEBA88429989,Cainhurt Summons,VIMV38,KEVJ11,437967.83,KPW,500,19/06/2015,360.69,USD,855.09
03/10/2012 07:31,LCHFBRXL75509221,Potora Earrings,UEVD88,RQGG65,9612.0,USD,900,20/09/2015,10.68,USD,11.19
03/10/2012 07:32,BPXQQZGR54187352,Stocks,DILF10,EKXA24,264845.51,GEL,900,30/03/2016,70.1,USD,308.9
03/10/2012 07:32,MINHBXHV87078579,Stocks,QETH27,THJF58,6487791.6,XAF,60000,18/03/2013,26.35,USD,90.8
03/10/2012 07:32,DZPGXRCY61361007,Stocks,SXHU74,HWHS51,62403.0,USD,300,07/06/2016,208.01,USD,202.79
03/10/2012 07:32,BYPROEED88787864,Marvins,EPZN28,WHPS18,41664.0,USD,600,22/10/2016,69.44,USD,69.01
03/10/2012 07:33,VVURZWUB07229470,Stocks,PKBF70,OPET16,3834.0,USD,600,21/12/2016,6.39,USD,6.53
03/10/2012 07:33,TSBJWUYV12729901,Stocks,VGYT30,QMZU44,56265.0,USD,300,21/07/2016,187.55,USD,182.15
03/10/2012 07:33,KYCOBSNS95344089,Stocks,LKPN86,SXHU74,6780600.0,USD,60000,14/08/2015,113.01,USD,110.51
03/10/2012 07:33,EPGEJQAH79736987,Stocks,KUWI70,QODV38,252656.54,BWP,700,19/04/2013,116.68,USD,380.42
03/10/2012 07:34,XDAUFTGQ57472908,Smoke Balls,ZVEN26,QODV38,39550000.0,USD,70000,11/09/2017,565.0,USD,607.07
03/10/2012 07:34,AUNFBGLM83625846,Stocks,SHXQ48,QLMY86,128982.0,USD,600,14/03/2015,214.97,USD,231.74
03/10/2012 07:34,NNYUCUFV45347873,Fire Flowers,BMRZ75,TQSJ85,266106.0,USD,600,07/09/2017,443.51,USD,510.78
03/10/2012 07:35,DGSZDYGV62829426,Stocks,CQPJ57,SHXQ48,32788.0,USD,400,04/05/2013,690.36,ILS,85.76
03/10/2012 07:35,KLGEOUUA26590508,Elder Wands,OPZI26,LKPN86,31345.0,USD,100,25/11/2017,313.45,USD,338.89
03/10/2012 07:36,TRZFKEDX22580956,Stocks,DBCS17,MEOQ86,6220.0,USD,1000,10/07/2015,6.22,USD,5.63
03/10/2012 07:36,VZIADPMH50742067,Speed Boots,YLGZ72,VVBY18,1300700.0,USD,5000,18/06/2014,260.14,USD,253.53
03/10/2012 07:36,KSGCIHPM94021393,Bright Powders,NXTO39,FORM54,7071600.0,USD,30000,21/06/2013,235.72,USD,261.92
03/10/2012 07:37,WWIKKRFO24810211,Stocks,FORM54,MHFC34,93393.0,USD,900,20/02/2013,103.77,USD,109.7
03/10/2012 07:37,WWEIUQDA16606734,Holy Rings,CMOI26,WYFO79,5084.0,USD,200,14/03/2017,858.18,INR,22.3
03/10/2012 07:37,AACTNKWU01795950,Pan-Galactic Gargle Blaster,YTAI13,AYIH50,2221960.0,USD,4000,27/01/2013,555.49,USD,514.51
03/10/2012 07:38,DXNJMKOY72943582,Baku Disks,DDIB11,QWOA67,3316.0,USD,100,29/12/2015,33.16,USD,28.7
03/10/2012 07:38,NJHDLHLE73370514,Stocks,LIJW00,INIL60,286200.0,USD,9000,22/05/2017,31.8,USD,28.11
03/10/2012 07:38,GZVFGZJB27112623,Stoles,CAVR54,DJNE62,134220.0,USD,400,27/01/2015,335.55,USD,380.45
03/10/2012 07:38,VGSUETFP43545507,Stocks,VESX21,MHFC34,51885.0,USD,500,13/06/2013,103.77,USD,118.55
03/10/2012 07:38,DMPWMOJX29278260,Stocks,FTFI87,CQPJ57,174000.0,USD,3000,03/02/2013,58.0,USD,67.04
03/10/2012 07:38,WBUIVYNT48702527,Stocks,CAVR54,MFJJ99,48832.0,USD,700,12/02/2014,69.76,USD,75.07
03/10/2012 07:39,ZOKKXDAV95642120,Gold Needles,RDBE21,PKBF70,224783.32,KZT,100,13/06/2013,557.07,USD,2616.2
03/10/2012 07:39,RGOAHXGO17763916,Stocks,YLGZ72,FTFI87,4013800.43,CUP,8000,06/03/2016,215.87,USD,515.37
03/10/2012 07:40,KZLXUWVL47812127,Rings of Invisibility,FTFI87,GGLV00,419040.0,USD,4000,30/03/2015,104.76,USD,120.71
03/10/2012 07:40,QYOXXAST57187848,Stocks,FAWI50,CVMG22,214680.0,USD,3000,26/12/2016,71.56,USD,70.6
03/10/2012 07:40,GZQEMIWD83875184,Golden Lucky Cats,PVAZ61,KRRO64,22049644.72,LBP,6000,17/03/2015,353.71,USD,3405.0
03/10/2012 07:40,IUSNFCQN75180050,Ethers,KKZA87,PQSW95,148690.0,USD,1000,13/05/2015,148.69,USD,132.26
03/10/2012 07:41,HMJKIMKR47432614,Stocks,MSHS03,QCRG59,136872.0,USD,800,12/06/2013,171.09,USD,156.86
03/10/2012 07:41,YVAHJIDK49832389,Gold Dust,CQPJ57,QBVN33,661500.0,USD,10000,11/01/2013,66.15,USD,74.83
03/10/2012 07:42,DNMVTPKQ47319416,Stocks,QETH27,WYFO79,4210217.51,UAH,2000,19/03/2014,77.08,USD,2228.85
03/10/2012 07:43,YXUFONHM82748314,Stocks,AYIH50,JZTC69,792840.0,USD,4000,19/07/2014,198.21,USD,173.28
03/10/2012 07:43,NWGHPWNZ73231604,6IV Shiny Dittos,JXGF57,AMBT33,238885.0,USD,500,07/03/2017,477.77,USD,411.09
03/10/2012 07:43,FMSUQILM34764406,Stocks,ZVEN26,QHXJ50,120164.42,CVE,100,26/08/2015,97.9,USD,1348.64
03/10/2012 07:45,XQDHGSHP85966551,Blades of Chaos,NCCX02,VAHJ53,679800.0,USD,5000,27/11/2013,135.96,USD,144.4
03/10/2012 07:45,DHWFCIPN63063786,Stocks,OPZI26,PKBF70,33742867.8,KES,30000,12/03/2016,204.02,USD,948.0
03/10/2012 07:45,BXFWIZBE41344587,Horcuxes,KKGY69,LBKT00,859600.0,USD,4000,02/01/2017,214.9,USD,200.01
03/10/2012 07:45,ZXFAUUXR04165721,Raiden Disks,RQGG65,KRRO64,260680.0,USD,7000,28/03/2016,37.24,USD,39.05
03/10/2012 07:45,XWJSXKZE51532396,Ultra Balls,UWUK72,SAAM06,284963.13,BYR,500,01/05/2017,79.72,USD,633.73
03/10/2012 07:46,RBQPXPTN10820003,Stocks,HYSJ42,PNFK78,98034.0,USD,600,06/08/2016,655.39,SHP,146.78
03/10/2012 07:46,OEFWASGX54930981,Amulets of Shinnok,MRAH32,VTKE98,205620.0,USD,6000,16/07/2016,34.27,USD,36.97
03/10/2012 07:47,BMZGORSC91534901,Stocks,IBLA29,QHXJ50,39160.0,USD,400,27/10/2015,97.9,USD,115.06
03/10/2012 07:47,WDMMIJFY03386946,Stocks,RQGG65,TFLS35,464400.0,USD,20000,23/01/2014,23.22,USD,19.83
03/10/2012 07:48,QQXBDSPT64516558,Rune Bars,CAVR54,ZNQA84,12342400.0,USD,40000,14/01/2013,308.56,USD,319.99
03/10/2012 07:48,GJMPBFKM53990385,Stocks,ZDAI73,AYIH50,71754.0,USD,600,06/02/2015,119.59,USD,101.38
03/10/2012 07:48,EZSRTAFH63329521,Stocks,ZVEN26,RJUD59,1843826.8,RWF,20000,06/02/2015,13.66,USD,89.26
03/10/2012 07:48,USIMWTVJ48245286,Tarkartan Blades,TVQQ54,WHPS18,1391100.0,USD,10000,05/01/2014,139.11,USD,127.89
03/10/2012 07:48,CRGGDMWG19204241,Stocks,GSTD71,QCRG59,3663207.99,LAK,5000,23/03/2013,171.09,USD,703.15
03/10/2012 07:49,VOKHJRPV89321958,Sonic Screwdrivers,EPZN28,PVAZ61,4942323.47,HTG,1000,16/01/2014,238.12,USD,4547.59
03/10/2012 07:49,XLQLPQJJ20699301,Tarkartan Blades,HWHS51,WHPS18,834660.0,USD,6000,28/03/2014,139.11,USD,156.9
03/10/2012 07:49,XJAWMUBE62799689,Potions of Booze,RLZK87,YWMD69,34704.0,USD,600,17/12/2017,66.51,RSD,54.74
03/10/2012 07:50,AGOTYYDL91645176,Stocks,EMNK67,AYIH50,59795.0,USD,500,27/10/2016,119.59,USD,101.46
03/10/2012 07:50,XWTQYIUV04493159,Stocks,LBKT00,INIL60,254400.0,USD,8000,19/07/2016,31.8,USD,29.89
03/10/2012 07:50,IKQBZQUB89082172,Stocks,NXTO39,FORM54,1842971.13,CVE,7000,06/03/2017,21.45,USD,284.71
03/10/2012 07:50,SJBUZUUN33152243,Meow Meow Beans,NXTO39,UEVD88,20008000.0,USD,80000,24/11/2014,250.1,USD,239.92
03/10/2012 07:50,HVYXDXSW24267020,Mr. Zerkons,SXTM39,IZTD25,192236.46,SOS,600,22/09/2016,120.25,USD,283.31
03/10/2012 07:50,WXGWQJQA13791780,Stocks,NCXS33,HXDA52,966000.0,USD,5000,21/04/2017,193.2,USD,182.68
03/10/2012 07:51,CEWNHUVW12852830,Stocks,RDBE21,EDYH00,7521.0,USD,100,08/10/2017,75.21,USD,79.97
03/10/2012 07:51,JKVIKXHP58359966,Vampire Fangs,TYAE14,PNFK78,73508.0,USD,400,19/10/2014,183.77,USD,208.9
03/10/2012 07:51,WDQQKQAV17739248,Golems,YFAM59,QODV38,28620.0,USD,2000,31/07/2016,14.31,USD,16.26
03/10/2012 07:52,LXXNDFWW60915438,X-Antibodies,VVXA11,ZDAI73,73848306.0,SLL,50000,25/01/2014,480.08,USD,1544.97
03/10/2012 07:52,BACWDQYM06101470,Stocks,YTAI13,ZBIO05,312719.49,LSL,8000,25/09/2017,20.98,USD,37.45
03/10/2012 07:52,BWEIVTVO06679065,Stocks,ZDAI73,YLGZ72,44742.0,USD,600,27/12/2017,229.37,ISK,67.99
03/10/2012 07:52,FWDCKZTD48752814,Dragon Scales,KRRO64,KTLA69,2023363.61,FJD,900,10/09/2013,234.21,USD,2418.35
03/10/2012 07:53,RPFBPXFO74448933,Stocks,SRYE59,MFZY76,483947.95,XOF,600,26/12/2017,133.95,USD,942.19
03/10/2012 07:53,UHMXDZDF41575792,Stocks,VXSM31,XRBV61,139146.0,USD,700,06/07/2013,198.78,USD,188.46
03/10/2012 07:53,NGEGQWMF63889040,Rings of Protection from Shape Changers,LAUA80,QCRG59,15900000.0,USD,60000,11/02/2013,265.0,USD,259.0
03/10/2012 07:54,FJUXWWOE66524354,Stocks,NFAH30,AHMZ79,61648.0,USD,400,23/08/2014,154.12,USD,140.74
03/10/2012 07:54,XJKHLTDO87798859,Stocks,CIXF70,LIIS96,1406600.0,USD,10000,27/03/2014,140.66,USD,126.23
03/10/2012 07:55,DNZDSIZM09884801,Stocks,PQSW95,MRAH32,31950.0,USD,300,26/01/2016,6625.23,MUR,111.81
03/10/2012 07:55,MFPZOARC94625102,Time Turners,MEOQ86,DJNE62,10420307.14,SYP,6000,07/12/2015,3410.08,CLP,1991.66
03/10/2012 07:55,DHBUWFQX17466162,Stocks,FTFI87,FGVK43,37119.33,FJD,100,10/07/2016,38.67,USD,312.64
03/10/2012 07:56,VZTFZHSO84352857,Stocks,QHXJ50,ZXVX98,22011470.5,KZT,50000,14/03/2013,109.1,USD,401.47
03/10/2012 07:56,RQWYFEVY22126947,Stocks,IJPI82,IZTD25,5461000.0,USD,50000,14/04/2013,109.22,USD,119.84
03/10/2012 07:57,NVCVYLTV01796383,Stocks,CMZC67,ZDAI73,5564100.0,USD,30000,30/07/2015,185.47,USD,201.56
03/10/2012 07:57,MLEWXWEM58476631,Shaman Bone Blades,RJUD59,QLCE04,70845.0,USD,500,15/12/2016,141.69,USD,108.43
03/10/2012 07:58,OMYZLNXX32817049,Stocks,EWUY52,WYFO79,1541600.0,USD,20000,24/11/2016,77.08,USD,67.27
03/10/2012 07:58,PXVYCMQW62117911,Stocks,IZTD25,INIL60,254400.0,USD,8000,22/10/2013,31.8,USD,28.66
03/10/2012 07:58,JRKKXDKH55040620,Stocks,WIZJ73,YFAM59,110267.62,MVR,200,05/01/2016,68.3,USD,593.97
03/10/2012 07:58,WQSKUTUU00962126,Beams,YFAM59,UEVD88,18726.0,USD,600,27/01/2013,31.21,USD,33.79
03/10/2012 07:59,VFYQJQJT33205161,Kafel Masks,SUOX82,LAUA80,2956.0,USD,400,22/05/2014,7.39,USD,8.15
03/10/2012 07:59,IBAGLKYO46041719,Stocks,BDBU00,FORM54,84426.56,CZK,900,13/05/2017,21.45,USD,86.33
03/10/2012 08:00,XPLKJUOW32350542,Holy Grails,OUNH49,RLZK87,222803.0,USD,700,10/10/2013,318.29,USD,335.41
03/10/2012 08:00,FYVNDKSE72666755,Seastone Cuffs,EMNK67,HXDA52,61664.0,USD,800,01/08/2017,77.08,USD,66.04
03/10/2012 08:00,UWFQZEQN76853422,Stocks,EPZN28,SRYE59,2547.0,USD,900,12/04/2017,23.83,ILS,2.63
03/10/2012 08:00,ZAAPNEBB68346591,Stocks,HFLM11,QETH27,1827.0,USD,900,15/08/2013,2.03,USD,2.04
03/10/2012 08:01,OUHLKLJH31371336,Stocks,OPET16,HWJF09,803560.0,USD,4000,19/04/2013,200.89,USD,243.08
03/10/2012 08:01,WQQFXJMZ78174750,Stocks,LBKT00,GZED20,165904.0,USD,800,11/03/2014,207.38,USD,196.61
03/10/2012 08:01,PHXNDUZW88719317,Stocks,AGBH66,AMRO66,34074.0,USD,600,18/08/2015,56.79,USD,53.27
03/10/2012 08:02,MAVXICAO05829679,Wonka Bars,OQXV70,AWYB85,12954600.0,USD,60000,25/05/2015,215.91,USD,183.63
03/10/2012 08:02,OXYBLCMF69509759,Stocks,QXFF29,UWUK72,947120.0,USD,8000,17/11/2013,118.39,USD,133.31
03/10/2012 08:02,PBOGFRGI98722685,V-Tamer Taags,UEVD88,RDBE21,51840.0,USD,400,25/10/2017,656.01,ZAR,145.42
03/10/2012 08:02,IZSTHTXB17220349,Stocks,ZVEN26,QWOA67,946166.29,PYG,700,27/08/2013,159.13,USD,1544.68
03/10/2012 08:02,YOJIZIIB04497887,Stocks,EKXA24,GGLV00,22608.0,USD,900,30/08/2015,25.12,USD,20.46
03/10/2012 08:02,TGSPPVCQ64570804,Stocks,SXHU74,SHXQ48,57379.0,USD,700,21/10/2017,81.97,USD,78.74
03/10/2012 08:03,HAOOFATL82772551,Stocks,HXDA52,KRXZ15,5010000.0,USD,20000,18/10/2017,250.5,USD,209.38
03/10/2012 08:03,GWRMWFGX44704578,Stocks,MEOQ86,OUNH49,475200.0,USD,4000,04/02/2013,118.8,USD,127.21
03/10/2012 08:03,NYIWBEXD40247721,Replicators,KUWI70,SXTM39,549895.78,SAR,900,05/12/2015,87.48,USD,535.55
03/10/2012 08:03,FMMCJQJQ18616596,Stocks,KRRO64,IIZF28,504350.0,USD,5000,10/03/2013,100.87,USD,109.0
03/10/2012 08:03,MRBJWFFJ07641922,Stocks,FYYD57,XHYN07,243040.0,USD,8000,15/06/2013,30.38,USD,29.9
03/10/2012 08:03,KVANEGIU07514970,Stocks,HHOA99,FYYD57,7632373.58,MZN,8000,16/04/2013,162.69,USD,1033.03
03/10/2012 08:03,XULRRSQI70814428,Stocks,DVVB31,QAZT26,227584.0,USD,800,15/07/2016,284.48,USD,313.54
03/10/2012 08:05,NLMXYNGQ12686597,Neuralizers,PNFK78,IBLA29,116250.0,USD,500,04/05/2017,232.5,USD,268.37
03/10/2012 08:05,IRCJEWVK07409660,Stocks,KKGY69,INIL60,3619.48,PLN,600,12/03/2016,31.8,USD,6.71
03/10/2012 08:05,WWULXOXJ26142954,Spears of Destiny,DREA89,YLGZ72,470538.46,GYD,5000,14/08/2017,25.34,USD,89.17
03/10/2012 08:06,STCBYGZL90378540,Stocks,JCWS17,MYXF05,71850.0,USD,5000,01/06/2013,14.37,USD,12.84
03/10/2012 08:06,LKAHIVWL44684614,Stocks,ZSXF19,THJF58,15810.0,USD,600,05/12/2014,26.35,USD,25.7
03/10/2012 08:06,HNJYQZGL30574023,Hurtloam,PVAZ61,DVVB31,8719200.0,USD,30000,08/05/2015,290.64,USD,321.88
03/10/2012 08:07,ONQDOVBA60679350,Stocks,PQSW95,KUWI70,70400.0,USD,8000,07/04/2015,22.98,MAD,7.49
03/10/2012 08:08,TGGKIUYT50955736,Hope,HWJF09,RJUD59,183816.0,USD,900,16/06/2014,204.24,USD,203.71
03/10/2012 08:08,KSFXUGMC04522953,Valars,OQXV70,KKGY69,2132370.0,USD,9000,24/05/2013,236.93,USD,218.45
03/10/2012 08:08,RLAPTASB96011225,Stocks,LWGE44,ZNQA84,6051044.57,BBD,600,30/11/2014,122.6,BMD,9176.59
03/10/2012 08:08,GEIOZDIS78717908,Stocks,MSHS03,RLZK87,1618470.0,USD,9000,27/06/2017,179.83,USD,154.76
03/10/2012 08:10,KQBIOMVR64309425,Hoverboards,JCWS17,MFZY76,2799.0,USD,100,04/03/2014,27.99,USD,25.26
03/10/2012 08:10,ZZWMLVSK24444481,Slurm,OCQF34,TRFG21,776340.0,USD,6000,18/06/2013,129.39,USD,153.33
03/10/2012 08:10,UHKZLVXR24605653,Stocks,RJUD59,PQSW95,19599.44,OMR,200,06/06/2014,132.29,XOF,99.11
03/10/2012 08:10,JXOGRDKB29199252,Icy Rocks,RNZB01,MFJJ99,1444960.0,USD,4000,11/02/2013,361.24,USD,333.99
03/10/2012 08:11,HQIEBYNF14213328,Stocks,LBKT00,TQSJ85,83968.0,USD,400,12/02/2017,1075.84,TTD,224.11
03/10/2012 08:11,YQLVOHVV07024796,Stocks,ZNQA84,EIWJ22,53375.0,USD,700,23/02/2017,76.25,USD,88.39
03/10/2012 08:12,ZXNDBQWL58395378,Stocks,RJCA92,ZDAI73,92735.0,USD,500,13/08/2013,185.47,USD,181.69
03/10/2012 08:12,RWZODWYV49797722,Dragon Disks,VAHJ53,OUNH49,13874000.0,USD,40000,23/05/2014,346.85,USD,350.94
03/10/2012 08:13,RJMAOSNM46691152,Stocks,VXSM31,YFAM59,25107.08,TRY,500,22/06/2016,143.55,NZD,53.59
03/10/2012 08:13,EVUWLJXI61917243,Evangelions,PQSW95,NGBA40,201490.0,USD,500,28/08/2014,402.98,USD,429.63
03/10/2012 08:13,QWMXHQKP46547685,Stocks,TBVE46,SFEO61,2105.0,USD,500,23/04/2015,4.21,USD,4.95
03/10/2012 08:13,FYHNBOKU66316230,Stocks,JCWS17,FGVK43,10666268.76,EGP,70000,26/10/2013,38.67,USD,136.31
03/10/2012 08:14,RNTYPDDL03091253,Curries of Life,UACN81,DILF10,145128.0,USD,400,16/12/2017,362.82,USD,324.85
03/10/2012 08:14,SCNMIRQD62186709,Stocks,UIKN63,DVVB31,16953600.0,USD,80000,01/06/2014,211.92,USD,241.74
03/10/2012 08:14,HATTBEUT71997283,Stocks,SWGF93,UEVD88,175280.0,USD,700,23/06/2015,250.4,USD,239.12
03/10/2012 08:14,YVKQUYDP31650933,Stocks,DDIB11,LIIS96,54857.4,NPR,300,03/03/2017,140.66,USD,205.93
03/10/2012 08:14,PCCJAKMD38819725,Stocks,ZFHD93,CIXF70,16791.0,USD,300,25/01/2013,55.97,USD,49.82
03/10/2012 08:15,IZRKRUKR23944101,Surfacers,HWJF09,UACN81,32788.0,USD,400,23/06/2016,81.97,USD,70.87
03/10/2012 08:15,ZSJPRNGY30728623,6IV Shiny Dittos,CMOI26,AMBT33,28666200.0,USD,60000,07/09/2016,477.77,USD,465.89
03/10/2012 08:15,ZIGXXVYE32612539,Cloaks of Protection,HSWX88,SBUT62,4211200.0,USD,20000,09/05/2013,210.56,USD,218.8
03/10/2012 08:15,RIATAYGT42731857,Red Jewelled Brooches,XHYN07,YOQG45,12824290.08,SOS,90000,22/05/2017,53.48,USD,143.18
03/10/2012 08:15,UGCKRUGG62510587,Companion Cubes,ZSXF19,EKXA24,431200.0,USD,7000,24/04/2015,61.6,USD,61.52
03/10/2012 08:16,QPETPVHG84767864,Scouters,ZNQA84,GGLV00,6765.0,USD,100,03/04/2015,67.65,USD,77.53
03/10/2012 08:16,CCAUNFVC50124997,Stocks,LIJW00,FDWI64,109350.0,USD,5000,21/02/2013,1176.3,MYR,23.06
03/10/2012 08:16,YGNFWORP09965824,Stocks,QETH27,VPTI00,6730288.11,IQD,9000,08/04/2015,66.54,USD,671.36
03/10/2012 08:17,PSUJHDNB44271132,Stocks,KKZA87,ZEHM52,575784.7,LSL,3000,05/02/2015,103.01,USD,164.12
03/10/2012 08:17,GRSVKDBE58978698,Stocks,AHMZ79,WHPS18,1657500.0,USD,50000,08/03/2013,33.15,USD,37.19
03/10/2012 08:17,CYWNZIUW18751147,Sabor de Soledad Chips,UHOG52,DBCS17,116750.0,USD,1000,20/11/2015,116.75,USD,119.11
03/10/2012 08:17,DZJHMVKJ31874782,Stocks,MFJJ99,UIKN63,147853.76,HNL,500,27/09/2015,134.94,USD,322.18
03/10/2012 08:17,WTHRZGVR25883290,Oo-Rays,FDWI64,SFEO61,262675.0,USD,700,23/05/2013,375.25,USD,351.69
03/10/2012 08:17,XNQUFOQK33085207,PROBLEMs,ZVEN26,CMZC67,308854.65,SBD,100,07/11/2014,33.55,BGN,3582.46
03/10/2012 08:17,BCTUWRIE32436747,Stocks,TYAE14,YSSR29,15624.0,USD,300,29/10/2015,52.08,USD,48.51
03/10/2012 08:18,JUZEMMZQ69552613,Stocks,LIJW00,FORM54,1716000.0,USD,80000,26/01/2014,21.45,USD,19.29
03/10/2012 08:18,BIEICHJJ26904743,Stocks,WVHK10,DOGG07,1861200.0,USD,60000,15/03/2014,31.02,USD,27.35
03/10/2012 08:18,MOEUCWRF95462995,Hurtloam,PNFK78,DVVB31,2325120.0,USD,8000,01/12/2013,1263.21,SVC,246.15
03/10/2012 08:18,DSYSGVCZ58419850,Stocks,GZED20,RJUD59,43414.76,MKD,800,07/07/2015,13.66,USD,56.86
03/10/2012 08:20,GFZLFKFC81182606,Stocks,SFZS08,VVXA11,126068.0,USD,400,09/03/2015,315.17,USD,343.87
03/10/2012 08:20,LQREHLTZ40450852,Stocks,LBKT00,QLCE04,48321.0,USD,700,10/05/2013,69.03,USD,82.79
03/10/2012 08:20,GJIJLFRM39986814,Atium Bars,FGVK43,YTAI13,769090.0,USD,7000,10/05/2014,109.87,USD,112.34
03/10/2012 08:20,BQOESIRD36274295,Books of Cagliostro,YCZA59,MSHS03,14283200.0,USD,80000,13/12/2017,178.54,USD,203.26
03/10/2012 08:20,DVCYBBEJ27013756,Stocks,CMOI26,OCQF34,129447.0,USD,900,27/03/2015,143.83,USD,165.5
03/10/2012 08:21,YUYLZDMP63482045,Stocks,HPTP65,NCYN50,3945787.94,COP,4000,26/09/2014,12.46,USD,1076.92
03/10/2012 08:21,YWRHTIAV19163436,Stocks,CQPJ57,KKGY69,89501724.0,SGD,90000,27/05/2016,135.2,USD,1069.03
03/10/2012 08:21,NQGACYPT17766396,Stocks,HSWX88,MFJJ99,167281.69,SOS,900,20/09/2016,479.83,SRD,202.13
03/10/2012 08:21,TAVEPSXX07689669,Keys of the Ram,IZTD25,BBAX06,270280.0,USD,800,05/05/2014,337.85,USD,360.21
03/10/2012 08:21,UEJAAEXO48361336,Excalibers,YSSR29,UWUK72,11336.0,USD,400,26/09/2015,28.34,USD,31.88
03/10/2012 08:22,EIXVHCFG69809466,Protopacks,AWYB85,OKYS51,5086092.67,MWK,4000,30/04/2017,209.76,USD,1214.88
03/10/2012 08:22,MCMGRRUQ54402500,Iron Sands,RNZB01,YTAI13,8041800.0,USD,20000,14/09/2017,402.09,USD,344.66
03/10/2012 08:22,VYBGJEEC09438835,Gadgetrons,ZELV96,SHXQ48,72360.0,USD,3000,12/10/2016,24.12,USD,20.73
03/10/2012 08:22,LIHYBLXU16757941,Stocks,OKYS51,IIZF28,6552031.02,SDG,8000,06/09/2016,100.87,USD,719.83
03/10/2012 08:22,YHISOGAN06262782,Amulets of Reflection,DILF10,UHOG52,408201.03,SYP,1000,14/10/2015,92.55,USD,347.06
03/10/2012 08:22,XDLEFNFX28553649,Stocks,EKXA24,ZBIO05,6294.0,USD,300,13/07/2017,25.98,NOK,20.91
03/10/2012 08:23,EZDLTIIO17196463,Stocks,AHMZ79,JCWS17,1250267.76,LKR,4000,21/10/2015,207.3,USD,292.63
03/10/2012 08:23,XIFNVCOB14788092,Stocks,GIWG34,NFAH30,263493.0,USD,900,31/12/2017,292.77,USD,268.86
03/10/2012 08:23,KRCAHZTT38040640,Stocks,KEVJ11,TQSJ85,43620116.48,LBP,20000,18/06/2014,209.92,USD,1992.75
03/10/2012 08:24,TATHJNQD23734049,Stocks,SMYT95,DILF10,1718910.0,USD,9000,29/09/2017,190.99,USD,209.01
03/10/2012 08:24,STEXRSUE54652412,Stocks,JCWS17,AYIH50,19732.35,BAM,400,30/04/2017,787.55,GIP,45.95
03/10/2012 08:25,RYEYRWFX41917787,Rings of Aggravate Monster,FYYD57,TVQQ54,6116126.94,SBD,3000,21/07/2013,220.37,USD,1880.91
03/10/2012 08:25,AZICQDWX86216437,Stocks,AMBT33,UFAY59,69108.0,USD,600,25/02/2014,115.18,USD,108.6
03/10/2012 08:25,FKTETOPN21107818,Stocks,VIMV38,CVMG22,792298.01,GBP,1000,15/01/2014,71.56,USD,834.24
03/10/2012 08:25,FNPLDVLJ62056497,Dragon Eggs,WIZJ73,YCZA59,4493520.0,USD,8000,12/06/2017,561.69,USD,592.18
03/10/2012 08:25,LYHVMLVD45634961,Stocks,MRAH32,EPZN28,82200.0,USD,2000,25/12/2014,41.1,USD,45.58
03/10/2012 08:26,HPXRKNLF35024225,Mirrors of Hope,EKXA24,QLCE04,606384.0,USD,900,25/05/2014,4816.78,BYR,726.83
03/10/2012 08:26,TUCPYEUN39186143,Stocks,GIWG34,ZMLP81,36000.0,USD,900,06/01/2015,40.0,USD,43.1
03/10/2012 08:26,IBAPKLXM99598583,Red Jewelled Brooches,HFLM11,YOQG45,16044.0,USD,300,25/08/2013,53.48,USD,60.69
03/10/2012 08:26,VNWTYTSL31458255,Rings of Conflict,HWHS51,KUWI70,652980.0,USD,3000,22/04/2015,217.66,USD,235.24
03/10/2012 08:26,NPHSVDUV34986958,Amulets of Strangulation,IBLA29,ERHJ34,3785200.0,USD,40000,20/07/2014,94.63,USD,84.97
03/10/2012 08:26,LPRAYQXL66647903,Stocks,SFZS08,INIL60,423639.6,SOS,5000,18/06/2014,31.8,USD,73.76
03/10/2012 08:27,UWAIEQQK08420048,Palantiris,KKGI60,GIWG34,2221650.0,USD,5000,23/06/2015,444.33,USD,504.96
03/10/2012 08:27,STIZGTGC84590723,Stocks,YWMD69,EIWJ22,381250.0,USD,5000,01/04/2017,76.25,USD,65.46
03/10/2012 08:27,SYXJNAJH45912525,Bold Hunter's Marks,DNIL23,MFJJ99,844470.0,USD,9000,18/03/2013,93.83,USD,86.86
03/10/2012 08:27,EHJEHJWQ31692899,Pulse Rifles,QMZU44,PKBF70,152937.81,PKR,600,22/09/2016,29.37,USD,272.52
03/10/2012 08:28,LMYXDQVK94107758,Arm Nanoblades,MFJJ99,OHKH76,39861900.0,USD,90000,26/04/2017,442.91,USD,353.26
03/10/2012 08:28,LFDUVMEN58099003,Platinum Bolts,SXHU74,GYWU23,169570.0,USD,1000,06/01/2016,169.57,USD,164.67
03/10/2012 08:28,DOXXNEXJ79801875,Don Gero Masks,DGTY64,TFLS35,658770.0,USD,3000,28/02/2014,219.59,USD,197.14
03/10/2012 08:28,FEXMZDVK77147400,Stocks,JZTC69,ESPL27,651288.96,JOD,4000,16/02/2016,60.9,USD,192.43
03/10/2012 08:28,ROELNIUK57989795,Stocks,QLCE04,DOGG07,18612.0,USD,600,04/12/2017,31.02,USD,32.65
03/10/2012 08:29,PDLLRPZQ31448096,Stocks,HWHS51,PNFK78,816950.0,USD,5000,18/11/2014,163.39,USD,149.57
03/10/2012 08:30,LOXBXJGZ79122048,Tarkartan Blades,SFEO61,WHPS18,556440.0,USD,4000,29/04/2014,139.11,USD,127.14
03/10/2012 08:30,BVYHTUYL93312676,Stocks,CVMG22,SBUT62,322980.0,USD,6000,03/04/2013,1470.13,UAH,60.44
03/10/2012 08:31,YMOHHJKL81585497,Stocks,BDBU00,JVHD93,2340.0,USD,400,05/03/2015,5.85,USD,5.28
03/10/2012 08:32,BJCCICKY03132238,Helms of Opposite Alignment,UEVD88,EMNK67,10569500.0,USD,50000,18/11/2014,211.39,USD,235.14
03/10/2012 08:33,QUEWMCDZ36724304,Stocks,JXGF57,IIZF28,38781892.38,AMD,30000,27/12/2017,100.87,USD,1233.8
03/10/2012 08:33,IKLFHZZZ80794756,Hexagonal Crystals,HSWX88,BBJG05,11265500.0,USD,50000,20/05/2015,225.31,USD,216.24
03/10/2012 08:33,LMIUFRVQ27076497,Radioactive Spiders,VPTI00,RJCA92,41094.0,USD,100,29/10/2017,410.94,USD,345.06
03/10/2012 08:33,UEWIEACD72578991,Stocks,OPET16,TFLS35,18576.0,USD,800,01/06/2015,23.22,USD,22.0
03/10/2012 08:33,WFKAOTHF76805000,Stocks,MEOQ86,CQPJ57,4060000.0,USD,70000,06/07/2015,58.0,USD,49.07
03/10/2012 08:33,UUVBPLGQ81064306,Stocks,MSHS03,ZMLP81,24000.0,USD,600,06/06/2017,40.0,USD,32.72
03/10/2012 08:34,IRQHAYFL18193353,Red Orbs,DREA89,CUVZ50,1438400.0,USD,4000,11/07/2017,359.6,USD,403.41
03/10/2012 08:35,MEOSUKSK33915741,Stocks,ZDAI73,QODV38,93344.0,USD,800,29/06/2016,116.68,USD,125.07
03/10/2012 08:35,BDVUSFLE65721502,Stocks,QXFF29,AMRO66,2839500.0,USD,50000,24/06/2017,56.79,USD,52.91
03/10/2012 08:35,PTHQTYND48205779,Romulan Ale,OQXV70,SMYT95,146060.0,MRO,500,19/12/2013,107.2,USD,252.47
03/10/2012 08:36,UCIXRHMZ76909231,Stocks,HWJF09,OHKH76,19540.51,FKP,100,13/09/2016,26.07,USD,219.36
03/10/2012 08:36,RLEEIHIF09666503,Stocks,YCZA59,UACN81,89160.0,USD,6000,20/12/2015,14.86,USD,15.91
03/10/2012 08:36,QBQRSDCS84604267,Rings of Free Action,QXFF29,QOKP03,1077000.0,USD,4000,28/02/2016,943.83,HUF,246.16
03/10/2012 08:36,VGSEPVAX16760070,Stocks,IZTD25,LKPN86,52713.0,USD,900,22/06/2014,58.57,USD,62.18
03/10/2012 08:37,XQJPSRXJ26052972,Stocks,MFZY76,MEOQ86,13269.87,BTN,300,18/08/2017,6.22,USD,46.69
03/10/2012 08:37,JKEGNXVZ16713640,Smooth Rocks,QOKP03,VXSM31,283880.0,USD,800,02/10/2015,1409.75,MKD,397.35
03/10/2012 08:37,JKXXGAUH19241674,Great One's Wisdoms,SEKK26,QHXJ50,2442060.0,USD,9000,13/02/2014,271.34,USD,245.82
03/10/2012 08:38,NQLDVYWV55426267,Sonic Screwdrivers,GSTD71,PVAZ61,11906000.0,USD,50000,07/03/2016,238.12,USD,220.25
03/10/2012 08:38,JHXGCGIZ59754815,Stocks,DILF10,JZTC69,1982100.0,USD,10000,29/11/2015,824.38,LRD,211.64
03/10/2012 08:39,LOKAYYIQ76860206,Holy Bones,TBVE46,IIZF28,3035070.0,USD,9000,03/06/2017,337.23,USD,309.51
03/10/2012 08:39,FLCYOLWA78996169,Red Jewelled Brooches,UFAY59,YOQG45,1604400.0,USD,30000,28/03/2015,53.48,USD,60.48
03/10/2012 08:39,YEIWBCQR35659404,Helms of Telepathy,QMZU44,MEOQ86,10985.0,USD,500,09/01/2016,21.97,USD,19.09
03/10/2012 08:40,DKHDXPMW60660338,Stocks,QLCE04,VKMV12,42705.0,USD,500,02/01/2015,85.41,USD,79.32
03/10/2012 08:40,FJNFEYYC36139030,Stocks,EDYH00,MSHS03,1124061.64,LBP,1000,06/10/2017,108.19,USD,1240.35
03/10/2012 08:41,KZNJQPNS53967034,Dire Rat Tails,DVVB31,QXFF29,374634.0,USD,600,10/12/2016,624.39,USD,498.7
03/10/2012 08:41,WLCJHIMK81083720,Blasting Rods,HWJF09,CUVZ50,20930.0,USD,100,11/08/2016,209.3,USD,216.42
03/10/2012 08:41,CLYJDRMI25212245,Pokedexes,ISWT83,HXDA52,437268.13,HKD,600,24/05/2015,161.89,USD,697.86
03/10/2012 08:41,SWJXPXWM51652594,Stocks,VVXA11,IIZF28,10087.0,USD,100,12/10/2014,100.87,USD,87.06
03/10/2012 08:42,KHZWLYMU94088072,Stocks,DREA89,EWUY52,364920.0,USD,2000,19/12/2014,182.46,USD,151.04
03/10/2012 08:43,QNXEJEYU38719781,Stocks,ZVEN26,JVHD93,8190.06,ZWD,300,24/04/2015,5.85,USD,24.08
03/10/2012 08:43,UIJOEPFR03793581,Stocks,GZED20,EPZN28,4110.0,USD,100,07/11/2013,282.7,SRD,38.36
03/10/2012 08:43,HIFVNUYZ55448781,Stocks,ZSXF19,DGTY64,3294.0,USD,200,09/07/2016,16.47,USD,19.1
03/10/2012 08:43,IBFISAWL75211672,Amulets of Shinnok,AWYB85,VTKE98,274160.0,USD,8000,29/06/2017,34.27,USD,32.52
03/10/2012 08:45,CAPBHLTZ00646671,Stocks,ZVEN26,PQSW95,878800.0,USD,40000,07/09/2014,21.97,USD,17.6
03/10/2012 08:45,YKESTKWZ40181921,Stocks,DBCS17,QCRG59,34218.0,USD,200,01/08/2016,171.09,USD,139.88
03/10/2012 08:46,LHGQKNFW82578379,Stocks,CAVR54,UWUK72,473560.0,USD,4000,28/09/2015,248.82,NZD,119.72
03/10/2012 08:46,JFMTONRW74499327,Omnigaskets,SUOX82,CBOX52,1865200.0,USD,5000,11/03/2016,373.04,USD,333.44
03/10/2012 08:46,JKEAIOTM97590990,Stocks,KRXZ15,AGBH66,41063.18,BND,800,02/03/2015,140.09,USD,44.64
03/10/2012 08:47,UMBQTYUV78187004,Stocks,QXFF29,ZBIO05,10490.0,USD,500,24/08/2015,20.98,USD,22.49
03/10/2012 08:47,DJRDUHVK24466662,Stocks,BBJG05,AHMZ79,239373.02,NAD,600,31/12/2017,154.12,USD,449.22
03/10/2012 08:47,VLETVYKW42784370,Venom Canisters,ZXVX98,DOGG07,12327300.0,USD,90000,12/06/2013,136.97,USD,139.8
03/10/2012 08:48,IGSCHVWB71775181,Stocks,FJOI82,VGYT30,11438400.0,USD,80000,02/10/2015,142.98,USD,144.97
03/10/2012 08:48,JPIXSPFD41015099,Fumbles,UACN81,JXGF57,8893200.0,USD,30000,08/02/2014,296.44,USD,314.05
03/10/2012 08:49,YDDMVTCO70704242,Water Tablets,SFEO61,CVMG22,3581877.66,AWG,4000,02/08/2015,93.91,USD,765.53
03/10/2012 08:49,FJWDQRRV98324809,Stocks,LKPN86,XRBV61,59634.0,USD,300,18/12/2013,198.78,USD,175.01
03/10/2012 08:49,NCQBTBCQ74030808,Ogyo Disks,LIJW00,VVBY18,2655360.0,USD,8000,12/06/2017,2012.03,MWK,374.74
03/10/2012 08:49,TJDCJLYI89707792,Stocks,MFZY76,KRXZ15,25050.0,USD,100,30/07/2017,250.5,USD,259.57
03/10/2012 08:49,ALJNDAQA72858469,Magic Harps,TQSJ85,LIJW00,58518086.88,FKP,80000,03/07/2017,97.59,USD,650.22
03/10/2012 08:50,MFRTVRSB37239809,Stocks,HYSJ42,WVHK10,4805247.69,COP,600,13/08/2013,101.16,USD,7553.29
03/10/2012 08:50,JDXOAWCF27738719,Stocks,KKGY69,OHKH76,2346300.0,USD,90000,14/12/2015,26.07,USD,28.19
03/10/2012 08:50,PJQRCVFC59957804,Stocks,SBUT62,KKZA87,36675.0,USD,900,26/06/2016,40.75,USD,46.4
03/10/2012 08:51,YPYOVATR03303909,Stocks,VKMV12,NCYN50,996800.0,USD,80000,15/07/2017,12.46,USD,13.46
03/10/2012 08:52,QGTHZAHC61750230,HALs,SUOX82,WYFO79,15496200.0,USD,20000,06/06/2017,774.81,USD,665.39
03/10/2012 08:52,JVDAZGBZ40584676,Stocks,SHXQ48,XRBV61,99390.0,USD,500,13/06/2014,198.78,USD,230.96
03/10/2012 08:52,AANQGVUQ93004644,Golden Ink Pots,OQXV70,ZXVX98,735719.39,QAR,500,27/04/2015,401.09,USD,1761.56
03/10/2012 08:53,BCNZBQTV32590028,Samehadas,SUOX82,ZMLP81,196038.0,USD,900,27/10/2013,217.82,USD,176.26
03/10/2012 08:54,MXRSDFZN98560380,Big Roots,ORQH73,MFZY76,173670.0,USD,600,05/01/2014,289.45,USD,303.57
03/10/2012 08:54,XMIJMEGR55679037,Teeth of the Dragon,MSHS03,HWJF09,3914791.32,SRD,900,27/04/2014,632.39,USD,4700.39
03/10/2012 08:54,WVEUPUPW81507366,Symbiotes,YOQG45,KKGI60,161730.0,USD,900,24/11/2013,179.7,USD,172.77
03/10/2012 08:55,KQKXTIUU19583474,Stocks,SMYT95,YLGZ72,29413390.8,YER,50000,09/02/2017,4638.9,MUR,484.02
03/10/2012 08:55,MYMLKEQQ18968779,Kamidogus,KUWI70,EWUY52,790500.0,USD,6000,11/01/2013,131.75,USD,115.45
03/10/2012 08:55,RWZQXJWT31928869,Stocks,BMRZ75,QLMY86,171976.0,USD,800,28/10/2013,214.97,USD,220.27
03/10/2012 08:56,IPYAVVWE93916816,Stocks,QOKP03,BBAX06,164750.0,USD,5000,04/09/2016,32.95,USD,39.27
03/10/2012 08:57,VQJGPOBP69298738,Stocks,MDEQ10,AHMZ79,6405042.26,LBP,4000,16/01/2016,154.12,USD,1460.56
03/10/2012 08:57,JAHNPLAH21190585,Stocks,XRBV61,RFZG50,54792.0,USD,900,09/04/2017,60.88,USD,65.42
03/10/2012 08:57,UOFFWMPO86219315,Luckstones,GIWG34,VKMV12,41638.0,USD,200,26/11/2017,208.19,USD,241.0
03/10/2012 08:57,YYOWALMB71598110,Stocks,SFEO61,ITTS26,490770.0,USD,3000,06/05/2017,163.59,USD,141.35
03/10/2012 08:58,KFOMUKHX29945444,Stocks,RJUD59,TBVE46,10265.05,PLN,400,25/10/2017,135.28,USD,29.86
03/10/2012 08:58,KWXPCYEW20602910,Stocks,KTLA69,VVXA11,33618364.46,RUB,6000,24/10/2013,315.17,USD,5206.16
03/10/2012 08:58,MIHYOCIN40937907,Shields of Reflection,QAZT26,CQPJ57,21273571.52,HUF,80000,28/10/2017,75.86,USD,229.6
03/10/2012 08:58,ALHOIBGY90292608,Ultrons,AGBH66,RDBE21,142884.0,USD,600,26/09/2013,238.14,USD,241.85
03/10/2012 08:59,IVFYCJKW64839456,Stocks,FGQR22,LIJW00,732436.78,CRC,5000,15/11/2016,127.58,USD,166.55
03/10/2012 09:00,EAUKSHTI29315044,Cranium Inflolinks,QETH27,ZVEN26,98994.0,USD,700,25/06/2016,141.42,USD,152.89
03/10/2012 09:00,QZUBVLSY92365861,Ultra Nanotech,OPZI26,KKGY69,5782.0,USD,100,05/08/2016,57.82,USD,63.23
03/10/2012 09:00,NYSEVWKJ26769864,Stocks,RDBE21,VVBY18,2209833.31,MDL,8000,16/10/2013,39.08,USD,279.52
03/10/2012 09:00,IMKIEUNH05380134,Stocks,YLGZ72,UEVD88,75120.0,USD,300,13/02/2014,250.4,USD,279.89
03/10/2012 09:01,GWAKMNRR14975504,Cloaks of Levitation,KTLA69,NFAH30,17062330.53,GNF,300,02/12/2017,506.7,CRC,68681.23
03/10/2012 09:02,FAKVKRAS00822911,Stocks,ESPL27,IZTD25,909384.29,SBD,900,09/06/2015,109.22,USD,1094.33
03/10/2012 09:02,UVIBQSVT19801809,White Gold Rings,MFZY76,SXHU74,328248.73,DZD,1000,04/03/2017,96.78,USD,326.83
03/10/2012 09:02,KDVHLKIT59227506,Stocks,IIZF28,JVHD93,479302.78,UAH,3000,15/07/2016,5.85,USD,169.65
03/10/2012 09:02,YIKPSJCW17294989,Stocks,NCCX02,DNIL23,164192.0,USD,800,04/10/2014,719.45,HUF,241.67
03/10/2012 09:02,SEJWUABB99157057,Dragon Scale Mail,TVQQ54,CAVR54,326272.0,USD,800,05/10/2014,530.19,NPR,470.97
03/10/2012 09:02,PHOHQGRD40370880,Toxic Orbs,MDEQ10,QXFF29,1329000.0,USD,60000,09/11/2017,22.15,USD,19.62
03/10/2012 09:02,EFTLLRMU64646535,Vestiges,OCQF34,SZRJ90,19293346.68,ILS,6000,10/09/2013,381.8,USD,3474.34
03/10/2012 09:03,NBJSQMJV73031170,Terondais,SBUT62,QXFF29,9287600.0,USD,40000,18/03/2015,232.19,USD,199.82
03/10/2012 09:03,ZGJSPIOB37856093,Vesper,QXFF29,VXSM31,1052277.08,RWF,400,18/03/2014,389.79,USD,2848.55
03/10/2012 09:03,PIJARUPL83226202,Stocks,RFZG50,GZED20,281049.67,BSD,200,28/04/2016,1764.91,TOP,1625.81
03/10/2012 09:04,RYASFCXS03882251,Stocks,ZMLP81,HWHS51,2080100.0,USD,10000,06/11/2016,208.01,USD,195.97
03/10/2012 09:04,RTDANZQC11969873,Magic Harps,EPZN28,LIJW00,780720.0,USD,8000,17/01/2013,97.59,USD,101.64
03/10/2012 09:04,DBWNNOEW21830374,Stocks,TRFG21,KKGI60,122624.0,USD,800,09/09/2016,153.28,USD,168.2
03/10/2012 09:04,PLNPCYZX60526371,Hare Disks,IZLM67,LIIS96,26355.0,USD,100,08/03/2014,263.55,USD,281.05
03/10/2012 09:04,JCOWXGEP61515159,Hi-Potions,FDWI64,PKBF70,27278.72,BGN,1000,01/05/2016,271.43,USD,23.86
03/10/2012 09:04,KFMIHNEI01638850,Fridays,JZTC69,SEKK26,17784.0,USD,200,20/11/2014,186.88,NZD,104.27
03/10/2012 09:05,DWCHRLTK15867392,Stocks,AGBH66,MYXF05,57480.0,USD,4000,07/04/2017,14.37,USD,16.0
03/10/2012 09:05,VQDWBGZL65908615,Stocks,FAWI50,KRRO64,1029000.0,USD,4000,13/12/2015,257.25,USD,241.74
03/10/2012 09:05,SMYTZEAR56083067,Stocks,IZTD25,AWYB85,7493521.73,ETB,6000,21/04/2013,124.48,USD,1180.16
03/10/2012 09:05,BBXJGXKA48447986,Stocks,HWJF09,AMBT33,7950.0,USD,500,26/10/2013,15.9,USD,14.7
03/10/2012 09:06,VGNWNJSL29303421,Platinum Bolts,SZRJ90,GYWU23,6782800.0,USD,40000,27/10/2016,169.57,USD,160.31
03/10/2012 09:06,IDKGDXSW59497727,Power Herbs,ZELV96,SFZS08,147582.0,USD,900,30/12/2014,163.98,USD,181.15
03/10/2012 09:06,IOHDWSCM54627830,Stocks,DJNE62,YCZA59,55950.0,USD,600,07/06/2016,93.25,USD,73.54
03/10/2012 09:06,JIXNLBQO11815977,Red Cards,ZVEN26,JVHD93,334320.0,USD,800,25/08/2014,417.9,USD,444.96
03/10/2012 09:06,UOHFCWUP09214745,Spyders,UHOG52,ZDAI73,30664.0,USD,200,13/02/2016,1714.35,AFN,144.05
03/10/2012 09:07,XZWMIWHB81851550,Stocks,OPZI26,PIFN94,43015.0,USD,100,21/01/2016,430.15,USD,374.66
03/10/2012 09:07,QQLZYDLZ24113580,Death Notes,UEVD88,FJOI82,862213.6,TND,400,10/01/2013,1857.61,ZMK,2115.15
03/10/2012 09:08,SLWCKAIZ68460592,Stocks,LIIS96,AYIH50,59795.0,USD,500,25/01/2017,119.59,USD,136.37
03/10/2012 09:08,GCGTXPWF04652048,Radioactive Spiders,LWGE44,RJCA92,60227.37,BND,400,29/10/2013,410.94,USD,129.11
03/10/2012 09:08,IBWVQOES33874492,Stocks,KRXZ15,YCZA59,652750.0,USD,7000,22/09/2014,697.17,DOP,81.7
03/10/2012 09:08,SDCISLJG82617496,Stocks,HHOA99,CVMG22,143120.0,USD,2000,31/05/2014,71.56,USD,72.47
03/10/2012 09:09,SFQBAHQA18771732,Stocks,OKYS51,HHFP66,8462000.0,USD,50000,04/12/2016,169.24,USD,184.46
03/10/2012 09:09,BFHPKQXS81520039,Rings of Searching,WHPS18,IZLM67,210042.38,RWF,900,21/12/2013,34.58,USD,263.34
03/10/2012 09:09,ZCAPZAXQ74761677,B-4s,QLMY86,ESPL27,1061700.0,USD,30000,24/07/2014,35.39,USD,31.72
03/10/2012 09:09,LILNYMRG16957204,Wrath Hammers,WVEI17,IBLA29,17367.0,USD,700,18/05/2017,24.81,USD,21.79
03/10/2012 09:09,YLOJPTUE70175805,Stocks,VAHJ53,GSTD71,9094.0,USD,100,24/03/2013,90.94,USD,73.74
03/10/2012 09:10,ELEVJQGE64178516,Stocks,QBAP68,UEVD88,125200.0,USD,500,15/05/2016,250.4,USD,291.23
03/10/2012 09:10,JGNBJWOF93483431,Ithildins,CAVR54,ZXVX98,216300.0,USD,700,26/09/2015,309.0,USD,362.49
03/10/2012 09:10,CCQHMDPC54256475,Stocks,YWMD69,KEVJ11,2526.0,USD,200,27/12/2013,12.63,USD,10.96
03/10/2012 09:10,TESKYLIJ33744374,Stocks,VAHJ53,EWUY52,1642140.0,USD,9000,25/04/2016,182.46,USD,199.72
03/10/2012 09:10,GBPAMTMJ55796115,Stocks,XHYN07,KTLA69,49500.0,USD,400,05/08/2015,123.75,USD,140.68
03/10/2012 09:10,EUQCGSDW62576686,Stocks,PQSW95,AMBT33,11130.0,USD,700,10/05/2014,15.9,USD,18.08
03/10/2012 09:10,KRZQRNMQ68927212,DigiBytes,LIJW00,PBFW95,1402100.0,USD,5000,05/06/2017,280.42,USD,327.87
03/10/2012 09:10,COQDFFDE97467190,Stocks,CBOX52,XRBV61,795120.0,USD,4000,09/06/2017,198.78,USD,213.44
03/10/2012 09:11,RBIKGRJV44383479,Gold Pendants,NCXS33,NQJL85,1675350.0,USD,3000,19/05/2013,558.45,USD,507.91
03/10/2012 09:11,FKUTDZJC98288184,Stocks,GZED20,IZTD25,6553200.0,USD,60000,09/12/2016,109.22,USD,103.23
03/10/2012 09:11,DDNUTYAB06083508,L-Viruses,IIZF28,MHFC34,1057980.0,USD,7000,13/12/2013,151.14,USD,162.1
03/10/2012 09:11,YKZGWHEJ62143934,Stocks,HPTP65,KTLA69,618750.0,USD,5000,21/09/2016,123.75,USD,134.82
03/10/2012 09:12,CNIMNCFM07630259,Stocks,YTAI13,SMYT95,32402.0,USD,200,09/09/2017,162.01,USD,192.3
03/10/2012 09:12,BOIQNHJI33339209,Otataral Bars,XRBV61,JZTC69,14945.0,USD,700,25/04/2015,21.35,USD,22.51
03/10/2012 09:12,YDCNXSKG50822736,Stocks,PVAZ61,SBUT62,21532.0,USD,400,14/07/2014,53.83,USD,62.09
03/10/2012 09:13,XMLLLOGK39263403,Stocks,IBLA29,FYYD57,81345.0,USD,500,03/10/2017,162.69,USD,170.84
03/10/2012 09:13,RFPYLZQC43119514,Magic Whistles,HHOA99,PJKH65,15310706.6,KHR,40000,27/08/2013,158.45,USD,413.12
03/10/2012 09:13,CCQHWRDY26961349,Muscle Bands,IIZF28,EDYH00,20084443.01,IRR,6000,12/06/2017,271.52,USD,3922.7
03/10/2012 09:13,VIRSLOYG67061617,Wings of Icarus,YOQG45,CVMG22,4336400.0,USD,40000,10/05/2013,108.41,USD,96.17
03/10/2012 09:13,GYAFFHZC46506214,Stocks,EPZN28,YCZA59,27975.0,USD,300,25/06/2015,93.25,USD,93.38
03/10/2012 09:13,JHIGMJKN43385808,Stocks,BBAX06,QOKP03,827835.82,XOF,400,05/03/2013,343.7,USD,2449.36
03/10/2012 09:14,GLPRRQFB52906412,PROBLEMs,TYAE14,CMZC67,1669250.0,USD,5000,27/02/2017,333.85,USD,294.76
03/10/2012 09:14,MQAWKPFE03636709,King Rocks,KKZA87,AYIH50,1025771.65,CNY,500,24/05/2017,2862.51,DJF,1838.45
03/10/2012 09:14,ATCLOMEX57174923,Stocks,BBJG05,EKXA24,28040.0,USD,400,22/01/2015,70.1,USD,64.18
03/10/2012 09:15,LWIVSEFS08005434,Rapids,ITTS26,KEVJ11,419717.19,QAR,800,21/10/2016,143.01,USD,553.95
03/10/2012 09:15,PPVQNQQA19736951,Stocks,UIKN63,VKMV12,42705.0,USD,500,22/06/2015,85.41,USD,98.74
03/10/2012 09:15,FDALSTWO49439814,Amulets Versus Poison,ESPL27,PJKH65,48090.0,USD,700,13/04/2015,68.7,USD,75.94
03/10/2012 09:15,FQCIMIJX07615926,Protopacks,KKGY69,OKYS51,419520.0,USD,2000,20/03/2014,209.76,USD,232.8
03/10/2012 09:15,INCKIWWN06816191,Zelo Nuts,FTFI87,NCXS33,198092.43,BHD,500,14/09/2014,113.06,USD,396.96
03/10/2012 09:16,PFUUDGVC41557259,Digivices,TQSJ85,HWJF09,255451.64,BYR,400,23/02/2013,89.33,USD,595.08
03/10/2012 09:16,NFTWIPEC05244413,Stocks,PNFK78,RJUD59,2732.0,USD,200,16/09/2016,13.66,USD,14.74
03/10/2012 09:17,WSDXYIDH39822818,Hurtloam,WYFO79,DVVB31,203448.0,USD,700,10/08/2014,290.64,USD,332.74
03/10/2012 09:18,SJKWBOUH71696326,Stocks,DILF10,OQXV70,5240.0,USD,800,03/03/2016,6.55,USD,5.69
03/10/2012 09:18,ACBZOMIG04079552,Stocks,SHXQ48,TYAE14,227430.0,USD,3000,12/08/2016,75.81,USD,67.86
03/10/2012 09:18,KWVUJYMR08476930,Stocks,CQPJ57,MHFC34,311310.0,USD,3000,15/04/2013,103.77,USD,93.7
03/10/2012 09:18,LGPPGRQZ99869995,Stocks,LIJW00,ZNQA84,534500.0,USD,5000,16/04/2013,10890.98,HRK,115.62
03/10/2012 09:18,ABQYNOAK49400901,Smooth Rocks,PVAZ61,VXSM31,354850.0,USD,1000,17/10/2015,354.85,USD,307.58
03/10/2012 09:19,KRVMSPGX16009537,Books of Vishanti,CAVR54,QAZT26,59592.0,USD,400,01/04/2017,148.98,USD,147.63
03/10/2012 09:19,ELLMHMZW55531649,Damp Rocks,RFZG50,YLGZ72,15528.0,USD,300,12/09/2014,51.76,USD,53.01
03/10/2012 09:21,MMLJZNOX90684548,Stocks,NXTO39,RDBE21,134000.0,USD,5000,04/04/2015,26.8,USD,29.38
03/10/2012 09:22,PSQLDVKO07239345,Stocks,LWGE44,KKGI60,459840.0,USD,3000,14/06/2015,153.28,USD,169.74
03/10/2012 09:22,WUDCSMGD17595949,Stocks,FGVK43,QOKP03,12232238.32,BOB,900,16/03/2016,2188.37,CNY,12816.53
03/10/2012 09:23,XHVHNRSC61878895,Treasure Mappers,SAAM06,EMNK67,1733963.36,FJD,1000,28/07/2014,180.64,USD,1922.02
03/10/2012 09:23,HWLHZAXV32667757,Stocks,INIL60,AWYB85,995840.0,USD,8000,31/01/2016,289.32,CUP,138.51
03/10/2012 09:23,PJQZBHEM64909367,Simarils,JVHD93,TVQQ54,407972.71,GTQ,7000,21/08/2013,104.88,USD,55.18
03/10/2012 09:23,YDMAFNDM40673170,Rings of Shock Resistance,TQSJ85,RQGG65,55736.0,USD,800,24/06/2017,69.67,USD,58.18
03/10/2012 09:23,LAUFENDK61820720,Feedbags,HNLV68,SUOX82,3645200.0,USD,40000,04/02/2013,91.13,USD,73.87
03/10/2012 09:23,ROVXIFOV42397089,Stocks,NCCX02,TYAE14,87509.0,BZD,200,05/01/2014,75.81,USD,461.63
03/10/2012 09:24,LWLRLYLC93763807,Simarils,VKMV12,TVQQ54,321070.19,CZK,700,29/05/2016,104.88,USD,468.81
03/10/2012 09:24,RYUHWGYG85768514,Stocks,VPTI00,KKGI60,3065600.0,USD,20000,28/05/2013,153.28,USD,157.13
03/10/2012 09:24,DXLKCFCC57805866,Fire Tablets,NXTO39,UIKN63,89600.0,USD,400,04/07/2014,224.0,USD,209.28
03/10/2012 09:25,WMNLVDIH80069829,Stocks,IZTD25,WYFO79,361610.03,MZN,800,23/05/2015,77.08,USD,506.95
03/10/2012 09:25,JJWDJOMZ75603566,Stocks,RQGG65,PJKH65,644990.92,SVC,8000,20/10/2016,18.55,USD,89.64
03/10/2012 09:25,VYSIYSQD09346489,V-Tamer Taags,ZVEN26,RDBE21,152559.94,AOA,200,23/04/2013,129.6,USD,672.14
03/10/2012 09:26,AJBZYYYK69457890,Stocks,IJPI82,SFEO61,1263.0,USD,300,27/04/2013,4.21,USD,3.76
03/10/2012 09:27,XGCFNMLB91495710,Absorb Bulbs,MYXF05,ITTS26,134088.0,USD,600,18/01/2013,223.48,USD,266.24
03/10/2012 09:27,SEBRZRAM98636351,Dunce Caps,OUNH49,HWJF09,98686.0,USD,700,06/06/2015,140.98,USD,156.66
03/10/2012 09:27,HKJXPZRD84191569,Magic Lamps,ZXVX98,JVHD93,25280.0,USD,800,29/08/2016,31.6,USD,34.82
03/10/2012 09:28,FJBQNXKY62732988,Wise Glasses,ORQH73,AYIH50,99732.0,USD,400,09/10/2015,249.33,USD,282.28
03/10/2012 09:28,GTGRUVGF54631672,Stocks,IJPI82,MFZY76,8037000.0,USD,60000,16/01/2017,133.95,USD,146.67
03/10/2012 09:28,RBQUHPFT25607707,Barrier Tags,LIIS96,TBVE46,31827600.0,USD,90000,13/10/2016,353.64,USD,349.26
03/10/2012 09:28,UXKVHILD02042973,Stocks,HXDA52,IIZF28,560534.59,GTQ,10000,19/05/2015,100.87,USD,62.69
03/10/2012 09:29,TXOSOHLH75924034,Muscle Bands,EWUY52,EDYH00,2172160.0,USD,8000,17/07/2017,271.52,USD,314.04
03/10/2012 09:30,GVWBZSVI12462684,Potions of Sickness,SFEO61,DREA89,1121500.0,USD,5000,09/03/2013,224.3,USD,209.49
03/10/2012 09:30,DWAQOLJS20066625,Tasters,ZELV96,MKHA46,1107321.09,ANG,300,16/12/2015,400.09,USD,3969.45
03/10/2012 09:30,HCJJZLIB97073156,Stocks,TYAE14,BDBU00,13053.0,USD,100,01/09/2017,130.53,USD,143.07
03/10/2012 09:31,UFXDGQFN62758332,Mjolnirs,OPET16,FORM54,61704.0,USD,100,16/02/2013,617.04,USD,721.87
03/10/2012 09:31,QNSPFQXH07446766,Quick Claws,PJKH65,INIL60,2901600.0,USD,40000,22/12/2016,72.54,USD,64.05
03/10/2012 09:31,ANOLGROS16464213,Alpha-Omega Bombs,MSHS03,SAAM06,429240.0,USD,800,08/09/2015,536.55,USD,533.29
03/10/2012 09:31,OUALEHKA96567656,Rings of Gain Strength,FTFI87,OQXV70,1424528.19,LSL,8000,08/06/2017,95.57,USD,192.98
03/10/2012 09:31,ABFTHILI91842563,Stocks,ZELV96,QHXJ50,68530.0,USD,700,17/06/2015,97.9,USD,105.56
03/10/2012 09:31,LCMJOMIK89924764,Stocks,OCQF34,YFAM59,68300.0,USD,1000,07/06/2017,68.3,USD,70.22
03/10/2012 09:31,SEGOGZLC16163101,Azath Houses,VIMV38,TFLS35,42061.32,NZD,100,03/04/2016,200.13,USD,418.81
03/10/2012 09:32,WCFUOSVY70294683,Stocks,CMZC67,RJUD59,40980.0,USD,3000,28/11/2017,13.66,USD,11.55
03/10/2012 09:32,PIOAMZDI71162828,Stocks,LBKT00,VESX21,98889.0,USD,700,22/11/2017,141.27,USD,131.2
03/10/2012 09:33,ZOCOKAUC99045423,Stocks,FTFI87,EIWJ22,68625.0,USD,900,16/12/2014,76.25,USD,69.13
03/10/2012 09:34,LWPDHHPV03685090,Stocks,GBEZ65,RJUD59,4098.0,USD,300,11/01/2013,13.66,USD,11.89
03/10/2012 09:34,VKZMUYYA18923635,Nuka-cola,SMYT95,VKMV12,19914.0,USD,600,20/08/2014,33.19,USD,26.96
03/10/2012 09:34,QWVYKBZU04772740,I-Suits,JVHD93,BBJG05,948581.12,ILS,200,05/06/2017,563.15,USD,4195.35
03/10/2012 09:35,CSEHXPDN72293606,Stocks,NFAH30,CMOI26,88548.0,USD,400,26/01/2017,221.37,USD,258.2
03/10/2012 09:35,HVLXPLFC33000360,Stocks,MDEQ10,XRBV61,198780.0,USD,1000,21/06/2015,198.78,USD,211.88
03/10/2012 09:35,DIGMFOXA18652889,Berserk Genes,KKZA87,CVMG22,70739.29,BHD,300,12/03/2015,67.29,USD,214.58
03/10/2012 09:36,VBEMUIYT44753524,Binding Bands,UIKN63,MRAH32,1716190.0,USD,7000,30/07/2016,245.17,USD,221.27
03/10/2012 09:36,ZDXOBUFR68113954,Stocks,PJKH65,VVBY18,19540.0,USD,500,23/08/2015,39.08,USD,42.95
03/10/2012 09:37,BQIZMTZF62817208,Hand Lanterns,HHOA99,CIXF70,215376.0,USD,400,14/06/2016,538.44,USD,473.27
03/10/2012 09:37,FPBGUAGY71559133,Energon Cubes,OHKH76,VESX21,309834.0,USD,600,16/12/2017,516.39,USD,476.33
03/10/2012 09:38,VMMZIBXT02354448,Stocks,YCZA59,FAWI50,2223068.33,COP,100,15/10/2017,410.7,RON,26256.85
03/10/2012 09:38,OVANARKA34052608,Cerebros,JCWS17,AMRO66,213102.0,USD,600,25/02/2013,355.17,USD,366.48
03/10/2012 09:38,QAQTKEOG35582980,Ambrosia,HFLM11,FGVK43,27864298.0,AFN,40000,22/05/2013,62.3,USD,565.34
03/10/2012 09:38,DYNWTKHV07123753,Stocks,FJOI82,HHOA99,5592.0,USD,400,16/03/2017,13.98,USD,15.55
03/10/2012 09:38,NABNBRKI14100027,Stocks,BDBU00,MRAH32,31950.0,USD,300,11/09/2017,106.5,USD,94.59
03/10/2012 09:39,JFFWLEXT01188531,Electric Seeds,SFEO61,EIWJ22,4950158.34,STD,3000,27/11/2014,292.63,USD,1405.18
03/10/2012 09:39,SZZBXMVX76629240,Ruby Slippers,JXGF57,FYYD57,259000.0,USD,5000,01/12/2014,51.8,USD,46.08
03/10/2012 09:40,QXWVRQMO70597455,Stocks,EIWJ22,DOGG07,27918.0,USD,900,09/06/2016,31.02,USD,33.6
03/10/2012 09:40,PXZLSJMZ34231289,Stocks,JVHD93,AYIH50,95939.88,SHP,200,10/11/2013,119.59,USD,534.97
03/10/2012 09:40,USBCWGFC71463170,Stocks,KKGI60,VIMV38,23878769.18,KMF,20000,04/10/2016,761.69,SZL,1265.88
03/10/2012 09:40,CVHPNSWO79173953,Stocks,OKYS51,SFEO61,12386.66,SGD,400,18/10/2014,4.21,USD,35.3
03/10/2012 09:40,TWTEFJXI60314076,Stocks,YTAI13,VTKE98,447160.0,USD,7000,10/10/2014,63.88,USD,70.6
03/10/2012 09:40,XPNUAQKY47093257,Stocks,CUVZ50,PNFK78,1143730.0,USD,7000,29/01/2014,163.39,USD,119.49
03/10/2012 09:41,JSRGVEUB06181727,Stocks,UHOG52,EDYH00,30084.0,USD,400,03/12/2017,75.21,USD,65.36
03/10/2012 09:42,SJYXJLLX74601142,Stocks,BBAX06,TGZI54,3106600.0,USD,10000,02/11/2014,310.66,USD,339.31
03/10/2012 09:43,AHWXLVYX65191423,Stocks,RLZK87,BBAX06,98850.0,USD,3000,17/04/2015,32.95,USD,34.88
03/10/2012 09:44,JGQPQNHR69538471,Duff,TBVE46,WIZJ73,1200222.55,VND,700,04/10/2017,272.54,USD,1522.09
03/10/2012 09:45,RIJPKRMW17980257,Stocks,ZSXF19,CQPJ57,3591516.6,KMF,9000,12/08/2017,58.0,USD,439.03
03/10/2012 09:45,FPJFVAVD48157576,Rings of Levitation,QODV38,VGYT30,10575321.12,LAK,8000,01/11/2015,308.7,USD,1504.25
03/10/2012 09:45,TRVPHBVA91107009,Stocks,DREA89,QBAP68,11327.22,KHR,300,13/04/2013,15.63,USD,31.3
03/10/2012 09:46,WHTOGHSF64298473,Stocks,FDWI64,TRFG21,2808.0,USD,900,04/11/2016,3.12,USD,2.6
03/10/2012 09:46,LHAYHEPS58897694,Razor Fangs,SUOX82,YSSR29,472897.48,ZMK,5000,08/08/2016,29.82,DKK,80.72
03/10/2012 09:46,XGWHBGSW96009054,Vagyrisk Claws,RJCA92,SHXQ48,22680.0,USD,600,11/08/2016,3851.07,HRK,32.7
03/10/2012 09:47,QATRVMYD83715230,Stocks,INIL60,LIIS96,98462.0,USD,700,19/06/2014,140.66,USD,130.72
03/10/2012 09:47,DTWAPSDE47919653,Stocks,HPTP65,ERHJ34,5086600.0,USD,20000,01/01/2016,254.33,USD,293.74
03/10/2012 09:47,ZXJDAJSX44873413,Stocks,PIFN94,UEVD88,12520000.0,USD,50000,02/12/2013,250.4,USD,215.74
03/10/2012 09:47,EZVKMUNE20567676,Stocks,QBVN33,RJUD59,6270185.88,KYD,60000,08/05/2013,13.66,USD,121.59
03/10/2012 09:47,HTSWTUPP47992870,Stocks,VVXA11,YSSR29,41664.0,USD,800,09/03/2013,52.08,USD,48.8
03/10/2012 09:48,MRVTSORV92882887,Stocks,QETH27,ZFHD93,6421100.0,USD,70000,06/01/2016,91.73,USD,103.56
03/10/2012 09:49,RADUITMR16270711,Stocks,FAWI50,MFJJ99,49705527.74,COP,9000,05/01/2013,69.76,USD,5884.91
03/10/2012 09:49,UGJOTLOQ97169180,Stocks,KRRO64,MKHA46,4113106.0,XOF,3000,26/01/2016,227.69,USD,1275.53
03/10/2012 09:49,FSPQSWHN26757349,Stocks,TVQQ54,CQPJ57,2463936.28,TWD,100,07/10/2014,58.0,USD,21161.06
03/10/2012 09:49,OCRAGAUD00005668,Stocks,MRAH32,SFZS08,575100.0,USD,3000,24/05/2017,191.7,USD,193.22
03/10/2012 09:49,DAGAWNHB70548092,Stocks,SRYE59,AMBT33,552849.36,SVC,8000,18/10/2017,15.9,USD,60.8
03/10/2012 09:50,OOSYSUKJ86538601,Stocks,HXDA52,MFZY76,803700.0,USD,6000,28/02/2015,133.95,USD,121.14
03/10/2012 09:50,FUDBOYDY04954737,Treasure Mappers,QETH27,EMNK67,126448.0,USD,700,16/03/2015,180.64,USD,198.5
03/10/2012 09:50,VKRGKUMK81749520,Stocks,KKGI60,QLCE04,483210.0,USD,7000,25/06/2016,69.03,USD,79.74
03/10/2012 09:50,XKEIJDIR62842057,Stocks,NXTO39,MRAH32,31950.0,USD,300,18/04/2016,106.5,USD,117.35
03/10/2012 09:51,DPTZCUTK29457966,Stocks,TVQQ54,ZNQA84,42760.0,USD,400,01/09/2013,106.9,USD,103.65
03/10/2012 09:51,IVMTTLRX35483727,Slurm,TBVE46,TRFG21,7763400.0,USD,60000,17/09/2013,129.39,USD,146.83
03/10/2012 09:52,HBWNKAWS97918385,Lasan Nuts,HHFP66,VTKE98,1255230.0,USD,9000,10/01/2013,139.47,USD,141.0
03/10/2012 09:53,GLKHYIUW06046003,Choice Scarfs,NQJL85,PVAZ61,32792.0,USD,400,04/11/2015,1010.68,IRR,87.22
03/10/2012 09:53,ZPFIQWQB35858373,Stocks,DDIB11,UWUK72,63087.66,SOS,200,19/01/2013,118.39,USD,271.52
03/10/2012 09:53,ZTFSFADC79029584,Stocks,HHOA99,MEOQ86,311000.0,USD,50000,09/02/2014,6.22,USD,6.88
03/10/2012 09:53,CPLWMAJB45277920,Sausages inna bun,NQJL85,CMOI26,71750.0,USD,7000,10/10/2015,10.25,USD,11.25
03/10/2012 09:53,YOFUVVCY20850482,Stocks,SRYE59,QMZU44,18755.0,USD,100,26/09/2015,187.55,USD,179.01
03/10/2012 09:54,UCPVLWGU88087630,Dazers,VGYT30,MRAH32,1411007.62,KWD,600,25/07/2016,348.8,USD,1939.64
03/10/2012 09:55,AWKOMCBE53944469,Shed Shells,OKYS51,DBCS17,3413600.0,USD,40000,13/11/2016,85.34,USD,85.63
03/10/2012 09:55,HJXBMICS70443904,Angainors,QLMY86,KRRO64,313218.0,USD,900,23/09/2013,348.02,USD,305.94
03/10/2012 09:55,MDYLNPVV31093241,Rings of Aggravate Monster,HYSJ42,TVQQ54,154259.0,USD,700,23/08/2014,220.37,USD,204.47
03/10/2012 09:55,WVHLYCZV85817666,Stocks,LIIS96,MFJJ99,48832.0,USD,700,13/07/2015,69.76,USD,62.83
03/10/2012 09:56,HMORMJOO54766699,Hero Association Mugs,YLGZ72,ZMLP81,363520.0,USD,8000,27/01/2016,45.44,USD,41.27
03/10/2012 09:56,XTTJZFRK22468406,Oo-Rays,CIXF70,SFEO61,187625.0,USD,500,08/05/2015,375.25,USD,329.3
03/10/2012 09:57,JRVMHBTK14225381,Rings of Adornment,HWJF09,VVXA11,27609.0,USD,300,24/07/2016,92.03,USD,93.66
03/10/2012 09:57,OBUKVHET86934492,Stocks,AWYB85,VPTI00,39924.0,USD,600,20/02/2013,177.29,SOS,55.14
03/10/2012 09:57,AVAQSDFO45606677,Inkfinity Stones,LIIS96,SXTM39,472447.5,MVR,900,23/11/2014,65.03,USD,537.02
03/10/2012 09:58,BPRKPSZU52386088,Stringers,WYFO79,ZELV96,6309100.0,USD,10000,01/03/2016,630.91,USD,616.13
03/10/2012 09:58,WHFDHZAV69720787,Amulets of Change,KKZA87,CQPJ57,29600.0,USD,100,18/12/2016,296.0,USD,335.26
03/10/2012 09:58,BTHAAFXE58485765,Stocks,QMZU44,VESX21,84762.0,USD,600,06/09/2014,141.27,USD,143.34
03/10/2012 09:59,ZUYQBAVP19696147,Stocks,DVVB31,XHYN07,6678.74,BND,600,20/06/2015,630.56,HTG,11.09
03/10/2012 09:59,PNHNZCEE44191065,Faerie Tonics,ERHJ34,QOKP03,2293760.0,USD,8000,16/05/2016,286.72,USD,308.47
03/10/2012 09:59,SDZWJQLU24734214,Stocks,VAHJ53,QHXJ50,464372.99,BSD,700,08/12/2013,97.9,USD,750.24
03/10/2012 09:59,YURFWDGJ62755158,Blue Elixirs,HYSJ42,QLMY86,328176.0,USD,900,24/03/2017,364.64,USD,337.14
03/10/2012 09:59,ALFTVDLB07982981,Stocks,UFAY59,ZEHM52,137842.83,OMR,300,19/06/2015,103.01,USD,499.09
03/10/2012 10:00,BQCVGPSC51485094,Stocks,ZSXF19,CAVR54,741543.58,KYD,600,26/07/2016,161.55,USD,1111.14
03/10/2012 10:01,JHOITIHW27950245,Arm Nanoblades,CIXF70,OHKH76,1638997.31,SBD,400,23/02/2017,2497.44,STD,4481.91
03/10/2012 10:02,SBPUSWWR91688388,Stocks,VVBY18,JZTC69,19821.0,USD,100,07/01/2014,198.21,USD,226.8
03/10/2012 10:02,ONDVYEHN82714127,Stocks,FORM54,MYXF05,11496.0,USD,800,27/09/2014,14.37,USD,15.96
03/10/2012 10:02,LYUEPGBO74528452,Quick Claws,IBLA29,INIL60,102546.9,MDL,200,07/04/2013,72.54,USD,486.5
03/10/2012 10:02,TDULOUAA65551177,Peace Bells,FDWI64,OKYS51,202170.74,KMF,400,03/05/2013,73.46,USD,461.82
03/10/2012 10:03,GWPLTPXV15483721,Kicking Boots,WYFO79,SHXQ48,22686.0,USD,300,29/03/2013,75.62,USD,74.63
03/10/2012 10:05,BCZRZNOC75523220,Stocks,YWMD69,TYAE14,1516200.0,USD,20000,24/02/2017,75.81,USD,81.79
03/10/2012 10:05,WQVJXLQZ26366688,Stocks,ZVEN26,GYWU23,58419.98,AZN,500,07/06/2015,17.14,USD,128.89
03/10/2012 10:05,SGKLYMKQ64173281,Blank Spellbooks,IZTD25,ISWT83,175518.0,USD,700,02/07/2014,250.74,USD,278.48
03/10/2012 10:05,IHWMOIWH37940583,Go-Pods,LBKT00,QOKP03,2391024.47,UAH,700,19/08/2017,125.07,USD,3525.12
03/10/2012 10:05,SNYZKILX50180275,Choice Specs,RLZK87,SXHU74,363930.0,USD,3000,05/04/2016,121.31,USD,136.17
03/10/2012 10:06,AZMJKGMM53131792,Nitro Powder Blocks,EKXA24,LWGE44,7075.57,XPF,100,28/07/2017,2342.68,GBP,76.84
03/10/2012 10:06,BXWZZXPW16626135,Rapids,HPTP65,KEVJ11,4010458.03,HUF,8000,18/12/2016,143.01,USD,486.78
03/10/2012 10:06,KYYBNZCT17119109,Stocks,EDYH00,DREA89,201030.0,USD,3000,15/02/2014,67.01,USD,58.68
03/10/2012 10:06,ESFWYPCU13719038,Stocks,YCZA59,UHOG52,1674500.0,USD,50000,15/10/2014,33.49,USD,31.52
03/10/2012 10:07,PCIPYAOJ72407892,Stocks,PKBF70,YLGZ72,5219900.0,USD,70000,02/06/2017,74.57,USD,62.76
03/10/2012 10:07,PEECGHQH16369946,Infinity Stones,RDBE21,SAAM06,37389.0,USD,300,21/09/2016,124.63,USD,116.78
03/10/2012 10:07,SRWQTBKQ06640060,Infiltrators,OKYS51,BDBU00,340928.0,USD,700,27/08/2015,487.04,USD,552.97
03/10/2012 10:08,KDOADNEL53149693,Iron Spiders,DJNE62,ZFHD93,74719046.92,EGP,70000,16/10/2016,270.89,USD,1137.32
03/10/2012 10:09,NLDNHNVL33569543,Cloaks of Protection,WYFO79,SBUT62,421120.0,USD,2000,10/08/2014,210.56,USD,167.67
03/10/2012 10:09,MQTDGAFF96790945,Stocks,UIKN63,DGTY64,148230.0,USD,9000,01/04/2013,16.47,USD,20.08
03/10/2012 10:10,PURXXCRZ84503235,Box Basher 2000s,DGTY64,LWGE44,142408.0,USD,400,12/11/2015,356.02,USD,324.71
03/10/2012 10:10,VJTHOCJA80441391,Chainsaws,SHXQ48,VESX21,25368.0,USD,400,10/07/2013,63.42,USD,59.4
03/10/2012 10:10,KJKORCDN87707109,Stocks,NQJL85,DVVB31,467262831.84,XCD,70000,10/08/2014,211.92,USD,5936.57
03/10/2012 10:10,KPPEHJIR11902150,Golem Disks,RNZB01,PJKH65,9599400.0,USD,60000,02/07/2015,159.99,USD,147.14
03/10/2012 10:10,NWFRXFOA94670443,Moranth Smokers,YSSR29,IIZF28,187320.0,USD,2000,25/06/2017,93.66,USD,101.67
03/10/2012 10:11,ZHGSVQXU84641344,Decepticons,HSWX88,SXHU74,21801.0,USD,300,07/07/2014,72.67,USD,81.57
03/10/2012 10:11,XTJKBWUO84132690,Stocks,SHXQ48,AMRO66,39753.0,USD,700,02/10/2016,56.79,USD,58.82
03/10/2012 10:12,KIIPWOVI33821135,Levitation Boots,DILF10,FAWI50,36980.0,USD,400,26/05/2013,323.96,BHD,108.04
03/10/2012 10:12,IQCQTEMF53715246,Stocks,FYYD57,EKXA24,63090.0,USD,900,17/03/2013,70.1,USD,80.82
03/10/2012 10:13,CGOOIVAO00484833,Stocks,ZXVX98,SZRJ90,28672186.15,WST,50000,15/09/2014,226.81,USD,497.71
03/10/2012 10:13,HCNBUMBW50834683,Potions of Acid,ZMLP81,RJCA92,1074600.0,USD,5000,12/08/2013,214.92,USD,195.04
03/10/2012 10:13,SIYWHWHM14434313,Stocks,DREA89,RFZG50,48704.0,USD,800,21/06/2017,60.88,USD,72.1
03/10/2012 10:13,BXHJRRGF35189608,Stocks,CVMG22,QLMY86,64491.0,USD,300,21/09/2017,214.97,USD,208.09
03/10/2012 10:13,JUMFEJGI70534739,Stocks,INIL60,DOGG07,195417.31,XCD,200,11/08/2014,31.02,USD,974.18
03/10/2012 10:14,HSVATVXF64810795,Hi-Potions,SAAM06,PKBF70,162858.0,USD,600,19/12/2017,271.43,USD,300.24
03/10/2012 10:14,QLUSUHBW85135062,Dire Rat Tails,MEOQ86,QXFF29,5619510.0,USD,9000,23/11/2014,624.39,USD,649.66
03/10/2012 10:14,GPUFOORC96659719,Rocky Helmets,DGTY64,AHMZ79,1673350.0,USD,7000,13/12/2016,239.05,USD,248.88
03/10/2012 10:14,AFDTJYXN06915296,Stocks,ZBIO05,NCYN50,12460.0,USD,1000,21/10/2013,12.46,USD,13.81
03/10/2012 10:15,UVDYPNWF28192349,Cell Batteries,KRXZ15,OQXV70,155960.0,USD,4000,07/05/2015,38.99,USD,32.94
03/10/2012 10:15,QYKBJZGS21986638,Devil Fruits,CQPJ57,TGZI54,30079.95,XPF,400,11/03/2017,224.88,USD,84.09
03/10/2012 10:15,CYSIRTYY91453504,Stocks,UHOG52,RJCA92,1524600.0,USD,70000,18/02/2017,21.78,USD,19.13
03/10/2012 10:16,FUKLMNJR21385327,Stocks,GZED20,EKXA24,7010.0,USD,100,13/11/2014,70.1,USD,65.16
03/10/2012 10:16,BOGLULOJ99329401,Ghost Disks,VIMV38,NCCX02,34117.75,NAD,400,06/03/2017,32.95,USD,96.37
03/10/2012 10:16,UJCLFVVS09862158,Fumble Boots,FTFI87,QWOA67,117225.0,USD,900,15/07/2014,759.6,CUC,115.47
03/10/2012 10:17,UYZPUOLJ10378697,Sending Stones,PQSW95,ZEHM52,1620480.0,USD,3000,22/03/2013,540.16,USD,506.53
03/10/2012 10:17,OKHBDQQJ75249987,Chain Wind Staffs,UWUK72,NCYN50,209227.44,MOP,900,15/03/2013,290.63,USD,214.78
03/10/2012 10:17,BNDJKJZQ37776769,Stocks,VGYT30,NFAH30,234216.0,USD,800,13/08/2014,292.77,USD,278.09
03/10/2012 10:17,ZSXYXSHI99726562,Stocks,THJF58,RNZB01,306680.6,SBD,5000,18/05/2014,6.63,USD,68.99
03/10/2012 10:17,CTSCYMTM56816884,Oo-Rays,VGYT30,SFEO61,26267500.0,USD,70000,26/04/2017,375.25,USD,357.0
03/10/2012 10:17,HMBIJCJL34818944,Stocks,OKYS51,SRYE59,101098.01,AUD,400,26/11/2014,2.83,USD,222.5
03/10/2012 10:18,MGNMFPJS06721526,Stocks,ZEHM52,QOKP03,343700.0,USD,1000,01/09/2017,1057.19,ISK,318.08
03/10/2012 10:18,JCBLNSVM74953918,Stocks,QHXJ50,HWJF09,60267.0,USD,300,24/01/2016,200.89,USD,193.07
03/10/2012 10:18,LHFRNKZY03489791,Rune Bars,UEVD88,ZNQA84,129530.4,GEL,100,05/03/2015,308.56,USD,1293.75
03/10/2012 10:18,XNJLJWED21417180,Safety Goggles,NCYN50,SEKK26,312496.0,USD,800,26/11/2016,390.62,USD,412.74
03/10/2012 10:19,SLNOYYGI50633392,Ultrons,YOQG45,RDBE21,76873497.12,KZT,80000,09/03/2013,238.14,USD,1035.42
03/10/2012 10:19,FYRDSHJR89812999,Stocks,UIKN63,UHOG52,16745.0,USD,500,17/05/2015,33.49,USD,31.1
03/10/2012 10:19,YTESNQZR63494317,Badgers,WVEI17,GGLV00,363984.0,USD,600,13/10/2015,606.64,USD,491.55
03/10/2012 10:19,DZLPKRLP32009329,Stocks,VVXA11,TGZI54,1553300.0,USD,5000,26/05/2014,310.66,USD,293.88
03/10/2012 10:19,WCTMFGOA30885009,Stocks,YTAI13,QBAP68,2415.15,JMD,200,14/12/2017,15.63,USD,13.51
03/10/2012 10:20,LAMNSSHM42066872,Blue Shells,GGLV00,QBAP68,35934517.44,TRY,90000,30/12/2015,543.08,USD,387.2
03/10/2012 10:20,BSWSCOGY61979941,Shooters,HFLM11,LBKT00,3072000.0,USD,80000,06/02/2015,38.4,USD,33.48
03/10/2012 10:21,FURQQOXP43663937,Stocks,ZVEN26,OQXV70,26200.0,USD,4000,18/11/2016,6.55,USD,7.41
03/10/2012 10:21,ZATUPHND86189402,Stocks,AYIH50,PNFK78,1016089.73,DJF,700,07/11/2014,958.15,MZN,1673.83
03/10/2012 10:21,WNJNZAAF74976892,Stocks,DREA89,MRAH32,262117.8,SLL,800,08/02/2016,106.5,USD,259.58
03/10/2012 10:22,ASYCWMBG96481443,Loadstones,BBAX06,TYAE14,12081600.0,USD,90000,08/11/2015,134.24,USD,148.67
03/10/2012 10:22,QOGCLQAE62643848,Stocks,WHPS18,DOGG07,93368.03,ETB,300,09/03/2014,31.02,USD,275.04
03/10/2012 10:22,RXIWJRME44308321,Stocks,TKVF94,BDBU00,18676858.94,CAD,8000,02/09/2013,130.53,USD,1990.84
03/10/2012 10:23,CTRNQEZO26387606,Stocks,JZTC69,QCRG59,211723.88,BAM,3000,13/06/2013,171.09,USD,77.86
03/10/2012 10:24,CVCOFGBV38091982,Luckstones,YCZA59,VKMV12,145907.88,BHD,200,09/12/2017,208.19,USD,574.23
03/10/2012 10:24,PVZNVWCZ24457968,Stocks,FGVK43,SXTM39,808091.4,SDG,700,12/03/2015,142.18,USD,1323.95
03/10/2012 10:24,LZPLCRKI83602169,Stocks,DILF10,ZMLP81,184500.0,TTD,900,04/12/2015,40.0,USD,248.07
03/10/2012 10:24,HJGBIXAN18838040,Stocks,SXTM39,OPET16,319500.0,USD,50000,29/03/2015,6.39,USD,6.76
03/10/2012 10:24,HAJXXNMF79426213,Stocks,TBVE46,KKGY69,81120.0,USD,600,07/06/2016,135.2,USD,119.7
03/10/2012 10:24,QVLAFDUC13948490,Rings of Adornment,CUVZ50,VVXA11,71468.66,NAD,300,16/09/2014,92.03,USD,264.7
03/10/2012 10:24,IXYFBLFX49517975,Stocks,HWJF09,KRXZ15,150300.0,USD,600,12/10/2014,103.33,BAM,287.76
03/10/2012 10:25,KRWLNGFH00608888,Stocks,LKPN86,KUWI70,61600.0,USD,7000,16/03/2017,8.8,USD,8.98
03/10/2012 10:25,EDUKDUHL15893851,Golem Disks,SFZS08,PJKH65,159990.0,USD,1000,01/02/2013,159.99,USD,175.82
03/10/2012 10:25,KIXHVWUV57987972,Stocks,FGQR22,ITTS26,78061221.84,AZN,70000,21/04/2016,1526.92,UGX,1185.1
03/10/2012 10:25,FDWVCONU37703677,Stocks,ZSXF19,EDYH00,4512600.0,USD,60000,02/01/2017,75.21,USD,79.79
03/10/2012 10:26,TCKILNNY98804989,Centipedes,QWOA67,SUOX82,2063104.82,SRD,800,24/05/2014,374.93,USD,2528.6
03/10/2012 10:26,JAEAGWGM32886210,Stocks,VXSM31,DOGG07,21714.0,USD,700,10/12/2017,31.02,USD,29.14
03/10/2012 10:26,HXTDPJNP31033671,Stocks,FGQR22,WVHK10,910440.0,USD,9000,18/05/2014,101.16,USD,98.32
03/10/2012 10:26,FMQNUPKN70657249,Stocks,QHXJ50,AMRO66,41530.53,RON,500,14/03/2017,56.79,USD,83.04
03/10/2012 10:26,JOXVCACY57960132,Stocks,VVBY18,KRRO64,77175.0,USD,300,13/08/2016,257.25,USD,270.58
03/10/2012 10:27,LCSVSCSM65576100,Replicants,QODV38,MFZY76,1490400.0,USD,80000,28/12/2014,18.63,USD,21.24
03/10/2012 10:27,UZMJGHQX51630240,Stocks,LKPN86,PNFK78,32678.0,USD,200,16/04/2016,163.39,USD,146.47
03/10/2012 10:28,IROFZYQL66210901,Mirrors of Erised,FGQR22,CQPJ57,3247840.0,USD,8000,30/03/2014,405.98,USD,351.89
03/10/2012 10:28,KOIWFQXM57116204,Nitro Powder Blocks,QODV38,LWGE44,126954.0,USD,600,14/04/2014,211.59,USD,227.88
03/10/2012 10:29,HCCCNUET01202371,Stocks,QODV38,LKPN86,1793009.27,CZK,7000,26/01/2014,58.57,USD,299.77
03/10/2012 10:30,WXPQIRHL64133501,Stocks,FGQR22,DGTY64,120353.87,SDG,900,21/09/2014,16.47,USD,128.36
03/10/2012 10:30,QJNUSNML44115105,Stocks,RFZG50,YWMD69,13106526.04,BSD,10000,11/11/2013,193.42,USD,1365.3
03/10/2012 10:30,VPLVICPL05756188,Stocks,AGBH66,KTLA69,123750.0,USD,1000,25/10/2013,123.75,USD,140.55
03/10/2012 10:30,HHGVJVXN93313617,Meat Rings,UWUK72,FAWI50,4226000.0,USD,50000,03/11/2015,84.52,USD,76.83
03/10/2012 10:30,KMXGLLYT05007524,Stocks,FJOI82,QXFF29,363000.0,USD,10000,26/12/2014,40.59,AED,32.23
03/10/2012 10:31,RTSIHWZG74595565,Stocks,SMYT95,FYYD57,113883.0,USD,700,17/04/2015,162.69,USD,184.95
03/10/2012 10:31,XUBZQVVO08075787,X-12s,YOQG45,UWUK72,126652545.24,QAR,60000,29/01/2013,575.39,USD,1776.64
03/10/2012 10:32,ZEEYNQLN84295669,Stocks,DDIB11,RLZK87,62916043.12,CZK,80000,10/10/2017,179.83,USD,835.95
03/10/2012 10:32,VHNSQAWE10564794,Stocks,WWNS72,OPET16,4473.0,USD,700,24/11/2016,6.39,USD,6.38
03/10/2012 10:33,VISURZGP91577283,Centipedes,VAHJ53,SUOX82,187465.0,USD,500,27/03/2015,374.93,USD,346.86
03/10/2012 10:33,OSDDSBFR46932290,Stocks,ERHJ34,YOQG45,115000.0,USD,5000,29/03/2013,23.0,USD,20.32
03/10/2012 10:33,ZDUDFAGX51788252,Black Sludges,YLGZ72,HFLM11,243240.0,USD,600,11/06/2015,405.4,USD,335.04
03/10/2012 10:33,BTLLMTSX85605917,Stocks,NCCX02,UFAY59,57590.0,USD,500,01/09/2013,115.18,USD,108.35
03/10/2012 10:34,ORVIAAPL25155546,Rings of Polymorph Control,ZEHM52,SMYT95,115976.0,USD,700,30/11/2013,165.68,USD,175.14
03/10/2012 10:34,UHKXOBUL34991496,Stocks,OCQF34,ORQH73,88503.0,USD,300,19/07/2014,295.01,USD,322.91
03/10/2012 10:34,HUGKMAQM74291934,Golden Fleeces,AHMZ79,SWGF93,498690.0,USD,3000,30/05/2017,166.23,USD,195.98
03/10/2012 10:36,KYPSMDEU56247758,Phasers,NFAH30,DGTY64,1669410.0,USD,9000,28/10/2014,185.49,USD,205.07
03/10/2012 10:36,HSKSYROL57709923,Stocks,ZSXF19,IIZF28,90783.0,USD,900,14/09/2013,100.87,USD,112.13
03/10/2012 10:36,CNTILYKP40543500,Lavenders,FJOI82,KTLA69,3108420.0,USD,9000,03/07/2013,2441.25,MDL,282.99
03/10/2012 10:38,YYNYERKP73148957,Dragon Balls,AMRO66,RFZG50,23529.0,USD,300,30/03/2013,432.38,KES,73.32
03/10/2012 10:38,XSRFBVQF23860393,Stocks,SXTM39,HSWX88,103950.0,USD,5000,11/07/2014,20.79,USD,24.4
03/10/2012 10:38,BMLXJGKJ35274536,Duff,VVBY18,WIZJ73,1907780.0,USD,7000,21/05/2015,272.54,USD,293.29
03/10/2012 10:39,QEKEVFOD00163740,Stocks,IBLA29,UACN81,297200.0,USD,20000,26/01/2015,14.86,USD,12.77
03/10/2012 10:39,VLURTODT22321235,Stocks,RQGG65,PKBF70,129901.57,CNY,100,07/06/2014,204.02,USD,1143.65
03/10/2012 10:39,ZHFEGJUT20277223,Stocks,CMZC67,SZRJ90,158767.0,USD,700,24/08/2016,226.81,USD,244.33
03/10/2012 10:40,NFITGMZT02710866,Keys of the Ram,DJNE62,BBAX06,97048088.2,XAF,70000,05/11/2015,337.85,USD,1295.0
03/10/2012 10:40,FZUEERWV36110822,Feedbags,IIZF28,SUOX82,9113.0,USD,100,05/06/2013,91.13,USD,102.11
03/10/2012 10:40,VVBSLXEV42792283,Stocks,MDEQ10,NCYN50,4984.0,USD,400,25/07/2017,12.46,USD,14.24
03/10/2012 10:42,IHTKCRAG24349866,Shaman Bone Blades,LIIS96,QLCE04,796191.53,IQD,500,23/09/2013,141.69,USD,1432.41
03/10/2012 10:42,THOEBEXD94037872,CodeBots,QCRG59,ZBIO05,37660.0,USD,700,11/05/2014,53.8,USD,52.4
03/10/2012 10:42,VRQPVQFT67116005,Tricorders,HWHS51,FGQR22,4244812.45,CZK,7000,04/10/2015,138.66,USD,666.22
03/10/2012 10:42,KRZUKOHH56950527,Spider Silks,SBUT62,VTKE98,76045037.95,SVC,70000,07/07/2015,249.95,USD,937.94
03/10/2012 10:42,NODGRSNC37460719,Frost Horns,UWUK72,BBJG05,88647.0,USD,300,25/09/2017,295.49,USD,312.37
03/10/2012 10:42,TWUPMPDO67909541,Dragon Balls,GZED20,RFZG50,15686.0,USD,200,18/12/2015,78.43,USD,68.15
03/10/2012 10:42,AYJBXOVQ19120521,Silver Apples,SHXQ48,KUWI70,55766.0,USD,200,29/04/2014,278.83,USD,316.01
03/10/2012 10:42,GJRGEWRL90859668,Philosopher Stones,DDIB11,IJPI82,70056.0,USD,700,03/02/2017,100.08,USD,111.5
03/10/2012 10:43,SOVWXYHP91253821,Stocks,RDBE21,HYSJ42,25281900.0,USD,90000,13/05/2014,280.91,USD,301.45
03/10/2012 10:43,TFPICFUO60802217,Dragon Disks,LKPN86,OUNH49,277480.0,USD,800,09/06/2015,346.85,USD,364.26
03/10/2012 10:43,DFIKVSZT31318741,Faerie Tonics,HYSJ42,QOKP03,28672.0,USD,100,05/12/2015,286.72,USD,263.88
03/10/2012 10:44,GZBUWVZZ30942267,Australium Bars,ZNQA84,OUNH49,8271411.57,BTN,8000,25/05/2017,145.39,USD,864.92
03/10/2012 10:44,PEYKNXAW23348888,Stocks,TBVE46,KKZA87,125961.51,KGS,400,19/10/2016,40.75,USD,319.82
03/10/2012 10:45,ZSANHIYP97469713,Stocks,OHKH76,ITTS26,14723100.0,USD,90000,08/08/2015,163.59,USD,150.32
03/10/2012 10:45,IPFJCGJG98437173,Stocks,MYXF05,UIKN63,94458.0,USD,700,10/06/2013,415.06,ISK,128.6
03/10/2012 10:46,OAMPCUTQ01748954,Vilyas,LIJW00,IIZF28,33394500.0,USD,90000,27/10/2015,371.05,USD,355.52
03/10/2012 10:47,KXVXTBQQ72209141,Blasting Rods,NCYN50,CUVZ50,167440.0,USD,800,20/06/2017,209.3,USD,246.46
03/10/2012 10:48,YIVIBEAH61372092,Finnests,YSSR29,TGZI54,44967.97,NZD,200,21/04/2014,106.98,USD,234.89
03/10/2012 10:48,ZLESCINY83160084,Ring Targets,XHYN07,MYXF05,34098.0,USD,100,07/04/2014,340.98,USD,304.84
03/10/2012 10:49,KESXMBSG12199976,Stocks,KRRO64,MHFC34,3816401.17,SGD,5000,08/11/2015,166.28,BIF,878.52
03/10/2012 10:49,TBZQKGUL09548409,Fumbles,UHOG52,JXGF57,88877455.04,FKP,40000,02/09/2015,296.44,USD,2464.25
03/10/2012 10:49,ASMGYNKQ16800015,Momentum Gliders,HWHS51,SRYE59,5962200.0,USD,30000,07/03/2013,198.74,USD,186.41
03/10/2012 10:50,WIWJXYRM08519916,Dunce Caps,IBLA29,HWJF09,5639200.0,USD,40000,20/12/2015,1054.02,DOP,148.49
03/10/2012 10:50,IDCAVEWH20841953,Gantz Balls,NCCX02,TBVE46,43625523.76,LSL,70000,09/03/2014,334.49,USD,518.91
03/10/2012 10:51,ELCPDFRV00336091,Rings of Increase Accuracy,ZXVX98,RLZK87,615600.0,USD,3000,28/12/2016,205.2,USD,232.58
03/10/2012 10:51,ABVKELMJ66577152,Urns of Power,BDBU00,QLMY86,212787.0,USD,900,15/02/2015,23.76,BGN,217.5
03/10/2012 10:51,IAABGSKN89488047,Stocks,WVHK10,XRBV61,79512.0,USD,400,12/12/2013,198.78,USD,219.86
03/10/2012 10:52,KLULBFYC04103186,Stocks,WYFO79,FGVK43,232020.0,USD,6000,15/01/2013,38.67,USD,46.86
03/10/2012 10:52,WICMCUOY59992533,Stocks,BDBU00,LAUA80,690419.11,LAK,1000,15/03/2017,161.23,USD,822.02
03/10/2012 10:52,IWURTLNS35671118,Monster Cells,FAWI50,AGBH66,624180.0,USD,3000,19/01/2016,208.06,USD,229.67
03/10/2012 10:53,TOWGFYNZ84352790,Digivices,SXHU74,HWJF09,178660.0,USD,2000,23/06/2013,89.33,USD,83.24
03/10/2012 10:53,HNXVDTOV83527859,Deku Sticks,RFZG50,HFLM11,44714.0,USD,100,25/01/2013,447.14,USD,386.51
03/10/2012 10:54,YKRSDEHC16720911,Stocks,IBLA29,JZTC69,59463.0,USD,300,27/08/2015,198.21,USD,189.37
03/10/2012 10:54,ZJXCQGBP85289525,Stocks,JZTC69,OPET16,5112.0,USD,800,27/02/2014,6.39,USD,5.76
03/10/2012 10:55,BIEVXNHP45612701,Rings of Aggravate Monster,GIWG34,TVQQ54,102728560.68,ZMK,90000,14/03/2015,90.9,BAM,1295.9
03/10/2012 10:55,XCIMVZYI43664986,T-800s,RQGG65,QAZT26,1355050.0,USD,5000,30/04/2015,271.01,USD,234.04
03/10/2012 10:55,ETSOOCSF32502000,Infiltrators,YFAM59,BDBU00,292224.0,USD,600,26/02/2017,487.04,USD,420.02
03/10/2012 10:55,DMKQGZXC66175388,Stocks,HSWX88,GBEZ65,342921.78,KWD,700,28/11/2017,72.66,USD,469.11
03/10/2012 10:55,KFCBGSJH95523875,Stocks,ESPL27,SEKK26,7992.0,USD,100,29/07/2014,91.66,BMD,76.88
03/10/2012 10:56,BVCQVWVQ11832046,Stocks,ZFHD93,LIJW00,80263.13,VND,100,13/03/2015,127.58,USD,682.05
03/10/2012 10:56,JDJLHNJN23700134,Tasters,HNLV68,MKHA46,400090.0,USD,1000,22/07/2015,400.09,USD,428.63
03/10/2012 10:56,ICXBDTMH04378872,Grassy Seeds,HHFP66,XHYN07,638400.0,USD,70000,22/11/2017,360.64,BOB,10.09
03/10/2012 10:56,TPQFHUXJ32026491,Daenarians,HYSJ42,BBAX06,11283562.44,PYG,20000,02/06/2016,66.42,USD,646.81
03/10/2012 10:58,XCVTSYBF58446856,Stocks,QOKP03,DNIL23,61572.0,USD,300,16/05/2014,548.73,JOD,232.78
03/10/2012 10:58,NYZACGHT24789184,Stocks,ZXVX98,TQSJ85,4198400.0,USD,20000,16/04/2013,209.92,USD,189.47
03/10/2012 10:58,SYTGFSCQ95848831,Peace Bells,HPTP65,OKYS51,73460.0,USD,1000,20/06/2017,73.46,USD,86.34
03/10/2012 10:59,CIELYDUC07469569,Stocks,DOGG07,OUNH49,657664.92,GBP,500,24/05/2014,118.8,USD,1093.21
03/10/2012 11:00,SYPDCWTN81309837,Stars,HXDA52,TRFG21,16007700.0,USD,30000,09/05/2013,533.59,USD,469.79
03/10/2012 11:00,JPOXUKQR55043618,Piranha Plants,SHXQ48,HNLV68,255785.0,USD,500,11/10/2015,511.57,USD,608.89
03/10/2012 11:01,IHRYJOEZ95580729,Star Rubies,HPTP65,GYWU23,2700000.0,USD,9000,10/03/2017,300.0,USD,362.91
03/10/2012 11:01,RMSIEFBC89091908,Stocks,JXGF57,LBKT00,7105.06,CRC,700,13/08/2015,8.84,USD,10.91
03/10/2012 11:01,SWMQWKIX04154272,Traveler Charms,AMRO66,AMBT33,76908.0,USD,400,23/07/2016,192.27,USD,180.87
03/10/2012 11:01,LZHCJIXU26448511,Stocks,TQSJ85,SUOX82,1384830.0,USD,9000,05/05/2017,153.87,USD,164.45
03/10/2012 11:02,SSBCMPIZ17342253,Stocks,PVAZ61,EDYH00,27977.37,SEK,100,12/10/2014,75.21,USD,283.3
03/10/2012 11:02,FDHDAEHE38917084,Stocks,MHFC34,ITTS26,654360.0,USD,4000,30/05/2014,163.59,USD,154.79
03/10/2012 11:02,RWILRSJJ85932854,Stocks,NFAH30,AHMZ79,250743.99,CUP,700,27/04/2014,154.12,USD,318.72
03/10/2012 11:02,KOLHAQLU54884756,Moranth Crackers,WYFO79,KEVJ11,1093960.0,USD,7000,23/05/2017,156.28,USD,174.4
03/10/2012 11:02,NJPZNQGN52793015,Cocoons,UHOG52,FGQR22,17131200.0,USD,60000,06/08/2015,285.52,USD,310.7
03/10/2012 11:02,BAVJUSWM66190085,Stocks,ESPL27,MHFC34,20754.0,USD,200,15/10/2015,103.77,USD,118.4
03/10/2012 11:02,OCCCQMKS23033640,Metal Knight Units,QLCE04,FTFI87,1842.0,USD,200,21/01/2013,9.21,USD,8.45
03/10/2012 11:02,FEYIZMTI15104319,Stocks,SAAM06,VKMV12,123174.89,BIF,900,31/12/2013,85.41,USD,133.88
03/10/2012 11:03,RJKYIPSL29101719,Amulets of Reflection,LIIS96,UHOG52,6478500.0,USD,70000,05/11/2016,92.55,USD,101.48
03/10/2012 11:03,EAXSEAFU70594750,Blades of Chaos,YTAI13,VAHJ53,10876800.0,USD,80000,28/02/2013,135.96,USD,120.71
03/10/2012 11:03,BHDREMCX57465968,Red Jewelled Brooches,JCWS17,YOQG45,48132.0,USD,900,12/09/2015,53.48,USD,60.87
03/10/2012 11:05,ATSQWMVF49328039,Pokeballs,KKGY69,OUNH49,807912.78,SDG,900,28/11/2014,110.56,USD,805.84
03/10/2012 11:05,IPTAMJBZ30499410,Stocks,QAZT26,YWMD69,50892670.4,MXN,40000,11/12/2017,193.42,USD,1437.52
03/10/2012 11:05,CXKCEJVJ97922869,Meow Meow Beans,LWGE44,UEVD88,1118597.26,AFN,400,24/06/2013,250.1,USD,2429.93
03/10/2012 11:05,OKONAMSP96465696,X-Potions,YCZA59,CMZC67,326610121.6,HTG,80000,21/08/2016,196.7,USD,4694.82
03/10/2012 11:05,VBTCCKYL75068725,Mermaid Coins,EWUY52,FAWI50,76240.0,USD,500,07/11/2013,152.48,USD,140.25
03/10/2012 11:05,LCAHKRJL90887366,Stocks,RQGG65,ZELV96,13373679.28,SBD,80000,03/01/2013,43.88,KPW,151.2
03/10/2012 11:06,TAUOJAMO59979527,Stars,PQSW95,TRFG21,804547.0,LKR,1000,30/11/2017,533.59,USD,857.52
03/10/2012 11:06,TGVOAUID02011419,Stocks,CBOX52,FAWI50,196560.0,USD,700,14/11/2016,280.8,USD,229.73
03/10/2012 11:06,ZUPEYSCJ60684408,Fatmans,FTFI87,AWYB85,356550.0,USD,5000,30/03/2017,71.31,USD,77.78
03/10/2012 11:07,VFBOHTPU75141740,Scent Charms,ZDAI73,BPLN25,18090.0,USD,600,03/02/2013,30.15,USD,25.01
03/10/2012 11:07,BKTVLKZZ14893501,Ithildins,YCZA59,ZXVX98,247200.0,USD,800,15/06/2015,309.0,USD,268.54
03/10/2012 11:08,GVXGJLZK23995286,Stocks,EMNK67,SEKK26,479520.0,USD,6000,08/11/2013,79.92,USD,98.73
03/10/2012 11:08,TVRHYAQL59985690,Stocks,FTFI87,QLMY86,64491.0,USD,300,05/11/2015,214.97,USD,183.24
03/10/2012 11:09,TLMCEUQO22520885,Ninja Info Cards,YFAM59,EKXA24,560352296.84,RUB,70000,29/10/2016,450.28,USD,7596.56
03/10/2012 11:09,JUBAHTHJ48663675,Red Orbs,NFAH30,CUVZ50,1028678.95,AWG,300,10/10/2016,359.6,USD,3701.56
03/10/2012 11:09,QNNWOYIH06580121,Time Turners,ZDAI73,DJNE62,341287.54,NOK,700,12/04/2016,393.76,USD,446.57
03/10/2012 11:09,CYNVHNFO00683975,Stocks,ORQH73,SMYT95,1134070.0,USD,7000,01/02/2014,162.01,USD,175.05
03/10/2012 11:10,XDBBDDEU80536228,Stocks,LAUA80,NQJL85,629852.56,GBP,800,03/12/2014,71.11,USD,910.58
03/10/2012 11:10,OBWCJKXA54139407,Veritaserums,CUVZ50,AWYB85,273545.0,USD,500,12/12/2013,4090.26,DOP,471.47
03/10/2012 11:11,XZLPCIKS76354377,Stocks,ZDAI73,INIL60,25440.0,USD,800,02/12/2015,31.8,USD,37.45
03/10/2012 11:11,AXMQHUOP66871823,Stocks,DILF10,DVVB31,611558.74,BZD,500,10/09/2017,211.92,USD,1348.34
03/10/2012 11:11,EXUVAUSS84528345,Gorgon Heads,CIXF70,KKZA87,87348.0,USD,400,10/02/2016,218.37,USD,196.1
03/10/2012 11:11,UPPKMAKF48277455,Iron Balls,JZTC69,RJCA92,151365.0,USD,500,14/03/2013,302.73,USD,288.97
03/10/2012 11:12,PJLQVEUN39646802,Hexagonal Crystals,QAZT26,BBJG05,28794.62,JPY,3000,29/09/2017,225.31,USD,9.13
03/10/2012 11:12,LLJTGJIL98342986,Cocoons,FDWI64,FGQR22,2030378.4,RUB,400,09/04/2014,285.52,USD,5540.3
03/10/2012 11:12,NBMLRBRA73489460,Float Stones,MRAH32,SXTM39,2834190.0,USD,9000,12/06/2013,314.91,USD,279.86
03/10/2012 11:12,SJGUMRIP91211242,Stocks,NFAH30,YLGZ72,52199.0,USD,700,07/09/2016,74.57,USD,85.25
03/10/2012 11:13,YOEUABSI81135552,Stocks,KRXZ15,NXTO39,71305.0,USD,500,03/03/2014,142.61,USD,127.67
03/10/2012 11:14,FBFFFDCF24207636,Ultra Nanotech,YTAI13,KKGY69,170118.0,SGD,400,01/10/2014,57.82,USD,516.75
03/10/2012 11:14,ACDJEUKN58490127,Stocks,MHFC34,JVHD93,23400.0,USD,4000,12/12/2013,5.85,USD,6.17
03/10/2012 11:15,PTALZUKG36076991,Stocks,INIL60,AYIH50,111180.43,CUP,400,18/08/2014,119.59,USD,257.83
03/10/2012 11:15,USBVRLFU02819293,Stocks,MSHS03,KRXZ15,1872838.2,DOP,1000,06/10/2016,250.5,USD,1667.79
03/10/2012 11:15,SSLMPRJS33449672,Stocks,TGZI54,PVAZ61,98460.0,USD,600,27/07/2016,164.1,USD,168.03
03/10/2012 11:16,VNTKCELI45225659,Stocks,EDYH00,LKPN86,366158789.08,AUD,70000,12/11/2016,58.57,USD,4372.37
03/10/2012 11:16,JPUMEXOH54822703,Amulet Coins,QXFF29,ESPL27,57393.13,CDF,900,12/12/2015,286.35,USD,68.23
03/10/2012 11:16,FKYFHMCY16717323,Stocks,KEVJ11,LBKT00,1768.0,USD,200,16/07/2013,8.84,USD,9.95
03/10/2012 11:16,EMEIOENQ43187280,Rings of Teleportation,DILF10,CBOX52,11754000.0,USD,60000,14/04/2014,195.9,USD,210.36
03/10/2012 11:17,DREHAHAG49787076,Stocks,VXSM31,OUNH49,1069200.0,USD,9000,19/06/2014,118.8,USD,129.94
03/10/2012 11:17,TJOAHBAD72849913,Nitro Powder Blocks,SEKK26,LWGE44,214015879.35,IQD,90000,22/04/2013,211.59,USD,2553.77
03/10/2012 11:17,EYZAKBZC83155822,Stocks,PNFK78,PJKH65,129850.0,USD,7000,08/04/2014,18.55,USD,19.15
03/10/2012 11:18,IAKWHFKA94037544,Mind Pluses,FTFI87,EKXA24,815640.0,USD,7000,09/01/2017,116.52,USD,103.34
03/10/2012 11:19,KKJNKJTW04099528,Stocks,KKGY69,RNZB01,1989.0,USD,300,24/10/2014,6.63,USD,7.28
03/10/2012 11:19,ULAZTOBH93761908,Stocks,GGLV00,LKPN86,23428.0,USD,400,11/07/2016,58.57,USD,52.87
03/10/2012 11:19,IQVPWFRM59484817,Stocks,QOKP03,VLJL11,238232.0,USD,800,14/03/2014,297.79,USD,237.81
03/10/2012 11:19,BOFOLRKU95806591,Stocks,CAVR54,CQPJ57,34800.0,USD,600,08/05/2017,58.0,USD,69.92
03/10/2012 11:19,KVPRWCFF43063597,Stocks,EPZN28,DBCS17,38892.0,USD,400,06/11/2014,97.23,USD,108.38
03/10/2012 11:19,ZIKZZUHZ10226290,Shinigami Eyes,OPET16,GIWG34,4891000.0,USD,50000,17/09/2014,97.82,USD,88.62
03/10/2012 11:19,DEPZLHWO68934205,Ring Targets,EKXA24,MYXF05,34098.0,USD,100,08/08/2014,340.98,USD,332.67
03/10/2012 11:20,JXDNQSYG51198451,Stocks,ESPL27,DDIB11,127646.78,GBP,700,06/04/2015,16.47,USD,146.61
03/10/2012 11:20,DDIKVIYX11618701,Shell Bells,VKMV12,TRFG21,57502.0,USD,100,20/06/2013,575.02,USD,524.65
03/10/2012 11:20,YPNBARUM43483462,Stocks,NFAH30,JZTC69,1783890.0,USD,9000,07/02/2017,198.21,USD,224.11
03/10/2012 11:21,KCLYQCJU38132058,Rings of Sustain Ability,ZMLP81,HNLV68,73452.0,USD,400,18/03/2014,183.63,USD,173.62
03/10/2012 11:21,XFJDRQNK89975016,Titan Horns,MHFC34,MRAH32,59319256.88,TND,40000,03/11/2015,246.74,USD,1434.28
03/10/2012 11:22,VBYLJJPU96685299,Golden Ink Pots,HXDA52,ZXVX98,1352294.99,IQD,300,20/07/2016,401.09,USD,4830.88
03/10/2012 11:22,SISQMATJ66969117,Stocks,UEVD88,MYXF05,8622.0,USD,600,05/07/2014,14.37,USD,12.06
03/10/2012 11:23,JDVEHDJH89282642,Rings of Levitation,BMRZ75,VGYT30,649270.19,HUF,600,15/11/2013,308.7,USD,947.31
03/10/2012 11:23,UQHSZROY71096060,Coldblood Dews,SAAM06,VIMV38,2451260.0,USD,7000,05/04/2016,350.18,USD,347.81
03/10/2012 11:23,TSZHHBFG23290184,Ampules,QBVN33,LAUA80,19828800.0,USD,60000,10/05/2014,330.48,USD,335.66
03/10/2012 11:23,BOEGKLTF14109530,Light Curtains,AGBH66,YLGZ72,109119.0,USD,300,28/03/2016,363.73,USD,396.68
03/10/2012 11:23,JBYSOSLN88604155,Stocks,HPTP65,CMZC67,11248096.37,UYU,3000,11/01/2016,88.16,USD,4377.01
03/10/2012 11:23,TRWUZPAI73643666,Stocks,RJUD59,NXTO39,713050.0,USD,5000,25/01/2013,142.61,USD,131.29
03/10/2012 11:23,XZVLPWGD34280526,Stocks,VESX21,TBVE46,2170107.65,JOD,6000,29/07/2017,135.28,USD,390.74
03/10/2012 11:24,DUTRJYRY08055249,Stocks,SHXQ48,CVMG22,214680.0,USD,3000,23/03/2014,71.56,USD,77.61
03/10/2012 11:24,VVKUDKTN25754465,Misty Seeds,RJCA92,TQSJ85,13023600.0,USD,60000,07/10/2016,217.06,USD,190.06
03/10/2012 11:25,MHWVRDKK93432243,Dry Ethers,HXDA52,CMZC67,142628.0,USD,400,05/04/2013,356.57,USD,311.02
03/10/2012 11:26,ONRPVZTA96345059,Nemean Cestuses,IZLM67,JCWS17,48931.0,USD,100,02/05/2016,489.31,USD,490.76
03/10/2012 11:26,RNRFXNFQ01628780,Stocks,GYWU23,MHFC34,3113100.0,USD,30000,25/10/2015,3019.04,VUV,114.44
03/10/2012 11:26,QHIRDLSV12559021,Stocks,QXFF29,VKMV12,34164.0,USD,400,16/01/2014,85.41,USD,91.32
03/10/2012 11:26,UTLZOYUJ11631736,Stocks,FDWI64,PQSW95,10985.0,USD,500,15/11/2014,21.97,USD,23.31
03/10/2012 11:27,ROFXWIXN43199389,Shrouds of Turin,INIL60,QODV38,61346.0,USD,200,31/12/2014,306.73,USD,348.37
03/10/2012 11:28,HKTDPDOQ48403629,Stocks,FAWI50,WVHK10,212329.78,GEL,500,22/04/2014,101.16,USD,438.56
03/10/2012 11:29,OGNQDQEK35913567,BFG 9000s,QBAP68,QCRG59,52397.93,SYP,100,16/11/2015,118.8,USD,443.36
03/10/2012 11:29,QGTXIUTE73017463,Stocks,MEOQ86,HWHS51,1456070.0,USD,7000,10/04/2013,208.01,USD,227.08
03/10/2012 11:30,CUDWLUEG34368803,Stocks,DDIB11,BMRZ75,175378.0,USD,700,09/05/2016,250.54,USD,281.37
03/10/2012 11:30,RJCHTRRR89134571,Stocks,VXSM31,IJPI82,5139500.0,USD,50000,19/11/2015,102.79,USD,111.28
03/10/2012 11:30,HRNXDUNG05537303,Hi-Potions,GSTD71,PKBF70,14808189.37,MWK,9000,02/09/2013,271.43,USD,1389.23
03/10/2012 11:30,ZNJPHSFL82867606,Stocks,QBVN33,MHFC34,31131.0,USD,300,12/11/2017,103.77,USD,94.54
03/10/2012 11:30,WOVOZAMG22586716,Stocks,VIMV38,INIL60,22260.0,USD,700,19/01/2017,31.8,USD,29.41
03/10/2012 11:31,BFFAKVKS02539869,Stocks,DVVB31,TQSJ85,12595200.0,USD,60000,27/08/2013,209.92,USD,241.5
03/10/2012 11:31,WRYBJSLT30651576,Stocks,GYWU23,BMRZ75,24049334.6,FJD,10000,23/02/2014,250.54,USD,2730.65
03/10/2012 11:31,RDBHNVQM22485622,Snowballs,SBUT62,YSSR29,2998009.79,LYD,5000,24/06/2017,58.22,USD,614.77
03/10/2012 11:31,FVSXYTEU59048192,Deku Sticks,RNZB01,HFLM11,223570.0,USD,500,30/12/2016,447.14,USD,368.71
03/10/2012 11:31,OOPKXNPM58899485,Phoenix Downs,HWHS51,ORQH73,29843.39,CLP,200,07/12/2016,17.23,USD,166.29
03/10/2012 11:32,NWXWJROF29768397,Holy Bones,ZDAI73,IIZF28,202338.0,USD,600,17/09/2015,337.23,USD,348.92
03/10/2012 11:33,JKXSVMYN63935539,Stocks,WYFO79,KRRO64,180075.0,USD,700,14/05/2013,257.25,USD,225.21
03/10/2012 11:33,JQJYYTUB73340049,Hexagonal Crystals,BMRZ75,BBJG05,180248.0,USD,800,13/03/2015,225.31,USD,222.85
03/10/2012 11:33,BKGUPNZN42667967,Dragon Disks,FJOI82,OUNH49,208110.0,USD,600,12/05/2017,346.85,USD,330.53
03/10/2012 11:34,OOIOLHIW44637365,Super Soldier Serums,AHMZ79,YOQG45,1200800.0,USD,10000,01/10/2013,120.08,USD,105.82
03/10/2012 11:34,WAFHKTQT75950978,Gonnes,VESX21,NCYN50,589632.56,RON,6000,10/03/2017,557.89,BDT,101.02
03/10/2012 11:34,ZCHTJBVD33962182,Cloaks of Levitation,CIXF70,NFAH30,353040.0,USD,800,17/06/2014,441.3,USD,530.12
03/10/2012 11:34,XCHUZWES84372022,Gold Pendants,NCCX02,NQJL85,16753500.0,USD,30000,11/01/2016,558.45,USD,574.54
03/10/2012 11:35,DLOTQOPZ94091446,Stocks,SHXQ48,LWGE44,892.0,USD,100,05/04/2013,8.92,USD,8.19
03/10/2012 11:35,VRJETCNS30437833,Don Gero Masks,HWHS51,TFLS35,219590.0,USD,1000,23/05/2013,219.59,USD,186.66
03/10/2012 11:36,ZTZCKLRF20036582,Orcish Ring Mail,TFLS35,VLJL11,103940.0,USD,1000,01/12/2014,103.94,USD,91.3
03/10/2012 11:37,WXJEHUVA84454266,Stalkers,KKZA87,TKVF94,22789500.0,USD,50000,18/10/2014,455.79,USD,404.12
03/10/2012 11:38,TMTYETBW05296036,Stocks,LAUA80,KKGY69,67600.0,USD,500,23/06/2014,135.2,USD,129.81
03/10/2012 11:38,YILKJMUI01550913,Phasers,PQSW95,DGTY64,74196.0,USD,400,30/07/2014,185.49,USD,200.59
03/10/2012 11:38,QNKNUCAX88899351,Blood Dregs,DILF10,MDEQ10,6901178.87,CUC,7000,08/04/2017,745.61,SYP,1016.36
03/10/2012 11:39,IUEGIPFQ41423854,Stocks,FGVK43,CMZC67,440800.0,USD,5000,10/10/2015,88.16,USD,76.76
03/10/2012 11:39,ZTWZJECR63133694,Stocks,QHXJ50,RJUD59,95620.0,USD,7000,07/11/2016,13.66,USD,14.93
03/10/2012 11:40,SYYGYXAN64354156,Rift Crackers,SAAM06,LKPN86,74196.0,USD,600,13/09/2014,123.66,USD,123.78
03/10/2012 11:40,EPUEBSBI86842725,Wings of Icarus,MEOQ86,CVMG22,180009167.68,HTG,80000,30/10/2016,108.41,USD,1925.2
03/10/2012 11:40,NLVNRVYG35780586,Omnigaskets,LWGE44,CBOX52,2611280.0,USD,7000,23/05/2016,373.04,USD,349.8
03/10/2012 11:41,ZQFGZHLU60781765,Chain Wind Staffs,ZELV96,NCYN50,1148122.19,SZL,900,16/05/2016,290.63,USD,1436.5
03/10/2012 11:41,QEQSXKKP64916737,Rings of Increase Damage,SWGF93,ZMLP81,173921254.56,CUC,40000,18/04/2016,745.56,USD,4244.46
03/10/2012 11:41,GFWEFLVQ50638612,Smooth Rocks,QXFF29,VXSM31,3045273.02,AWG,900,14/01/2015,354.85,USD,2993.15
03/10/2012 11:41,ERYNOXBE20923842,Centipedes,QHXJ50,SUOX82,112479.0,USD,300,06/02/2015,374.93,USD,305.56
03/10/2012 11:41,YISNAOTV14490905,Holy Bones,VAHJ53,IIZF28,101169.0,USD,300,29/01/2015,337.23,USD,374.54
03/10/2012 11:42,NQWJHEZG26887207,Decks of Many Things,MEOQ86,UFAY59,2376900.0,USD,9000,09/12/2016,264.1,USD,226.9
03/10/2012 11:42,TRQTFSOH16841468,Stocks,OQXV70,HHOA99,11184.0,USD,800,12/08/2016,13.98,USD,13.77
03/10/2012 11:42,JQRNVTKJ53860339,Stocks,JXGF57,HWJF09,1406230.0,USD,7000,12/03/2017,200.89,USD,178.18
03/10/2012 11:42,FEQZKHXX85310730,Fusion Loaders,YCZA59,HHOA99,8012800.0,USD,40000,19/08/2016,200.32,USD,165.48
03/10/2012 11:42,KSIBUPYW19759560,Stocks,FGQR22,PJKH65,14840.0,USD,800,20/01/2016,18.55,USD,20.13
03/10/2012 11:43,ODWKOGJT38895577,Stocks,VPTI00,SZRJ90,113405.0,USD,500,27/03/2013,226.81,USD,244.73
03/10/2012 11:43,FRXXOJGG80578253,Stocks,HPTP65,VVBY18,2735600.0,USD,70000,07/08/2014,39.08,USD,33.6
03/10/2012 11:43,FBBSNUQX62058647,Stocks,PQSW95,NQJL85,426660.0,USD,6000,23/08/2014,71.11,USD,63.05
03/10/2012 11:43,QPSWCIYQ83487956,Luckstones,VLJL11,VKMV12,41638.0,USD,200,30/09/2014,208.19,USD,233.49
03/10/2012 11:43,YJJNDNZQ12824595,Mocchi Disks,RQGG65,VVBY18,25215.0,USD,300,08/06/2014,84.05,USD,81.69
03/10/2012 11:44,URSXEXSB26147047,Stickers,THJF58,WWNS72,1566480.0,USD,6000,04/06/2013,261.08,USD,238.17
03/10/2012 11:44,ZJDNLQQL26526194,Golden Fleeces,CUVZ50,SWGF93,997380.0,USD,6000,21/12/2014,166.23,USD,182.26
03/10/2012 11:45,ZVJICKKZ24279135,Stocks,QLCE04,YTAI13,113292.0,USD,900,22/05/2014,125.88,USD,122.79
03/10/2012 11:45,YVYRHDZQ22314671,Nuka-cola,CIXF70,VKMV12,1991400.0,USD,60000,31/01/2015,33.19,USD,29.35
03/10/2012 11:46,UXGRCIMY55111429,Water Tablets,MDEQ10,CVMG22,56346.0,USD,600,27/06/2013,93.91,USD,103.66
03/10/2012 11:46,TICBVXGA12875068,Stocks,EPZN28,VVXA11,220619.0,USD,700,07/06/2013,315.17,USD,359.53
03/10/2012 11:46,SLJYDYUF72014501,Stocks,MSHS03,AWYB85,37344.0,USD,300,15/07/2014,124.48,USD,143.63
03/10/2012 11:47,ATGGORWZ13777012,Stocks,PNFK78,SHXQ48,4098500.0,USD,50000,28/11/2016,81.97,USD,94.27
03/10/2012 11:47,WLQQSWKO13290253,Stocks,YOQG45,QHXJ50,523490.88,JOD,2000,23/08/2017,97.9,USD,291.77
03/10/2012 11:48,GZHLWMQP45447916,Lunar Curtains,CVMG22,EPZN28,502770.3,BWP,500,03/01/2014,325.06,USD,1128.87
03/10/2012 11:48,GAJSAFRN49394673,Potions of Oil,KEVJ11,TKVF94,5908.0,USD,200,17/10/2014,29.54,USD,26.26
03/10/2012 11:48,KJJFXHOD04910648,Stocks,PJKH65,MHFC34,41508.0,USD,400,10/02/2014,103.77,USD,114.23
03/10/2012 11:48,MYKQKNKX45486710,Stocks,HNLV68,AWYB85,497920.0,USD,4000,17/07/2013,124.48,USD,106.08
03/10/2012 11:48,OAHOJCXC60867309,Hare Disks,UWUK72,LIIS96,790165.07,FKP,400,20/01/2013,263.55,USD,2153.44
03/10/2012 11:48,WCJVGUQX82976428,Stocks,CMOI26,XRBV61,1398417.3,BGN,70000,30/07/2014,198.78,USD,20.97
03/10/2012 11:49,TPODIPOB31787110,Stocks,HHFP66,KUWI70,1760.0,USD,200,13/05/2014,8.8,USD,8.51
03/10/2012 11:49,IEYOADTW18000590,Rings of Sustain Ability,BBJG05,HNLV68,10014151.87,AZN,8000,29/04/2014,183.63,USD,1349.39
03/10/2012 11:49,JQBJHKAO78129141,Stocks,OUNH49,SUOX82,2646317.81,SCR,4000,15/03/2013,153.87,USD,552.63
03/10/2012 11:49,SXDQTEPB55430073,Air Balloons,BBAX06,ITTS26,12724.0,USD,200,02/09/2015,63.62,USD,58.29
03/10/2012 11:50,RWFWCEGP00297266,Piranha Plants,AGBH66,HNLV68,255785.0,USD,500,08/05/2017,511.57,USD,453.52
03/10/2012 11:50,KNCHBYTY16939474,Stocks,DREA89,VCSF07,7308.0,USD,200,03/08/2013,12.22,XPF,40.43
03/10/2012 11:50,YHBYJVPE72509531,Rings of Protection,VXSM31,RNZB01,35356300.0,USD,70000,05/03/2017,505.09,USD,486.78
03/10/2012 11:50,SLJRIEBH49846664,Adamantium Bars,ZVEN26,LWGE44,166010.0,USD,1000,12/12/2013,166.01,USD,137.71
03/10/2012 11:51,IFKMHLWN07424244,Stocks,TVQQ54,THJF58,26350.0,USD,1000,13/10/2016,26.35,USD,29.17
03/10/2012 11:51,GNQPBHFM95606694,Stocks,MFJJ99,HNLV68,30320.0,USD,500,12/11/2015,60.64,USD,65.49
03/10/2012 11:51,ESKSGCQT59228122,Stocks,KRXZ15,ZNQA84,85520.0,USD,800,20/07/2016,106.9,USD,109.97
03/10/2012 11:51,ZXXBRNZL68826086,Stocks,EKXA24,RFZG50,106336.66,IDR,300,29/12/2016,60.88,USD,401.52
03/10/2012 11:52,AMDQXZDW22413654,Master Balls,FGQR22,DOGG07,95904052.44,BRL,70000,24/08/2015,119.42,USD,1590.74
03/10/2012 11:52,LXMGWBAT90915772,Cainhurt Summons,EDYH00,KEVJ11,721380.0,USD,2000,22/09/2016,360.69,USD,317.08
03/10/2012 11:52,GQMCBJXR33561899,Pym Particles,HFLM11,FORM54,6280.0,USD,500,03/10/2013,12.56,USD,14.29
03/10/2012 11:53,LXUWINEG61875034,Stocks,MFZY76,ZVEN26,13230.0,USD,300,12/05/2014,44.1,USD,43.88
03/10/2012 11:53,AEPQKBXD83620162,Elven Mithril Coats,MFJJ99,SWGF93,16372362.0,EGP,30000,11/01/2014,138.5,USD,585.85
03/10/2012 11:53,QDNNDYET84004845,Stocks,IZLM67,ERHJ34,230087.26,LKR,600,27/07/2013,254.33,USD,466.83
03/10/2012 11:55,OCWZAAYO54040203,Fire Tablets,JZTC69,UIKN63,1924594.56,CVE,700,01/05/2017,224.0,USD,2331.21
03/10/2012 11:56,TIJRXHCO32869574,Stocks,CMZC67,SHXQ48,19670.34,MOP,300,12/01/2017,81.97,USD,71.53
03/10/2012 11:56,PYJGVEUA22910164,Stocks,AMBT33,OKYS51,15708.58,XAF,300,29/11/2013,12.76,USD,43.53
03/10/2012 11:56,JYBYSWCE29506757,Stocks,RNZB01,TFLS35,125837.31,XOF,900,13/06/2015,23.22,USD,146.42
03/10/2012 11:56,SKGLIWVN29370970,Stocks,TVQQ54,WVHK10,40464.0,USD,400,02/08/2013,101.16,USD,87.78
03/10/2012 11:56,ZRKXAJKF23384871,Stocks,UWUK72,ZBIO05,186889.84,CDF,40000,05/05/2014,20.98,USD,5.02
03/10/2012 11:57,CYLUGKCR68258959,Stocks,NCCX02,GGLV00,75360.0,USD,3000,15/09/2016,25.12,USD,21.84
03/10/2012 11:57,OSCOMIMM43184002,Stickers,WVHK10,WWNS72,156648.0,USD,600,18/10/2017,261.08,USD,270.85
03/10/2012 11:57,YELWJAYP77349642,Stocks,TVQQ54,WYFO79,23124.0,USD,300,08/09/2017,77.08,USD,84.44
03/10/2012 11:57,BXSTLRPX91830601,Cloaks of Levitation,ITTS26,NFAH30,176520.0,USD,400,15/06/2016,441.3,USD,506.34
03/10/2012 11:57,THCYCNRW44988755,Turbo Ethers,AHMZ79,VPTI00,1183200.0,USD,30000,21/05/2015,39.44,USD,31.48
03/10/2012 11:58,HASUOMFU92104422,Stocks,VGYT30,JXGF57,8236688.9,SGD,10000,07/07/2013,111.98,USD,878.75
03/10/2012 11:58,MKTQFUTM19156793,Stocks,ZFHD93,GBEZ65,610698.58,ARS,400,25/09/2013,72.66,USD,1380.07
03/10/2012 11:58,DCBETTSM30519061,Stocks,RJCA92,LBKT00,26498.25,LAK,700,19/12/2013,8.84,USD,31.59
03/10/2012 11:58,CEQKIRJH88442624,Saibamen Seeds,PVAZ61,YCZA59,10859200.0,USD,40000,03/10/2015,271.48,USD,312.17
03/10/2012 11:58,OCLTHICE27044424,Redstone Blocks,PKBF70,CAVR54,506756.4,TMM,400,21/12/2016,359.81,USD,1055.74
03/10/2012 11:58,NMTSUUCD93394681,Aether Tanks,DVVB31,TVQQ54,2179800.0,USD,90000,03/10/2013,195.51,MVR,21.56
03/10/2012 11:59,AAEVGMJX21138892,Mjolnirs,MKHA46,FORM54,431928.0,USD,700,01/03/2014,617.04,USD,521.17
03/10/2012 11:59,BTGLGFDN48737592,V-Tamer Taags,UEVD88,RDBE21,12960.0,USD,100,18/09/2016,129.6,USD,109.44
